-1.0661086493179344
-0.5400662794919292
-0.5400662794919292
-0.5310513494337629
-0.5400662794919292
-0.7368568629773994
-0.8075949294340151
-0.5490812095500958
-0.2725376295498433
-0.5490812095500955
-0.5400662794919292
-0.5400662794919292
-0.7368568629773994
-0.5400662794919292
-0.343275696006459
-0.7368568629773994
-0.27253762954984356
-0.2725376295498433
-0.5400662794919292
-0.5400662794919292
-0.7458717930355657
-0.7368568629773994
-0.5400662794919292
-0.7458717930355657
-0.2725376295498433
-0.5400662794919292
-0.3342607659482927
-0.343275696006459
-0.5400662794919292
-0.5310513494337629
-0.5310513494337629
-0.7368568629773994
-0.5400662794919292
-0.8075949294340151
-0.5400662794919292
-0.5490812095500958
-0.27253762954984356
-0.35229062606462536
-0.727841932919233
-0.27253762954984356
-0.343275696006459
-0.343275696006459
-0.5490812095500955
-0.27253762954984356
-0.5310513494337629
-0.8075949294340148
-0.8075949294340151
-0.35229062606462536
-0.5400662794919292
-0.5400662794919292
-0.343275696006459
-0.5400662794919292
-0.5400662794919292
-0.5400662794919292
-0.7368568629773994
-0.343275696006459
-0.5490812095500955
-0.5400662794919292
-0.2725376295498433
-0.27253762954984356
-0.27253762954984356
-0.27253762954984356
-0.5400662794919292
-0.7368568629773994
-0.5400662794919292
-0.8075949294340151
-0.5490812095500955
-0.8075949294340148
-1.0661086493179344
-0.8075949294340151
-0.8075949294340148
-0.5400662794919292
-0.8075949294340151
-0.5400662794919292
-0.7368568629773994
-0.8075949294340148
-0.5400662794919292
-0.5400662794919292
-0.7458717930355657
-0.2725376295498433
-0.2725376295498433
-0.5400662794919292
-0.8075949294340151
-0.7368568629773994
-0.5310513494337629
-0.5400662794919292
-0.27253762954984356
-0.5400662794919292
-0.5400662794919292
-0.5400662794919292
-0.5400662794919292
-0.5490812095500955
-0.5400662794919292
-0.8075949294340148
-0.5400662794919292
-0.5400662794919292
-0.2725376295498433
-0.35229062606462536
-0.5400662794919292
-0.5400662794919292
-0.5400662794919292
-0.27253762954984356
-0.8075949294340151
-0.5400662794919292
-0.343275696006459
-0.5400662794919292
-0.5400662794919292
-0.27253762954984356
-0.5400662794919292
0.004005950450408635
-0.5400662794919292
-0.2725376295498433
-0.27253762954984356
-0.5400662794919292
-0.27253762954984356
-0.343275696006459
-0.5400662794919292
-0.5400662794919292
-0.343275696006459
-0.3342607659482927
-0.5400662794919292
-0.3342607659482927
-0.27253762954984356
-0.5400662794919292
-0.8075949294340151
-0.5400662794919292
-0.8075949294340148
-0.7368568629773994
-0.8075949294340151
-0.5400662794919292
-0.5400662794919292
-0.5310513494337629
-0.7458717930355657
-0.2725376295498433
0.004005950450408635
-0.343275696006459
-0.2725376295498433
-0.5400662794919292
-0.5400662794919292
-0.5400662794919292
-0.5400662794919292
-0.5400662794919292
-0.8075949294340151
-0.8075949294340148
-0.3342607659482927
-1.0661086493179344
-0.7368568629773994
-0.2725376295498433
-0.5400662794919292
-0.7368568629773994
-0.5400662794919292
-0.5400662794919292
-0.5490812095500952
-0.27253762954984356
-0.5400662794919292
-0.5400662794919292
-0.7368568629773994
-0.5400662794919292
-0.5400662794919292
-0.5400662794919292
-0.5490812095500952
-0.5400662794919292
-0.7368568629773994
-0.5400662794919292
-0.5400662794919292
-0.5490812095500952
-0.8075949294340148
-0.727841932919233
-1.0661086493179344
-0.5400662794919292
-0.7368568629773994
-0.5400662794919292
-0.5400662794919292
-0.5400662794919292
-0.5400662794919292
-0.8075949294340148
-0.5490812095500958
-0.2725376295498433
-0.5400662794919292
-0.2725376295498433
-0.5400662794919292
-0.7458717930355657
-0.5400662794919292
-0.3342607659482927
-0.727841932919233
-0.8075949294340148
-0.8075949294340151
-0.5400662794919292
0.004005950450408635
-0.5400662794919292
-0.27253762954984356
-0.343275696006459
-0.5400662794919292
-0.35229062606462536
-0.5400662794919292
-0.5310513494337629
-0.5400662794919292
-0.5490812095500952
-0.5400662794919292
-0.5400662794919292
-0.27253762954984356
-0.343275696006459
-0.8075949294340151
-0.8075949294340148
-0.35229062606462536
-0.5400662794919292
-0.2725376295498433
-0.3342607659482927
-0.8075949294340148
-0.5400662794919292
-0.5400662794919292
-0.5310513494337629
-0.8075949294340148
-0.5400662794919292
-0.5400662794919292
-0.343275696006459
-0.5490812095500955
-0.5400662794919292
-0.5400662794919292
-0.5400662794919292
-0.5400662794919292
-0.35229062606462536
-0.27253762954984356
-0.5400662794919292
-1.0661086493179344
-0.343275696006459
-0.8075949294340151
-0.27253762954984356
-0.5400662794919292
-0.5400662794919292
-0.5400662794919292
-0.5400662794919292
-0.5400662794919292
-0.5490812095500958
-0.5490812095500955
-0.5490812095500955
-0.5400662794919292
-0.8075949294340148
-0.27253762954984356
-0.2725376295498433
-0.5400662794919292
-0.27253762954984356
-0.8075949294340151
-0.5400662794919292
-0.7368568629773994
-0.2725376295498433
-0.5400662794919292
-0.5400662794919292
-0.2725376295498433
-0.5490812095500955
-0.5400662794919292
-0.5400662794919292
-0.2725376295498433
-1.0661086493179344
-0.5400662794919292
-0.5400662794919292
-0.8075949294340151
-0.5400662794919292
-0.343275696006459
-0.7368568629773994
-0.5400662794919292
-0.5400662794919292
-0.5400662794919292
-0.5400662794919292
-1.0661086493179344
-0.5400662794919292
-1.0661086493179344
-0.343275696006459
-0.5400662794919292
-0.5400662794919292
-0.5400662794919292
-0.5400662794919292
-0.5400662794919292
-0.7368568629773994
-0.5400662794919292
-0.343275696006459
-0.5400662794919292
-0.7368568629773994
-0.7368568629773994
-0.8075949294340151
-0.8075949294340148
-0.8075949294340151
-0.5400662794919292
-0.5400662794919292
-0.5400662794919292
-0.5400662794919292
-0.5400662794919292
-0.343275696006459
-0.5400662794919292
-0.5400662794919292
-0.2725376295498433
-0.5400662794919292
-0.5400662794919292
-0.27253762954984356
-0.5490812095500955
-0.7368568629773994
-0.5400662794919292
-0.5400662794919292
-0.5400662794919292
-0.343275696006459
-0.5400662794919292
-0.5400662794919292
0.004005950450408635
-0.2725376295498433
-0.5400662794919292
-0.5400662794919292
-0.8075949294340148
-0.8075949294340148
-0.8075949294340151
-0.5400662794919292
-0.5400662794919292
-0.5400662794919292
-0.7368568629773994
-0.8075949294340151
-0.5490812095500952
-0.727841932919233
-0.2725376295498433
-0.8075949294340151
-0.343275696006459
-0.5400662794919292
-0.5310513494337629
-0.7368568629773994
-0.5400662794919292
0.004005950450408635
-0.5400662794919292
-0.5400662794919292
-0.343275696006459
-0.5490812095500955
-0.5400662794919292
-0.5400662794919292
-1.0661086493179344
-0.5490812095500952
-0.7368568629773994
-0.5400662794919292
-0.8075949294340148
-0.5400662794919292
-0.5400662794919292
-0.5400662794919292
-0.5400662794919292
-0.5490812095500955
-0.5490812095500958
-0.8075949294340148
-0.343275696006459
-0.8075949294340151
-0.7368568629773994
-0.5400662794919292
-0.2725376295498433
-0.2725376295498433
-0.5490812095500958
-0.5400662794919292
-0.5400662794919292
-0.5400662794919292
-0.2725376295498433
-0.5400662794919292
-0.2725376295498433
-0.5400662794919292
-0.8075949294340148
-0.5310513494337629
0.004005950450408635
0.004005950450408635
-0.5400662794919292
-0.8075949294340148
-0.5400662794919292
-0.8075949294340148
-0.5400662794919292
-0.7368568629773994
-0.5400662794919292
-0.5400662794919292
-0.27253762954984356
-0.5400662794919292
-0.5400662794919292
-0.343275696006459
-0.8075949294340151
-0.5400662794919292
-0.7368568629773994
-0.7368568629773994
-0.7368568629773994
-0.8075949294340151
-0.5400662794919292
-0.2725376295498433
-1.0661086493179344
-0.5490812095500955
-0.5400662794919292
-0.7458717930355657
-0.5400662794919292
-0.8075949294340151
-0.2725376295498433
-0.5400662794919292
-0.7458717930355657
-0.8075949294340151
-0.27253762954984356
-0.5400662794919292
-0.27253762954984356
-0.5400662794919292
-0.5400662794919292
-0.8075949294340148
-0.5400662794919292
-0.5400662794919292
-0.7368568629773994
-0.5400662794919292
-0.8075949294340151
-0.3342607659482927
-0.7368568629773994
-0.2725376295498433
-0.5400662794919292
-0.8075949294340151
-0.8075949294340148
0.004005950450408635
-0.5400662794919292
-0.5490812095500955
-0.5400662794919292
-0.5400662794919292
-0.343275696006459
-0.343275696006459
-0.343275696006459
-0.343275696006459
-0.5400662794919292
-0.8075949294340151
-0.8075949294340151
-0.8075949294340148
-0.727841932919233
-0.5400662794919292
-0.8075949294340148
0.004005950450408635
-0.2725376295498433
-0.343275696006459
-0.5400662794919292
-0.2725376295498433
-0.343275696006459
-0.5400662794919292
-0.343275696006459
-0.5400662794919292
-0.3342607659482927
-0.5400662794919292
-0.5400662794919292
-0.5490812095500955
-0.5400662794919292
-0.5490812095500955
-0.27253762954984356
-0.5400662794919292
-0.7368568629773994
-0.8075949294340148
-0.5400662794919292
-0.5400662794919292
0.004005950450408635
-0.5400662794919292
-0.7368568629773994
-0.5400662794919292
-0.727841932919233
-0.2725376295498433
-0.5400662794919292
-0.7368568629773994
0.004005950450408635
-0.5400662794919292
-0.7368568629773994
-0.8075949294340151
-0.8075949294340151
-0.8075949294340151
-0.5400662794919292
-0.27253762954984356
-0.5400662794919292
-0.7368568629773994
-0.5490812095500952
-0.3342607659482927
-0.8075949294340151
-0.5400662794919292
-0.27253762954984356
-0.8075949294340148
-0.5400662794919292
-0.7368568629773994
-0.343275696006459
-0.727841932919233
-0.5400662794919292
-0.5400662794919292
0.004005950450408635
-0.27253762954984356
-0.5400662794919292
-0.5310513494337629
-0.5400662794919292
-0.343275696006459
-0.5400662794919292
-0.5490812095500955
-0.5400662794919292
-0.8075949294340148
-0.5400662794919292
-0.7368568629773994
-0.727841932919233
-0.343275696006459
-0.5400662794919292
-0.5490812095500955
-0.5400662794919292
-0.5310513494337629
-1.0661086493179344
-0.27253762954984356
-0.5490812095500955
-0.5400662794919292
-0.343275696006459
-0.5400662794919292
-0.2725376295498433
-0.5400662794919292
-1.0661086493179344
-1.0661086493179344
-0.27253762954984356
-1.0661086493179344
-0.5490812095500952
-0.343275696006459
-0.5490812095500952
-0.5490812095500952
-0.3342607659482927
-0.5400662794919292
-0.8075949294340148
-0.5400662794919292
-1.0661086493179344
-0.2725376295498433
-0.5490812095500952
-0.35229062606462536
-1.0661086493179344
-0.8075949294340148
-1.0661086493179344
-1.0661086493179344
-0.7368568629773994
-0.8075949294340148
-1.0661086493179344
-0.5490812095500952
-1.0661086493179344
-0.7368568629773994
-1.0661086493179344
-0.8075949294340148
-0.2725376295498433
-1.0661086493179344
-0.5490812095500952
-0.5400662794919292
-1.0661086493179344
-1.0661086493179344
-1.0661086493179344
-0.5400662794919292
-1.0661086493179344
-1.0661086493179344
-0.8075949294340148
-1.0661086493179344
-1.0661086493179344
-0.7368568629773994
-0.8075949294340148
-1.0661086493179344
-0.5490812095500958
-0.2725376295498433
-0.8075949294340151
-0.8075949294340151
-1.0661086493179344
-0.5490812095500958
-0.5490812095500952
0.004005950450408635
-1.0661086493179344
-0.8075949294340151
-0.5490812095500958
-0.727841932919233
-1.0661086493179344
-1.0661086493179344
-1.0661086493179344
-0.5400662794919292
-1.0661086493179344
-0.8075949294340151
-0.5400662794919292
-1.0661086493179344
-0.5400662794919292
-0.5490812095500955
-0.8075949294340151
-1.0661086493179344
-0.7458717930355657
-0.5400662794919292
-0.8075949294340151
-0.8075949294340148
-0.5400662794919292
-0.5400662794919292
-1.0661086493179344
0.004005950450408635
-0.5400662794919292
-1.0661086493179344
-0.8075949294340148
-1.0661086493179344
-1.0661086493179344
-1.0661086493179344
-1.0661086493179344
-0.8075949294340151
-0.8075949294340151
-1.0661086493179344
-1.0661086493179344
-0.7458717930355657
-1.0661086493179344
-0.8075949294340148
-1.0661086493179344
-0.5400662794919292
-0.8075949294340148
-1.0661086493179344
-0.5400662794919292
-1.0661086493179344
-0.5400662794919292
-1.0661086493179344
-1.0661086493179344
-0.8075949294340148
-0.8075949294340151
-0.8075949294340148
-0.8075949294340151
-1.0661086493179344
-1.0661086493179344
-1.0661086493179344
-1.0661086493179344
-0.35229062606462536
-0.5490812095500958
-1.0661086493179344
-0.35229062606462536
-1.0661086493179344
-0.343275696006459
-1.0661086493179344
-1.0661086493179344
-1.0661086493179344
-0.3342607659482927
-0.5490812095500952
-1.0661086493179344
-1.0661086493179344
-1.0661086493179344
-0.8075949294340148
-0.5310513494337629
-0.5310513494337629
-0.5400662794919292
-0.8075949294340148
-0.8075949294340151
-1.0661086493179344
-0.8075949294340148
-0.5310513494337629
-1.0661086493179344
-0.5310513494337629
-0.5310513494337629
-0.8075949294340151
-0.5400662794919292
-0.8075949294340151
-0.5310513494337629
-0.3342607659482927
-0.8075949294340148
-1.0661086493179344
-0.8075949294340148
-1.0661086493179344
-1.0661086493179344
-0.5400662794919292
-0.5490812095500958
-0.5310513494337629
-0.727841932919233
-0.8075949294340151
-1.0661086493179344
-0.727841932919233
-1.0661086493179344
-0.3342607659482927
-1.0661086493179344
-0.8075949294340148
-0.5400662794919292
-0.5400662794919292
-0.5400662794919292
-0.5490812095500958
-0.5310513494337629
-1.0661086493179344
-1.0661086493179344
-1.0661086493179344
-1.0661086493179344
-0.8075949294340151
-0.8075949294340148
-0.8075949294340151
-1.0661086493179344
-0.5490812095500958
-0.8075949294340151
-0.5400662794919292
-1.0661086493179344
-0.8075949294340148
-1.0661086493179344
-1.0661086493179344
-1.0661086493179344
-1.0661086493179344
-1.0661086493179344
-1.0661086493179344
-0.5490812095500952
0.004005950450408635
-0.8075949294340151
-0.727841932919233
-1.0661086493179344
-0.8075949294340148
-1.0661086493179344
-0.5490812095500952
-0.8075949294340151
-1.0661086493179344
-0.2725376295498433
-0.5400662794919292
-0.8075949294340151
-1.0661086493179344
-1.0661086493179344
-0.8075949294340151
-1.0661086493179344
-1.0661086493179344
-0.8075949294340148
-0.27253762954984356
-0.8075949294340151
-0.8075949294340151
-0.8075949294340151
-1.0661086493179344
-1.0661086493179344
-1.0661086493179344
-1.0661086493179344
-1.0661086493179344
-1.0661086493179344
-0.8075949294340151
-1.0661086493179344
-0.8075949294340148
-1.0661086493179344
-0.8075949294340151
-0.8075949294340148
-0.5400662794919292
-1.0661086493179344
-0.5400662794919292
-0.27253762954984356
-1.0661086493179344
-0.8075949294340148
-1.0661086493179344
-0.5400662794919292
-1.0661086493179344
-1.0661086493179344
-1.0661086493179344
-0.8075949294340148
-0.5490812095500952
-1.0661086493179344
-0.5400662794919292
-0.8075949294340151
-1.0661086493179344
-0.5490812095500958
-0.8075949294340151
-0.8075949294340151
-1.0661086493179344
-0.5400662794919292
-0.5400662794919292
-0.5400662794919292
-0.8075949294340151
-1.0661086493179344
-1.0661086493179344
-1.0661086493179344
-1.0661086493179344
-1.0661086493179344
-1.0661086493179344
-0.8075949294340151
-1.0661086493179344
-1.0661086493179344
-0.3342607659482927
-1.0661086493179344
-0.8075949294340148
-1.0661086493179344
-1.0661086493179344
-0.8075949294340148
-1.0661086493179344
-1.0661086493179344
-1.0661086493179344
-0.8075949294340151
-1.0661086493179344
-1.0661086493179344
-0.5490812095500958
-1.0661086493179344
-1.0661086493179344
-0.27253762954984356
-0.8075949294340148
-0.3342607659482927
-1.0661086493179344
-1.0661086493179344
-1.0661086493179344
-0.727841932919233
-0.727841932919233
-0.8075949294340151
-1.0661086493179344
-1.0661086493179344
-1.0661086493179344
-0.8075949294340151
-1.0661086493179344
-0.2725376295498433
-0.5490812095500955
-1.0661086493179344
-0.8075949294340148
0.004005950450408635
-0.5490812095500958
-1.0661086493179344
-0.5310513494337629
-1.0661086493179344
-1.0661086493179344
-0.8075949294340151
-0.5490812095500952
-1.0661086493179344
-1.0661086493179344
-0.5310513494337629
-1.0661086493179344
-0.27253762954984356
-1.0661086493179344
-0.8075949294340151
-0.8075949294340151
-0.8075949294340151
-0.8075949294340151
-1.0661086493179344
-1.0661086493179344
-1.0661086493179344
-0.8075949294340151
-0.3342607659482927
-0.5400662794919292
-1.0661086493179344
-0.8075949294340148
-1.0661086493179344
-1.0661086493179344
-0.8075949294340148
-0.3342607659482927
-1.0661086493179344
-1.0661086493179344
-1.0661086493179344
-0.8075949294340148
-1.0661086493179344
-1.0661086493179344
-1.0661086493179344
-1.0661086493179344
-1.0661086493179344
-1.0661086493179344
-1.0661086493179344
-0.5310513494337629
-1.0661086493179344
-1.0661086493179344
-0.3342607659482927
-1.0661086493179344
-1.0661086493179344
-0.8075949294340151
-0.8075949294340148
-0.3342607659482927
-1.0661086493179344
-0.8075949294340148
-0.8075949294340151
-1.0661086493179344
-1.0661086493179344
-1.0661086493179344
-1.0661086493179344
-0.5400662794919292
-0.727841932919233
-1.0661086493179344
-1.0661086493179344
-0.7368568629773994
-0.5490812095500952
-0.7368568629773994
-1.0661086493179344
-1.0661086493179344
-1.0661086493179344
-0.8075949294340151
-0.8075949294340148
-1.0661086493179344
-0.8075949294340151
-1.0661086493179344
-0.8075949294340151
-1.0661086493179344
-0.5400662794919292
-1.0661086493179344
-0.5400662794919292
-1.0661086493179344
-1.0661086493179344
-0.5490812095500958
-0.727841932919233
-1.0661086493179344
-1.0661086493179344
-1.0661086493179344
-1.0661086493179344
-0.5400662794919292
-1.0661086493179344
-0.8075949294340151
-1.0661086493179344
-1.0661086493179344
-0.8075949294340151
-0.727841932919233
-1.0661086493179344
-1.0661086493179344
-1.0661086493179344
-1.0661086493179344
-1.0661086493179344
-1.0661086493179344
-0.5490812095500952
-1.0661086493179344
-1.0661086493179344
-0.8075949294340151
-0.8075949294340151
-1.0661086493179344
-1.0661086493179344
-1.0661086493179344
-1.0661086493179344
-0.5490812095500952
-0.8075949294340151
-0.8075949294340148
-1.0661086493179344
-1.0661086493179344
-0.5490812095500952
-1.0661086493179344
-0.2725376295498433
-1.0661086493179344
-0.5400662794919292
-1.0661086493179344
-0.8075949294340148
-1.0661086493179344
-1.0661086493179344
-1.0661086493179344
-0.2725376295498433
-1.0661086493179344
-0.27253762954984356
-1.0661086493179344
-1.0661086493179344
-0.7368568629773994
-0.5310513494337629
-0.5400662794919292
-1.0661086493179344
-1.0661086493179344
-0.8075949294340148
-1.0661086493179344
-1.0661086493179344
-0.8075949294340148
-1.0661086493179344
-1.0661086493179344
-0.8075949294340148
-1.0661086493179344
-1.0661086493179344
-1.0661086493179344
-1.0661086493179344
-0.5490812095500952
-1.0661086493179344
-0.343275696006459
-1.0661086493179344
-0.8075949294340148
-0.343275696006459
-0.5400662794919292
-1.0661086493179344
-0.8075949294340148
-0.8075949294340148
-0.8075949294340151
-1.0661086493179344
-1.0661086493179344
-1.0661086493179344
-0.5310513494337629
-0.5400662794919292
-1.0661086493179344
-1.0661086493179344
-1.0661086493179344
-1.0661086493179344
-1.0661086493179344
-1.0661086493179344
-0.5310513494337629
-1.0661086493179344
-1.0661086493179344
-1.0661086493179344
-0.8075949294340148
-1.0661086493179344
-1.0661086493179344
-0.8075949294340148
-0.8075949294340151
-0.5310513494337629
-0.5490812095500952
-1.0661086493179344
-1.0661086493179344
-1.0661086493179344
-1.0661086493179344
-1.0661086493179344
-1.0661086493179344
-1.0661086493179344
-1.0661086493179344
-0.8075949294340151
-1.0661086493179344
-1.0661086493179344
-1.0661086493179344
-1.0661086493179344
-1.0661086493179344
-1.0661086493179344
-1.0661086493179344
-0.5400662794919292
-1.0661086493179344
-1.0661086493179344
-1.0661086493179344
-1.0661086493179344
-0.5490812095500952
-0.8075949294340148
-0.27253762954984356
0.004005950450408635
-1.0661086493179344
-1.0661086493179344
-0.727841932919233
-1.0661086493179344
-0.27253762954984356
-1.0661086493179344
-0.5400662794919292
-1.0661086493179344
-1.0661086493179344
-1.0661086493179344
-1.0661086493179344
-1.0661086493179344
-1.0661086493179344
-0.5400662794919292
-0.8075949294340148
-1.0661086493179344
-1.0661086493179344
-1.0661086493179344
-1.0661086493179344
-1.0661086493179361
-0.8075949294340162
-0.34327569600646013
-0.5400662794919303
-0.8075949294340162
-0.5310513494337642
-0.8075949294340162
-0.8075949294340162
-0.5400662794919303
-0.8075949294340162
-0.34327569600646013
-0.2725376295498443
-0.7368568629774005
-0.5490812095500964
-0.2725376295498443
-0.2725376295498443
-0.8075949294340162
-0.5400662794919303
-0.5400662794919303
-0.8075949294340162
-0.5490812095500964
-0.5400662794919303
-0.5490812095500964
-0.5400662794919303
-0.5400662794919303
-0.34327569600646013
-0.5400662794919303
-0.5310513494337642
-0.8075949294340162
-0.7368568629774005
-0.5400662794919303
-0.8075949294340162
-0.7278419329192344
-0.5400662794919303
-0.7458717930355666
-0.8075949294340162
-0.34327569600646013
-0.7368568629774005
-0.2725376295498443
-0.5400662794919303
-0.8075949294340162
-0.5400662794919303
-0.7368568629774005
-0.5490812095500964
-0.7368568629774005
-0.8075949294340162
-0.5490812095500964
-0.8075949294340162
-0.5400662794919303
-0.34327569600646013
-0.5400662794919303
-0.7278419329192344
-0.34327569600646013
-0.5400662794919303
-0.5400662794919303
-0.7368568629774005
-0.5400662794919303
-0.5400662794919303
-0.5400662794919303
-0.34327569600646013
-0.8075949294340162
-0.34327569600646013
-0.5400662794919303
-0.5400662794919303
-0.2725376295498443
-0.5400662794919303
-0.8075949294340162
-0.8075949294340162
-0.5400662794919303
-0.8075949294340162
0.004005950450407969
-0.5400662794919303
-0.5310513494337642
-0.8075949294340162
-0.5400662794919303
-0.5490812095500964
-0.5490812095500964
-0.8075949294340162
-0.34327569600646013
-0.5400662794919303
-0.8075949294340162
-0.7368568629774005
-0.5490812095500964
-0.7368568629774005
-0.5400662794919303
-0.5400662794919303
-0.7368568629774005
-0.5490812095500964
-0.8075949294340162
-0.8075949294340162
-0.2725376295498443
-0.5400662794919303
-0.5310513494337642
-0.5400662794919303
-0.2725376295498443
-0.5400662794919303
-0.8075949294340162
-0.8075949294340162
-0.8075949294340162
-0.7368568629774005
-0.7458717930355666
-0.5400662794919303
-0.5400662794919303
-0.5400662794919303
-0.5400662794919303
-0.5310513494337642
-0.7368568629774005
-0.34327569600646013
-0.7368568629774005
0.004005950450407969
-0.5490812095500964
-0.8075949294340162
-0.5400662794919303
-0.5400662794919303
-0.2725376295498443
-0.35229062606462624
-0.5400662794919303
-0.5400662794919303
-0.8075949294340162
-0.34327569600646013
-0.34327569600646013
-0.5400662794919303
-0.5400662794919303
-0.7278419329192344
-0.5400662794919303
-0.5400662794919303
-0.5400662794919303
-0.5400662794919303
-0.5400662794919303
-0.7278419329192344
-0.5400662794919303
-0.5400662794919303
-0.5400662794919303
-0.5400662794919303
-0.5400662794919303
-0.35229062606462624
-0.34327569600646013
-0.5400662794919303
-0.8075949294340162
-0.5400662794919303
-0.5400662794919303
-0.2725376295498443
-0.8075949294340162
-0.5400662794919303
-0.5400662794919303
-0.8075949294340162
-0.5400662794919303
-0.8075949294340162
-0.5400662794919303
-0.8075949294340162
-0.5400662794919303
-0.8075949294340162
-0.2725376295498443
-0.5400662794919303
-0.5400662794919303
-0.5310513494337642
-0.2725376295498443
-0.5400662794919303
-0.8075949294340162
-0.35229062606462624
-0.5400662794919303
-0.5400662794919303
-0.2725376295498443
-0.8075949294340162
-0.5400662794919303
-0.5400662794919303
-0.7368568629774005
-0.5400662794919303
-0.5400662794919303
-0.5490812095500964
-0.7278419329192344
-0.2725376295498443
-0.5400662794919303
-0.334260765948294
-0.7278419329192344
-0.5400662794919303
-0.5400662794919303
-0.2725376295498443
-0.5400662794919303
0.004005950450407969
-0.5400662794919303
-0.5400662794919303
-0.2725376295498443
-0.7368568629774005
-0.5400662794919303
-0.5400662794919303
-0.5310513494337642
-0.2725376295498443
-0.2725376295498443
-0.5490812095500964
-0.8075949294340162
-0.334260765948294
-0.5400662794919303
-0.5400662794919303
-0.5490812095500964
-0.5400662794919303
-0.5400662794919303
-0.8075949294340162
-0.5400662794919303
-0.8075949294340162
-0.8075949294340162
-0.8075949294340162
-0.7458717930355666
-0.5490812095500964
-0.2725376295498443
-0.7368568629774005
-0.5400662794919303
-0.5400662794919303
-0.5490812095500964
-0.5400662794919303
-0.5490812095500964
-0.5400662794919303
-0.5400662794919303
-0.5400662794919303
-0.5490812095500964
-0.5490812095500964
-0.2725376295498443
-0.5490812095500964
-0.5400662794919303
-0.2725376295498443
-0.7278419329192344
-0.7368568629774005
-0.5400662794919303
-0.5400662794919303
-0.8075949294340162
-0.7368568629774005
-0.7368568629774005
-0.8075949294340162
-0.2725376295498443
-0.5400662794919303
-0.7458717930355666
-0.2725376295498443
-0.5400662794919303
-0.34327569600646013
-0.5400662794919303
-0.5310513494337642
-0.34327569600646013
-0.5400662794919303
-0.8075949294340162
-0.5400662794919303
-0.5490812095500964
-0.5400662794919303
-0.2725376295498443
-0.2725376295498443
-0.5400662794919303
-0.5400662794919303
-0.5490812095500964
-0.5400662794919303
-0.5400662794919303
-0.8075949294340162
-0.7368568629774005
-0.8075949294340162
-0.34327569600646013
-0.5490812095500964
-0.5490812095500964
-0.5400662794919303
-0.5400662794919303
-0.5400662794919303
-0.5400662794919303
-0.8075949294340162
-0.8075949294340162
-0.5400662794919303
-0.5400662794919303
-0.5400662794919303
-0.2725376295498443
-0.5400662794919303
-0.8075949294340162
-0.5400662794919303
-0.5400662794919303
-0.334260765948294
-0.7368568629774005
-0.5490812095500964
-0.5310513494337642
-0.5400662794919303
-0.5400662794919303
-0.8075949294340162
-0.5400662794919303
-0.334260765948294
-0.8075949294340162
-0.334260765948294
-0.7458717930355666
-0.5400662794919303
-0.5310513494337642
-0.8075949294340162
-0.7368568629774005
-0.2725376295498443
-0.2725376295498443
-0.8075949294340162
-0.5400662794919303
-0.7368568629774005
-0.5490812095500964
-0.5490812095500964
-0.8075949294340162
-0.5400662794919303
-0.2725376295498443
-0.5400662794919303
-0.2725376295498443
-0.8075949294340162
-0.8075949294340162
-0.2725376295498443
-0.5400662794919303
-1.0661086493179361
-0.5400662794919303
-0.35229062606462624
-0.5310513494337642
-0.5400662794919303
-0.5400662794919303
-0.2725376295498443
-0.8075949294340162
-0.5400662794919303
-0.2725376295498443
-1.0661086493179361
-0.5400662794919303
-0.5400662794919303
-0.8075949294340162
-0.7368568629774005
0.004005950450407969
-0.8075949294340162
-0.34327569600646013
-0.34327569600646013
-0.8075949294340162
-0.8075949294340162
-0.5400662794919303
-0.2725376295498443
-0.5400662794919303
-0.7368568629774005
-0.2725376295498443
-0.5400662794919303
-0.2725376295498443
-0.34327569600646013
-0.8075949294340162
-0.8075949294340162
-0.2725376295498443
-0.8075949294340162
-0.2725376295498443
-0.8075949294340162
-0.5400662794919303
-0.5310513494337642
-0.5400662794919303
-0.5400662794919303
-0.5310513494337642
-0.2725376295498443
-0.5310513494337642
-0.5400662794919303
-0.7368568629774005
-0.5400662794919303
0.004005950450407969
-0.5400662794919303
-0.5400662794919303
0.004005950450407969
-0.334260765948294
-0.2725376295498443
-0.5400662794919303
-0.7368568629774005
-0.5490812095500964
-0.2725376295498443
-0.7368568629774005
-0.8075949294340162
-0.2725376295498443
-0.2725376295498443
-0.5400662794919303
-0.5490812095500964
-0.34327569600646013
-0.5400662794919303
-0.8075949294340162
-0.5400662794919303
-0.8075949294340162
-0.5400662794919303
-0.8075949294340162
-0.2725376295498443
-0.5400662794919303
-0.5400662794919303
-0.7278419329192344
-0.5400662794919303
-0.5400662794919303
-0.2725376295498443
-0.5400662794919303
-0.5400662794919303
-0.2725376295498443
-0.35229062606462624
-0.5490812095500964
-0.5400662794919303
-0.5490812095500964
-0.2725376295498443
-0.5400662794919303
-0.34327569600646013
-0.2725376295498443
-0.5400662794919303
-0.8075949294340162
-0.2725376295498443
0.004005950450407969
-0.5400662794919303
-0.5310513494337642
-0.7368568629774005
-0.8075949294340162
-0.5400662794919303
-0.5310513494337642
-0.34327569600646013
-0.2725376295498443
-0.2725376295498443
-0.334260765948294
-0.7368568629774005
-0.34327569600646013
-0.5400662794919303
-0.5400662794919303
-0.8075949294340162
-0.2725376295498443
-0.2725376295498443
-0.7368568629774005
-0.8075949294340162
-0.5400662794919303
-0.34327569600646013
-0.8075949294340162
-0.5400662794919303
-0.5400662794919303
-0.5310513494337642
-0.34327569600646013
-0.5490812095500964
-0.34327569600646013
-0.2725376295498443
-0.2725376295498443
-0.5400662794919303
-0.5400662794919303
-0.5490812095500964
-0.5400662794919303
-0.5400662794919303
-0.5400662794919303
-0.5400662794919303
-0.5400662794919303
-0.2725376295498443
-0.2725376295498443
-0.5400662794919303
-0.8075949294340162
-0.8075949294340162
-0.5400662794919303
-0.5400662794919303
-0.34327569600646013
-0.5400662794919303
-0.5400662794919303
0.004005950450407969
-0.8075949294340162
-0.2725376295498443
-0.34327569600646013
-0.5400662794919303
-0.5400662794919303
-0.5400662794919303
-0.5400662794919303
-0.35229062606462624
-0.8075949294340162
-0.5310513494337642
-0.5400662794919303
-0.5400662794919303
-0.5400662794919303
-0.5400662794919303
-0.5400662794919303
-0.8075949294340162
-0.2725376295498443
-0.2725376295498443
-0.8075949294340162
-0.7368568629774005
-0.2725376295498443
-0.5400662794919303
-0.8075949294340162
-0.334260765948294
-0.34327569600646013
-0.5400662794919303
-0.5400662794919303
-0.8075949294340162
-0.8075949294340162
-0.5310513494337642
-0.2725376295498443
-0.2725376295498443
-0.5400662794919303
-0.5490812095500964
-0.5400662794919303
-0.5400662794919303
0.004005950450407969
-0.8075949294340162
-0.5490812095500964
-0.8075949294340162
-0.2725376295498443
-0.7278419329192344
-0.8075949294340162
-0.8075949294340162
-0.2725376295498443
-0.5490812095500964
-0.35229062606462624
-0.5400662794919303
-0.2725376295498443
-0.2725376295498443
-0.2725376295498443
-0.7458717930355666
-0.8075949294340162
-0.5400662794919303
-0.5400662794919303
-0.7368568629774005
-0.7368568629774005
-0.7458717930355666
-0.5400662794919303
-0.5400662794919303
