0.9999999999999984
-8.673617379884035e-19
-3.4694469519536134e-18
6.727474480272555e-17
0.7071067811865469
-2.42861286636753e-17
-1.474514954580286e-17
1.3010426069826053e-17
-2.7755575615628914e-17
-1.5959455978986625e-16
-4.5102810375396984e-17
-6.938893903907228e-18
1.491862189340054e-16
1.1275702593849246e-17
1.3877787807814457e-17
2.6020852139652106e-18
1.0408340855860843e-16
-1.3877787807814457e-17
7.979727989493313e-17
9.324138683375338e-18
0.9999999999999998
6.071532165918825e-18
-8.673617379884035e-19
-2.081668171172169e-17
7.892991815694472e-17
1.431146867680866e-17
6.938893903907228e-18
-1.249000902703301e-16
1.0928757898653885e-16
1.7780915628762273e-17
1.734723475976807e-17
5.551115123125783e-17
-1.8214596497756474e-17
2.0816681711721685e-17
2.407412430484045e-34
1.3877787807814457e-17
1.8648277366750676e-17
1.0408340855860843e-17
-8.673617379884035e-17
-6.938893903907228e-18
1.474514954580286e-16
-2.2442984970449942e-17
2.0816681711721685e-16
-6.938893903907228e-18
1.0408340855860843e-17
-3.903127820947816e-18
1.8214596497756474e-17
-2.168404344971009e-17
-2.42861286636753e-17
-2.419939248987646e-16
1.6479873021779667e-17
-2.0816681711721682e-17
-6.938893903907228e-17
-2.211772431870429e-17
-2.7755575615628914e-17
-2.0816681711721685e-17
-8.326672684688674e-17
1.7347234759768069e-18
1.1102230246251565e-16
1.734723475976807e-17
6.938893903907228e-18
0.0
-6.158268339717665e-17
1.734723475976807e-17
-2.0816681711721685e-16
3.8163916471489756e-17
3.4694469519536138e-18
3.469446951953614e-18
-2.0816681711721676e-17
-2.7755575615628914e-17
-1.734723475976807e-18
0.0
-3.469446951953614e-17
-7.806255641895632e-18
-3.469446951953614e-18
-1.214306433183765e-17
-5.984795992119984e-17
-6.938893903907228e-18
3.469446951953614e-18
2.5153490401663703e-17
-1.0408340855860843e-17
-1.474514954580286e-17
-2.1382117680737565e-50
-3.9898639947466563e-17
-0.4999999999999999
-5.724587470723463e-17
-1.9949319973733282e-17
-1.734723475976807e-17
2.45029690981724e-17
-3.8163916471489756e-17
-1.4224732503009818e-16
-2.0816681711721685e-17
-8.673617379884035e-19
-8.000781547290373e-34
-5.898059818321144e-17
-6.938893903907228e-18
1.0061396160665481e-16
-1.8735013540549517e-16
-2.081668171172169e-17
-1.3877787807814457e-17
6.938893903907228e-18
-3.469446951953614e-17
-1.734723475976807e-17
-1.5959455978986625e-16
-2.0816681711721685e-17
5.204170427930421e-18
2.2551405187698492e-17
-3.7314892672502554e-34
-2.7755575615628914e-17
-3.382710778154774e-17
2.0816681711721682e-17
5.000488467056481e-35
4.163336342344337e-17
-2.6020852139652106e-18
-6.071532165918825e-18
-6.245004513516506e-17
-6.938893903907228e-18
1.0408340855860843e-17
8.673617379884035e-18
2.42861286636753e-17
2.710505431213761e-17
-2.0816681711721685e-17
-1.734723475976807e-17
-1.734723475976807e-17
1.734723475976807e-18
-3.2959746043559335e-17
-1.214306433183765e-17
-1.9081958235744878e-17
-1.3444106938820255e-16
4.640385298237959e-17
-6.591949208711867e-17
-3.469446951953614e-17
-8.673617379884035e-19
-3.122502256758253e-17
6.591949208711867e-17
7.632783294297951e-17
3.469446951953614e-18
-5.377642775528102e-17
4.336808689942018e-18
5.204170427930421e-18
-1.3877787807814457e-17
1.734723475976806e-17
6.938893903907228e-18
2.0816681711721685e-17
-2.168404344971009e-17
-9.280770596475918e-17
2.7755575615628914e-17
-6.938893903907228e-18
-3.903127820947816e-18
-3.122502256758253e-17
-8.673617379884035e-19
-6.938893903907228e-18
-2.185751579730777e-16
1.9081958235744878e-17
1.3877787807814457e-17
3.144186300207963e-17
-3.122502256758253e-17
6.938893903907228e-18
1.0191500421363742e-17
-3.469446951953614e-18
1.4051260155412137e-16
-6.938893903907224e-18
-1.6046192152785466e-17
1.0408340855860836e-17
-3.382710778154774e-17
-2.7755575615628914e-17
9.085614205428527e-17
-1.474514954580286e-17
1.8041124150158794e-16
-6.938893903907228e-18
-6.9388939039072276e-18
-1.6566609195578508e-16
-2.7755575615628914e-17
4.2500725161431774e-17
1.214306433183765e-17
4.5102810375396984e-17
4.163336342344337e-17
-1.9949319973733282e-17
-1.474514954580286e-16
2.7755575615628914e-17
2.780561357209068e-33
-4.163336342344337e-17
1.734723475976807e-17
-1.2750217548429532e-16
3.8163916471489756e-17
-1.452830911130576e-17
4.33680868994202e-18
-8.673617379884035e-18
1.3010426069826053e-18
-3.122502256758253e-17
-6.938893903907228e-18
-1.0191500421363742e-17
-4.423544863740858e-17
5.551115123125782e-17
2.42861286636753e-17
6.938893903907228e-18
-6.938893903907227e-18
1.3877787807814457e-17
1.7347234759768068e-17
-1.214306433183765e-17
3.122502256758253e-17
3.2959746043559335e-17
-2.0816681711721685e-17
1.734723475976807e-18
3.382710778154774e-17
-6.591949208711867e-17
2.42861286636753e-17
5.204170427930421e-18
4.5102810375396984e-17
-2.0816681711721688e-17
-2.2451223564774443e-49
-5.724587470723463e-17
2.7755575615628914e-17
1.734723475976807e-18
3.729655473350135e-17
9.71445146547012e-17
-1.0408340855860843e-16
1.2750217548429532e-16
6.071532165918826e-18
8.239936510889834e-18
-1.3877787807814457e-17
-3.989863994746657e-17
1.3791051634015616e-16
-1.2663481374630692e-16
6.9388939039072276e-18
-1.7347234759768068e-17
1.214306433183765e-17
2.7755575615628914e-17
-4.911435841359335e-17
1.9949319973733282e-17
-2.0816681711721685e-17
-4.2500725161431774e-17
-5.551115123125783e-17
-3.8163916471489756e-17
3.469446951953614e-17
-7.15573433840433e-18
6.245004513516506e-17
1.3010426069826053e-17
7.979727989493313e-17
1.9949319973733282e-17
4.336808689942018e-18
-1.0408340855860843e-17
-8.673617379884035e-18
7.806255641895632e-18
-2.2551405187698492e-17
-2.77555756156289e-17
5.854691731421724e-17
-3.382710778154774e-17
1.3010426069826053e-17
-2.970713952610282e-17
1.5959455978986625e-16
-1.3877787807814457e-17
-8.023096076392733e-17
-1.3877787807814457e-17
-5.2258544713801314e-17
0.9999999999999988
1.8214596497756474e-17
-9.86623976961809e-18
-8.239936510889834e-17
1.6479873021779667e-17
-8.673617379884035e-18
-1.708702623837155e-16
-6.938893903907228e-18
-1.734723475976807e-17
1.734723475976807e-18
6.938893903907228e-18
-6.41463530422127e-50
-2.168404344971009e-18
3.382710778154774e-17
4.336808689942018e-18
8.673617379884035e-18
0.7071067811865466
0.4999999999999994
1.8214596497756474e-17
2.7755575615628914e-17
-4.85722573273506e-17
1.387778780781446e-17
-2.0556473190325164e-16
8.586881206085195e-17
-9.540979117872439e-18
-1.3877787807814457e-17
-6.678685382510707e-17
-3.177264281287133e-35
-9.540979117872439e-18
-1.734723475976807e-18
1.5888922041194696e-33
-2.42861286636753e-17
-4.163336342344337e-17
8.239936510889834e-18
2.0816681711721685e-17
-3.122502256758253e-17
8.464008767664197e-34
1.734723475976807e-17
-1.734723475976807e-18
4.163336342344337e-17
4.597017211338539e-17
-1.734723475976807e-17
-6.938893903907228e-18
-0.9999999999999992
-6.245004513516506e-17
-2.168404344971009e-17
1.3639263329867646e-16
5.854691731421724e-18
-1.3010426069826053e-17
-8.673617379884035e-18
0.0
2.3418766925686896e-17
4.163336342344337e-17
-7.19910242530375e-17
5.20417042793042e-17
0.0
-8.673617379884035e-19
-3.2959746043559335e-17
8.673617379884035e-17
6.938893903907228e-18
-1.942890293094024e-16
-9.80118763926896e-17
5.204170427930421e-17
2.7755575615628914e-17
1.6653345369377348e-16
-9.71445146547012e-17
-8.847089727481716e-17
-1.0408340855860843e-17
8.673617379884035e-19
-5.204170427930421e-18
-3.469446951953614e-18
2.42861286636753e-17
8.673617379884034e-18
6.9388939039072276e-18
3.851859888774473e-34
1.2793585635328952e-17
2.7755575615628914e-17
1.5612511283791264e-17
0.0
-5.204170427930421e-18
3.642919299551295e-17
3.469446951953614e-18
-1.3010426069826053e-17
-3.816391647148975e-17
6.938893903907228e-18
-2.0816681711721685e-17
1.214306433183765e-16
4.2500725161431774e-17
1.7347234759768074e-17
2.0816681711721685e-17
2.0816681711721685e-17
1.0625181290357943e-17
1.2576745200831851e-17
-2.992397996059992e-17
2.7755575615628914e-17
-1.5525775109992423e-16
-0.9999999999999996
1.734723475976807e-18
-1.3877787807814457e-17
-4.336808689942018e-18
-1.3877787807814466e-17
-1.734723475976807e-18
-2.255140518769849e-16
4.5319650809894085e-17
9.367506770274758e-17
9.62964972193617e-35
2.862293735361732e-17
2.42861286636753e-17
-1.040834085586084e-17
-3.469446951953614e-17
1.734723475976807e-18
2.0816681711721685e-17
-2.6020852139652106e-17
-3.9898639947466563e-17
6.938893903907231e-18
-5.204170427930421e-18
-5.204170427930421e-17
-3.469446951953614e-18
-8.326672684688674e-17
-1.8561541192951836e-16
5.2475385148298415e-17
-0.7071067811865468
-1.8214596497756474e-17
-2.0816681711721685e-17
0.0
2.7755575615628914e-17
-2.7755575615628907e-17
1.1102230246251565e-16
1.0408340855860843e-17
2.0816681711721685e-17
-1.7347234759768068e-17
4.163336342344337e-17
-6.071532165918825e-18
-2.6020852139652106e-17
-1.3010426069826053e-17
-6.938893903907228e-18
-3.469446951953614e-18
1.214306433183765e-17
-1.3877787807814457e-16
3.4694469519536126e-18
-4.336808689942018e-18
4.85722573273506e-17
1.9949319973733282e-17
-5.551115123125783e-17
1.734723475976807e-17
3.469446951953614e-18
5.204170427930421e-17
0.9999999999999998
-3.968179951296946e-17
-4.336808689942018e-18
-1.3010426069826053e-17
1.7997756063259374e-17
-4.85722573273506e-17
2.2551405187698492e-17
-3.8163916471489756e-17
2.3592239273284576e-16
-6.071532165918825e-18
-6.938893903907228e-17
-3.7513395167998453e-17
-1.3877787807814457e-17
-3.469446951953614e-18
-2.0816681711721685e-17
-3.469446951953614e-18
0.0
8.586881206085195e-17
1.3183898417423734e-16
-1.2836953722228372e-16
-1.0408340855860843e-17
1.3877787807814457e-17
-1.0148132334464322e-16
1.6306400674181987e-16
8.552847072295026e-50
-2.1141942363467336e-18
-3.469446951953614e-18
3.469446951953614e-18
-1.734723475976807e-17
-1.734723475976807e-17
9.82287168271867e-17
-1.474514954580286e-17
-2.7755575615628914e-17
-3.469446951953614e-18
1.1275702593849246e-17
-1.734723475976807e-17
-3.122502256758253e-17
2.0816681711721685e-17
-1.0408340855860843e-17
-1.5265566588595902e-16
4.3151246464923076e-17
3.469446951953614e-18
-1.474514954580286e-17
-3.9898639947466563e-17
-1.0408340855860843e-17
-2.7755575615628914e-17
1.3877787807814457e-17
2.688821387764051e-17
7.632783294297951e-17
1.3877787807814457e-17
-4.9439619065339e-17
1.6479873021779667e-17
-0.9999999999999993
6.0715321659188256e-18
1.0408340855860843e-17
-1.8214596497756474e-17
6.938893903907228e-18
5.204170427930421e-18
2.0383000842727483e-17
-8.673617379884035e-18
3.469446951953614e-18
-2.4286128663675305e-17
3.469446951953614e-18
-1.0408340855860843e-17
1.691355389077387e-17
3.382710778154774e-17
-2.47198095326695e-17
1.734723475976807e-17
2.959871930885427e-17
-0.7071067811865464
-6.23416249179165e-17
3.469446951953614e-17
-1.0408340855860843e-17
2.7755575615628907e-17
0.707106781186547
-4.9439619065339e-17
-2.0816681711721685e-17
-6.071532165918825e-18
4.336808689942018e-17
7.28583859910259e-17
5.724587470723463e-17
6.505213034913027e-17
2.7755575615628914e-17
-3.2959746043559335e-17
4.336808689942018e-18
-3.382710778154774e-17
-1.249000902703301e-16
-1.734723475976807e-18
4.248847104521525e-34
-1.734723475976807e-17
-1.734723475976807e-17
1.6479873021779667e-17
6.938893903907228e-18
3.382710778154774e-17
7.632783294297951e-17
-3.469446951953614e-17
5.551115123125783e-17
-3.5561831257524545e-17
3.469446951953614e-18
-2.6020852139652106e-17
9.540979117872439e-17
-4.9873299934333204e-17
-1.491862189340054e-16
-0.9999999999999987
6.938893903907228e-17
-2.0816681711721685e-17
2.862293735361732e-17
-3.469446951953614e-18
-2.4286128663675296e-17
1.2923689896027213e-16
0.9999999999999996
0.9999999999999996
-1.8735013540549517e-16
-2.949029909160572e-17
-2.0816681711721685e-17
1.2836953722228372e-16
0.9999999999999992
-9.519295074422729e-17
-1.0581813203458523e-16
-1.3877787807814457e-16
-2.42861286636753e-17
8.413408858487514e-17
2.7755575615628914e-17
4.163336342344335e-17
1.5959455978986625e-16
0.9999999999999996
-8.673617379884035e-18
-4.163336342344337e-17
-1.682681771697503e-16
-1.5265566588595902e-16
0.9999999999999993
-9.71445146547012e-17
-2.6020852139652106e-17
-5.551115123125783e-17
-2.220446049250313e-16
-0.9999999999999992
1.3877787807814457e-17
3.469446951953614e-17
-3.4694469519536138e-18
4.163336342344337e-17
5.377642775528102e-17
-1.249000902703301e-16
2.42861286636753e-16
-3.122502256758253e-17
5.551115123125783e-17
-1.734723475976807e-18
-1.457167719820518e-16
-1.7694179454963432e-16
-7.025630077706069e-17
-1.3877787807814455e-17
-2.1510571102112408e-16
2.654126918244515e-16
1.6588293239028218e-16
1.0408340855860843e-17
-1.3877787807814457e-17
-1.3183898417423734e-16
3.8163916471489756e-17
0.9999999999999993
-8.673617379884033e-19
-2.7755575615628914e-17
0.9999999999999994
-7.979727989493313e-17
6.938893903907228e-18
3.469446951953614e-18
-2.0816681711721685e-16
-6.245004513516506e-17
5.551115123125783e-17
1.700029006457271e-16
2.7755575615628904e-17
2.498001805406602e-16
-0.9999999999999992
0.9999999999999997
-1.5265566588595902e-16
-0.999999999999999
0.9999999999999986
-0.9999999999999987
-0.9999999999999998
2.6020852139652106e-17
-0.999999999999999
-0.9999999999999997
0.999999999999999
1.0408340855860843e-17
-0.9999999999999998
-3.469446951953614e-18
3.469446951953614e-18
-0.9999999999999989
-0.9999999999999991
0.9999999999999989
1.734723475976807e-18
5.095750210681871e-18
-0.9999999999999992
-0.9999999999999992
-0.9999999999999997
-0.9999999999999989
-2.5587171270657905e-17
1.700029006457271e-16
-0.9999999999999991
-0.9999999999999984
-1.249000902703301e-16
-2.0122792321330962e-16
-0.9999999999999998
-1.040834085586084e-17
-0.9999999999999996
5.000488467056483e-35
-0.9999999999999989
8.326672684688674e-17
-0.9999999999999997
-0.9999999999999997
-1.700029006457271e-16
-0.9999999999999989
1.2836953722228372e-16
-3.8163916471489756e-17
-0.9999999999999997
0.9999999999999986
-0.999999999999999
-0.999999999999999
-0.9999999999999996
1.8561541192951836e-16
-2.7755575615628914e-17
0.9999999999999991
0.9999999999999987
-0.9999999999999996
-0.9999999999999992
1.734723475976807e-17
-0.9999999999999997
1.734723475976807e-16
-0.9999999999999983
0.9999999999999997
-0.999999999999999
-0.9999999999999988
1.734723475976807e-18
-1.3877787807814457e-17
-2.7755575615628914e-17
0.9999999999999993
-0.9999999999999999
5.811323644522304e-17
0.9999999999999998
-0.9999999999999999
0.9999999999999992
0.9999999999999989
1.6306400674181987e-16
-0.9999999999999997
0.9999999999999996
-0.9999999999999997
-0.9999999999999994
-0.9999999999999998
-6.765421556309548e-17
-1.6479873021779667e-16
0.9999999999999997
-8.857931749206571e-17
1.1492543028346347e-17
0.999999999999999
0.9999999999999987
-4.163336342344337e-17
0.9999999999999996
0.9999999999999987
0.9999999999999999
-2.7755575615628914e-17
0.9999999999999994
-0.999999999999999
-0.9999999999999992
-3.122502256758253e-17
-1.3183898417423734e-16
-0.9999999999999991
-0.9999999999999998
0.9999999999999996
-0.9999999999999996
-0.9999999999999996
-0.9999999999999999
0.9999999999999986
-1.3877787807814457e-17
-0.9999999999999999
2.8189256484623115e-18
-2.0469737016526324e-16
-0.9999999999999988
3.469446951953614e-17
0.9999999999999994
0.9999999999999996
-0.9999999999999988
-3.599551212651875e-17
0.9999999999999997
0.9999999999999997
-0.999999999999999
-0.9999999999999996
-0.9999999999999997
-0.9999999999999999
-3.122502256758253e-17
0.9999999999999999
0.9999999999999997
0.9999999999999998
-0.9999999999999992
1.474514954580286e-17
-0.9999999999999997
-0.9999999999999986
-0.9999999999999998
-0.9999999999999997
-0.9999999999999993
0.9999999999999988
-2.740863092043355e-16
-0.9999999999999998
3.8163916471489756e-17
-0.9999999999999988
-0.9999999999999992
-0.9999999999999991
6.938893903907228e-18
-9.540979117872439e-18
1.0408340855860843e-17
0.9999999999999992
0.9999999999999989
-1.3183898417423734e-16
-0.9999999999999996
0.9999999999999998
0.9999999999999998
0.9999999999999993
-2.7755575615628914e-16
1.3877787807814457e-16
5.551115123125783e-17
-0.9999999999999986
-0.9999999999999998
4.553649124439119e-18
1.7105694144590052e-49
0.9999999999999997
-0.9999999999999996
1.8561541192951836e-16
-0.9999999999999996
0.0
0.9999999999999989
-1.6479873021779667e-17
0.9999999999999998
-0.9999999999999991
-0.9999999999999987
-0.999999999999999
0.9999999999999991
0.9999999999999986
1.3530843112619095e-16
0.9999999999999998
1.214306433183765e-16
-0.9999999999999993
-1.7607443281164592e-16
4.683753385137379e-17
0.9999999999999997
1.3877787807814457e-17
-0.9999999999999993
-1.0408340855860844e-17
-0.9999999999999997
-0.9999999999999992
-0.9999999999999998
2.220446049250313e-16
-0.9999999999999997
0.9999999999999999
-0.9999999999999999
-0.9999999999999998
0.9999999999999992
-0.9999999999999997
-0.9999999999999989
5.204170427930421e-17
-0.9999999999999993
-0.9999999999999999
-0.9999999999999989
-0.9999999999999994
0.9999999999999994
0.999999999999999
4.163336342344337e-17
0.9999999999999994
1.0408340855860843e-17
0.9999999999999996
3.469446951953614e-18
-3.469446951953614e-18
-0.9999999999999998
-0.9999999999999996
-0.9999999999999993
0.9999999999999998
6.938893903907228e-18
8.673617379884035e-19
0.9999999999999997
-9.71445146547012e-17
-0.9999999999999998
1.0408340855860843e-17
0.9999999999999998
1.734723475976807e-16
0.9999999999999987
0.9999999999999993
3.8163916471489756e-17
-2.0469737016526324e-16
-0.9999999999999996
8.153200337090993e-17
-0.9999999999999999
-0.9999999999999999
-0.9999999999999997
0.9999999999999991
0.9999999999999998
7.28583859910259e-17
-0.9999999999999998
-0.9999999999999997
-6.938893903907228e-18
-1.6653345369377348e-16
0.9999999999999997
-0.9999999999999993
-0.9999999999999997
-1.0755285551056204e-16
1.6046192152785466e-16
-1.1622647289044608e-16
0.9999999999999996
-0.9999999999999996
1.0408340855860843e-16
-0.9999999999999986
-0.9999999999999997
0.9999999999999997
-0.9999999999999996
0.9999999999999999
-0.9999999999999997
-0.9999999999999991
-0.9999999999999999
-0.9999999999999999
-0.9999999999999998
0.999999999999999
-0.9999999999999993
0.9999999999999998
-0.9999999999999998
8.673617379884024e-19
0.9999999999999998
0.9999999999999997
-0.9999999999999993
-0.9999999999999998
0.9999999999999999
3.8163916471489756e-17
-0.9999999999999997
-0.9999999999999996
2.0209528495129803e-16
0.7071067811865467
-0.9999999999999997
-1.0690233420707074e-16
-0.9999999999999997
0.9999999999999988
-0.9999999999999994
-0.9999999999999993
-0.9999999999999998
-0.9999999999999997
-9.71445146547012e-17
-0.9999999999999996
-0.9999999999999991
-0.9999999999999998
1.1449174941446927e-16
-0.9999999999999988
0.9999999999999994
-4.163336342344337e-17
0.9999999999999999
1.0061396160665481e-16
0.9999999999999997
-0.9999999999999996
0.9999999999999994
-0.9999999999999998
-1.1188966420050406e-16
-0.9999999999999987
-8.326672684688674e-17
1.6653345369377348e-16
0.9999999999999992
-1.951563910473908e-16
0.9999999999999996
2.480654570646834e-16
-0.9999999999999996
0.9999999999999986
0.9999999999999993
-0.9999999999999996
-0.9999999999999996
-0.9999999999999997
0.9999999999999999
-0.999999999999999
-0.9999999999999996
-0.9999999999999997
1.1102230246251565e-16
2.38524477946811e-16
1.942890293094024e-16
0.9999999999999991
0.9999999999999998
-0.9999999999999998
2.211772431870429e-16
0.999999999999999
1.9949319973733282e-17
0.9999999999999991
-0.9999999999999986
-1.0408340855860843e-17
0.9999999999999988
4.0766001685454967e-17
-0.9999999999999993
-0.9999999999999996
2.2551405187698492e-17
-1.734723475976807e-16
-1.0
-0.9999999999999997
-0.9999999999999998
0.9999999999999998
-0.9999999999999989
-0.9999999999999987
-0.9999999999999996
-0.9999999999999998
-0.9999999999999998
0.9999999999999983
0.9999999999999997
-0.9999999999999984
-0.9999999999999997
-1.6479873021779667e-17
-0.9999999999999996
-0.9999999999999996
-1.1102230246251565e-16
-0.9999999999999971
2.2551405187698492e-17
-0.9999999999999996
-0.9999999999999991
0.7071067811865469
-0.9999999999999996
-0.9999999999999991
6.505213034913027e-17
-6.938893903907228e-18
-0.9999999999999989
-0.9999999999999986
-0.9999999999999997
1.214306433183765e-16
-0.9999999999999997
-0.9999999999999997
-0.9999999999999988
-0.9999999999999998
-0.9999999999999992
-0.9999999999999977
0.999999999999999
-0.9999999999999988
-0.999999999999999
-0.9999999999999998
-0.9999999999999997
-0.9999999999999993
-0.9999999999999996
0.9999999999999998
-0.9999999999999996
7.37257477290143e-18
-0.9999999999999991
-0.9999999999999998
0.9999999999999993
0.9999999999999992
-0.9999999999999994
-0.9999999999999991
-0.9999999999999993
0.9999999999999999
0.999999999999999
3.122502256758253e-17
-0.9999999999999993
0.9999999999999997
-0.9999999999999996
-0.999999999999999
0.999999999999999
-3.903127820947816e-18
-0.9999999999999999
0.9999999999999989
-0.9999999999999998
0.9999999999999997
-0.9999999999999996
-0.9999999999999993
0.9999999999999991
-0.9999999999999999
-0.9999999999999997
-0.9999999999999993
2.168404344971009e-17
1.2576745200831851e-17
4.163336342344337e-17
4.0766001685454967e-17
1.734723475976807e-18
0.9999999999999996
-0.9999999999999994
-0.9999999999999998
-0.9999999999999996
0.9999999999999998
0.9999999999999997
3.122502256758253e-17
0.9999999999999994
-0.9999999999999998
-0.9999999999999984
0.9999999999999999
-0.9999999999999996
-0.999999999999999
-1.3183898417423734e-16
-9.540979117872439e-18
-4.0626023593401374e-49
-0.9999999999999997
0.9999999999999991
0.9999999999999998
-0.9999999999999998
-1.8388068845354155e-16
-0.9999999999999987
-1.5265566588595902e-16
-0.9999999999999998
-0.9999999999999997
0.9999999999999998
-0.9999999999999997
-0.9999999999999997
7.632783294297951e-17
-0.9999999999999999
0.9999999999999998
-1.491862189340054e-16
-6.938893903907228e-18
