-1.5255390850783326
-1.598497130405268
-1.6166616991658302
-1.5023118795418409
-1.520548883578737
-1.5311324729565086
-1.5181990034081627
-1.5775476943345095
-1.6040718064588817
-1.5362051580275349
-1.5549028632775999
-1.4956132760094625
-1.5320106275611578
-1.5342322217857132
-1.5896781165090803
-1.560750885178107
-1.547495140129119
-1.5605518499025228
-1.6072273007734044
-1.4850452532232294
-1.6066515316442609
-1.5638792961749646
-1.605899012335791
-1.321871783913417
-1.6403424116645313
-1.531018437165478
-1.5760671707334728
-1.5367228698053412
-1.610526580392711
-1.5408854019121883
-1.5075852898373365
-1.5313616698935575
-1.5566531195097095
-1.483619694190994
-1.562090164823445
-1.5246356690845335
-1.4718028257079756
-1.639058438692067
-1.6976865028366337
-1.5684267642840681
-1.4938511915495094
-1.5661641385593947
-1.577601016955796
-1.753068397148526
-1.5535695405058472
-1.568871769541242
-1.5813135860674357
-1.532095489146688
-1.635699482906774
-1.5988211766959073
-1.5397511725476654
-1.4829617976212823
-1.60269280300247
-1.4935710596641147
-1.5125570660403964
-1.593061314685365
-1.6535324389618964
-1.5000494279486496
-1.4895391061059957
-1.316378094389218
-1.556154281671954
-1.635583680955893
-1.610673991703996
-1.6138027998792488
-1.5580729538745288
-1.572586027527287
-1.6438338322901838
-1.5044292852966903
-1.526725247406604
-1.5891340342118498
-1.5744131530344476
-1.4938673852124462
-1.5564170442907588
-1.5707390052551133
-1.647632416334674
-1.5373361634809228
-1.6884434058013875
-1.5412502511292479
-1.5254183109799633
-1.5977485321192662
-1.5829216703160895
-1.6423816856646982
-1.532659109994459
-1.5080836734277794
-1.6618916391539296
-1.4994141838405675
-1.5919988085130092
-1.6185840177887774
-1.5357730114841304
-1.5167571350419689
-1.5291680905936795
-1.6474058336413195
-1.5594356963594893
-1.5365034401526634
-1.573306695740957
-1.7653668725074572
-1.4836937952978886
-1.3906745933853757
-1.5450375077098277
-1.5704268918693334
-1.5000984981665182
-1.564180083418906
-1.648438663274352
-1.5471214644638076
-1.5385228168202874
-1.6226458252448546
-1.6570024997164232
-1.5706375495190161
-1.5096770173306422
-1.464544471982689
-1.518233753382788
-1.5776279861150124
-1.5916020914592601
-1.463735476269886
-1.5453795825069512
-1.5846489683095073
-1.5499143022835726
-1.5831319226994824
-1.5947718191241043
-1.5262622724225592
-1.4142271001477416
-1.6291206362347737
-1.6713022739662597
-1.640547651756283
-1.555915613617009
-1.6348552475096563
-1.5507425431288113
-1.487284209548736
-1.543926628530225
-1.5365756749511048
-1.5446924129187343
-1.536179709589089
-1.5323399920966074
-1.4011479880136934
-1.532437699956939
-1.544191136884137
-1.6408370405154344
-1.4739717569494375
-1.5202259476446938
-1.5753571273394789
-1.5007436222948543
-1.6490606240988375
-1.5400458662227194
-1.621113364108854
-1.546989414884763
-1.4442946157385204
-1.4937064600161656
-1.6795973102999855
-1.5590513489096782
-1.6495805001394142
-1.5240583601325945
-1.564001493947532
-1.5163971233585887
-1.455410224664111
-1.6538124847745603
-1.4190994249254603
-1.5716676244720729
-1.5157090854804913
-1.4548337844195367
-1.6476414466749554
-1.454113564781574
-1.4867508252091812
-1.5514298571164042
-1.5262420758195439
-1.5448411622406777
-1.504846560623828
-1.563111632750764
-1.5882423460281108
-1.6220831473592665
-1.5815908855357423
-1.5523355974138462
-1.559721093888554
-1.5370094977595588
-1.5531454789425427
-1.5565086225827458
-1.7748429202031395
-1.464122320589734
-1.5721157507162369
-1.700828690454538
-1.5675128835009686
-1.3090062918844403
-1.6523028045897852
-1.5386732718142966
-1.5546349246112543
-1.654666220041844
-1.5718984375786955
-1.5732139858662064
-1.5194104680396432
-1.5641091697958656
-1.5313684854479575
-1.64792606241314
-1.4870663693102486
-1.4375850709871805
-1.5746475885441553
-1.5667014332073923
-1.5027543182664447
-1.569578862218426
-1.554654248968904
-1.6021099289927272
-1.5679794653022467
-1.447418476000386
-1.629461731035264
-1.3364672216347007
-1.4980665605677372
-1.6947330188241736
-1.624363235086237
-1.5590342024462367
-1.4320436612577923
-1.5257355546486888
-1.5758552254619298
-1.5566691677011821
-1.4986015942637363
-1.5444686810431185
-1.7784587770863332
-1.6190160156463174
-1.4556973651638074
-1.4694380271564373
-1.643282313672521
-1.5383846839101576
-1.4319683739500668
-1.577709827763035
-1.6063099674732837
-1.7182924241410822
-1.5556646913909131
-1.4933296636807252
-1.3042574182593025
-1.684783337586114
-1.4996296627988226
-1.5502553454111196
-1.5401108217452388
-1.576665542810138
-1.5417747454735404
-1.5493859847778992
-1.5368637431358265
-1.4949593203649298
-1.586854239674306
-1.5553537319576836
-1.5814074579243305
-1.563921374404031
-1.477997442792479
-1.5715765514670168
-1.4877262685112127
-1.5948068018917643
-1.4951773442422671
-1.48087154964744
-1.551335862260868
-1.5595282307999847
-1.4346840393414673
-1.5902544476044551
-1.5597084160753032
-1.5806203074995482
-1.533797334841545
-1.603193410401261
-1.438740513600567
-1.5560067236515405
-1.5739579352783912
-0.7460825882396307
-1.528934218243767
-1.6044801875012134
-1.6891023374238987
-1.548113758129332
-1.4993412480878705
-1.6139362549319198
-1.524550098451451
-1.5894758439114351
-1.5749385843504564
-1.553709320136114
-1.5931075887104589
-1.5479233737459688
-1.7244434124284913
-1.6009672885763302
-1.5859991898314703
-1.5655224056993742
-1.68419691760274
-1.543066315127323
-1.465599880881189
-1.5209981505761756
-1.5484247790893613
-1.6435519517773667
-1.5839681487160413
-1.587795722607352
-1.57310315542943
-1.5416133882971583
-1.4532430050947776
-1.5472063149913837
-1.4945579338491237
-1.5934002621797037
-1.3889255090957628
-1.3973015883951678
-1.6412366657338584
-1.5615289534244536
-1.6745928427865184
-1.4895619377120686
-1.7175771331730596
-1.4497436434331932
-1.5402511860209587
-1.5851657080946486
-1.6444366899941851
-1.463552351188361
-1.5503053892127192
-1.5697472961356156
-1.470579825782417
-1.4905171105800168
-1.5400221454870264
-1.532833701652434
-1.5703232417084152
-1.581835324073705
-1.5419873766532972
-1.5786727028798264
-1.595737587727886
-1.664438997206667
-1.5461030486533969
-1.5362633001957025
-1.6306930631808552
-1.7548728880184852
-1.6035598770198431
-1.5109603847992021
-1.5634606565827607
-1.5998366866804212
-1.443997929232141
-1.4778803067726978
-1.5645391687801107
-1.7169599914252713
-1.5387726710344594
-1.4844053055477935
-1.578318171696969
-1.6117083122446427
-1.4476287509535193
-1.6333817552044367
-1.6623744771098936
-1.7644184457012884
-1.5474446923204632
-1.506731757722911
-1.5534590551300562
-1.5104051864038426
-1.510736232373998
-1.426861923705887
-1.4614849588877985
-1.4012449732719192
-1.5437156012388997
-1.5011969130724943
-1.5335227964347622
-1.643012792144833
-1.4936520239540552
-1.6186391459225447
-1.6609245374277157
-1.5138059477230406
-1.647875756647136
-1.6363502650007766
-1.4851564945603335
-1.423265700718876
-1.5894877220427235
-1.5752142298698035
-1.5796195936299924
-1.6141066175254415
-1.5878310930009678
-1.5729363141407715
-1.5598845328096957
-1.5543364919658047
-1.6193777386190948
-1.573255660194472
-1.4940450685748616
-1.5950809413001452
-1.5435014964308675
-1.5233003408063093
-1.5073387534099685
-1.5491766813605015
-1.5309737822262766
-1.365750799470061
-1.5860562068399906
-1.5771823662479383
-1.6501010609854525
-1.5920250273743557
-1.686627201565551
-1.5440551682669006
-1.5738515976306164
-1.4669955639050252
-1.5911154952094049
-1.5587774869274025
-1.513707370958981
-1.5229645928053022
-1.4661774243882002
-1.4980332769256597
-1.5029047930787174
-1.575119134564397
-1.5988415141292398
-1.472118038170609
-1.7452995068982076
-1.4784579477082667
-1.612619984368266
-1.504718384364904
-1.4992919287202984
-1.573897634710641
-1.4981883595828367
-1.5261496061819022
-1.5079966969424348
-1.5582358670715628
-1.5965361005009728
-1.5174118932095886
-1.5932791043208994
-1.4898009446271003
-1.4923454871547919
-1.5970416155605944
-1.6132507999239531
-1.458781646670666
-1.4790977523765156
-1.4666983658780763
-1.6716626649827395
-1.4792819684610343
-1.56044487702869
-1.6572709287826273
-1.461763195774087
-1.5069597132664612
-1.615463913130184
-1.6125185290066368
-1.5863125502641178
-1.5733570190835318
-1.6340545819469305
-1.621416914760319
-1.4919158036904432
-1.5179380423549191
-1.61237147366634
-1.423778306278201
-1.5983698050663384
-1.6963964174164965
-1.58734072458204
-1.5226748642731276
-1.4210564895986177
-1.5960309954035612
-1.563143474430067
-1.4970410359648008
-1.5261910156594172
-1.4776558465507845
-1.5813879909496973
-1.3502319596717172
-1.6858812810717612
-1.559238399142402
-1.585283352417675
-1.595460421091091
-1.549366462161725
-1.6193344587043264
-1.542492664538194
-1.6068568027068357
-1.4995620148001416
-1.5267456042222087
-1.4759835713185354
-1.4776818367153015
-1.5271922986163897
-1.6204248420172003
-1.5863427538992654
-1.5077443000932638
-1.5503659557057987
-1.5145680418684013
-1.6128199041223255
-1.401804338526806
-1.5730518023442648
-1.6321878889238741
-1.5842427793207925
-1.51259944687766
-1.512885866235143
-1.6758597240730224
-1.54176474572404
-1.611464348999497
-1.510409082082853
-1.6646087991391632
-1.5120370984596234
-1.561724381473478
-1.5054188446279544
-1.5773298079430602
-1.6438520361178899
-1.5552960872010688
-1.5711235791996803
-1.5269268607224884
-1.61971280070656
-1.5263057714038815
-1.6205158575418643
-1.4701981843894294
-1.5784485678180307
-1.515968156901795
-1.2977091450903124
-1.5604175282073371
-1.5871117469618388
-1.5565974750484801
-1.5473687852034979
-1.560700963345837
-1.6548585400036995
-1.5477942713106332
-1.4319744677085016
-1.698639227477568
-1.579673458941599
-1.4448018744223132
-1.5567446016885946
-1.5589905136675983
-1.580126495216382
-1.5210162643729985
-1.5226676704687332
-1.3530677315529496
-1.5957571747045343
-1.5076482033119727
-1.6206765347894736
-1.6404321333837308
-1.543758742580649
-1.6115090190737846
-1.5694947229769736
-1.6535330441224945
-1.498837768867689
-1.6168614779961303
-1.4965624982861447
-1.5644040700041755
-1.556431594781063
-1.5513804572847545
-1.7853974897874032
-1.7386195216712435
-1.5202269653570974
-1.5118481601868128
-1.5268508643981367
-1.6135461231150843
-1.5796462762021894
-1.719017735496879
-1.6809568455264006
-1.6086814472929922
-1.6011065420478308
-1.7062264260879583
-1.8167356138882207
-1.6089017727570418
-1.597484744933559
-1.458179904603718
-1.5634141559532329
-1.624306430676791
-1.5144582718820456
-1.3876925277790795
-1.5902301283364397
-1.5437706695760807
-1.687305691147846
-1.4689444800752458
-1.5944403518405168
-1.5071604884973437
-1.6228244907245388
-1.5687185400398844
-1.709796368112594
-1.595828268347288
-1.5960682644165218
-1.803888095887952
-1.460393222470457
-1.473303975054951
-1.559061184146917
-1.650473595668441
-1.4187617965125252
-1.563633502916463
-1.5235801324151628
-1.6362860525748935
-1.5564614365232834
-1.5626821127782335
-1.4780949243627597
-1.5565362549842718
-1.4928806231474407
-1.6221370913932693
-1.6037641764462682
-1.429971281980933
-1.5781092633680545
-1.5431792556133335
-1.4716239548577223
-1.4897654052014717
-1.4334591210368037
-1.5774948208804922
-1.630435121196531
-1.519985839340742
-1.6261870279827502
-1.7499203892052875
-1.5103609392151478
-1.517501547314426
-1.4592105191848495
-1.4846275303239862
-1.7421891096013855
-1.4577334380024047
-1.5260293037701156
-1.5305090479942334
-1.6004520478697306
-1.5734765733542413
-1.5467423877256592
-1.565577046668265
-1.5296694261744026
-1.4861342921534875
-1.5328719718419674
-1.5695192974893053
-1.5195293352137957
-1.7653668725074572
-1.404354933035929
-1.702665122549163
-1.5106650104376267
-1.575906164699564
-1.4869042414092886
-1.4987802454686485
-1.5865166687137862
-1.488393725675158
-1.807018826493671
-1.5695616552468525
-1.6364600218274834
-1.2663784236066298
-1.4415405053749053
-1.8151059601589505
-1.8151059601589505
-1.807018826493671
-1.6513923280926597
-1.9057629799919078
-1.0101902675469714
-1.7080172802910192
-1.6847283338272496
-1.5557091976644957
-1.717138993269804
-1.5358880774905623
-1.523454010708193
-1.5732096254220798
-1.6750201926940695
-1.7824666326558654
-1.7824666326558654
-1.4757017730258153
-1.7496679396021495
-1.6100132527350284
-1.548392887818458
-1.78204283894302
-1.634767445532587
-1.6797521833573832
-1.621552562276726
-1.9335056092588063
-1.5354938797548714
-1.54676689079345
-1.4812882275019925
-1.4733383214515579
-1.3924619673005387
-1.5419061155347062
-1.915377903313325
-1.9416909505797846
-1.4336793018715603
-1.8515440252284732
-1.721446501207164
-1.22398147089228
-1.629380097977819
-1.9614422752596767
-1.6542874621445338
-1.5884475592934253
-1.5728051055705379
-1.846041309662683
-1.8680285102112468
-1.6142445764401447
-1.3799800311890187
-1.5290449554865186
-1.5425121963161854
-1.5701793005771427
-1.9335056092588063
-1.9600224336103436
-1.9860894185573028
-1.5126888925569002
-1.9017476342651713
-1.925758148765524
-1.8770749131351643
-1.4670785191955167
-1.6818338737626233
-1.5999782741055197
-1.9328927109728786
-1.9614422752596767
-1.9860894185573028
-1.6267599413949516
-1.5499562997357836
-1.9108010173138985
-1.9283474815322887
-1.9860894185573028
-2.0216281209889004
-1.82464693854913
-1.6982949127590263
-1.815102324052634
-1.3047103368256576
-1.6525435044957515
-1.4726151041651865
-1.4604190558021104
-1.7996880245812434
-2.0216281209889004
-1.8657526106830034
-2.0184840223482103
-1.7135907298102224
-1.5737493932531526
-1.9582981766189875
-1.5331812962652296
-1.9408707112288708
-1.9800558764426897
-2.0216281209889004
-1.8646710352366935
-1.9860894185573028
-1.5545594752812248
-2.0216281209889004
-1.6943902718215509
-1.8874826292795945
-2.0216281209889004
-1.703980259161892
-1.5849650824318195
-1.7829685455146471
-1.9991334761578399
-1.8661268376464597
-1.9408707112288708
-2.0030065212921206
-1.8563662817517566
-1.555728987198636
-1.937444668920878
-1.9723067355997994
-1.9711877655816306
-1.760360508439386
-1.8371262544035023
-1.592893734920048
-1.7915116150368604
-2.103051457048765
-1.9856079761706162
-2.018428619919132
-1.9056490649024198
-2.0742323205862956
-1.8323443645939226
-1.9830888761379208
-1.981435181215788
-1.6434529679117813
-1.8701443208994335
-2.103051457048765
-1.8347027709696953
-1.8677240268476663
-1.790682725728109
-1.8864632996080681
-1.881521149241225
-1.8631262952270773
-1.5899090622789553
-1.657821503857181
-1.4715589808567673
-1.9252170507733886
-1.9974003057586631
-1.6364111904858452
-1.9856079761706162
-1.6574643206837143
-1.6477863278788716
-1.9807418500601672
-1.4890623412508814
-1.4694177228699927
-1.501893528644192
-1.939443203959998
-1.9942475151364771
-1.9452413876755568
-1.9919117568788178
-1.9338795105918187
-1.8666318369869392
-2.04432971660969
-1.6692137459363057
-1.880637929644879
-1.9856079761706162
-2.0195127576442213
-2.0059257876010044
-1.6960117832393333
-1.8615653993357628
-2.1002314538192994
-1.5063042743491057
-1.634959496093905
-1.8369965761223597
-1.8908505722860545
-2.1002314538192994
-1.5374623195089723
-2.1002314538192994
-1.859451951974365
-1.9859821139774048
-2.1002314538192994
-1.7700793955664476
-1.527862438346057
-2.038400169035158
-2.0076195620080894
-1.6890547869263166
-1.9322274248181568
-2.016229439318728
-1.895068788296626
-1.940085683090305
-1.9261472696063615
-2.016229439318728
-1.9290910313300373
-1.9638338180987125
-2.038400169035158
-1.9290910313300373
-1.9202871397748371
-2.0458799777755674
-1.9768389549810204
-1.5599288789328059
-1.7035902195375558
-2.11427396862895
-1.9892747930561314
-1.6486319944348433
-1.8303675369728585
-2.0296879954004767
-1.5542242704899722
-1.8909536714099078
-1.915255046061791
-1.5509826243553402
-1.8693491737328074
-2.1002314538192994
-1.9442056551281457
-2.1002314538192994
-1.5511687994018808
-2.1002314538192994
-1.9290910313300373
-2.037780609520968
-2.1002314538192994
-2.1036074323791123
-2.015475361874087
-2.064963302231847
-2.1036074323791123
-1.9812753718782563
-1.9411956101446077
-1.8209647815677075
-2.1523737770329774
-1.666191080083077
-2.1523737770329783
-1.9356862626210285
-1.4946121002914219
-1.8200300785832892
-2.08664187362985
-1.9344014447763591
-1.9627393037649088
-1.8347968586192263
-2.3420082503010473
-1.799617771042067
-2.081426281698891
-2.043563223746814
-1.7282153552060926
-1.8088050614167206
-1.967904044227379
-2.0880081052089263
-1.979690930735488
-2.0154413160253446
-2.287410726992988
-1.846692379521012
-1.66290489152435
-1.9925847949563247
-1.909890557315519
-1.3779782118673052
-1.5924709842892906
-2.064854382640045
-1.8326944694301468
-2.132367528143992
-1.8551352966882368
-1.5937998381537102
-1.909890557315519
-1.6622010718197413
-1.917052583436909
-2.2336644930950724
-2.5556234636968416
-1.921509381020388
-1.6369178953051882
-2.2307489413491757
-2.1036074323791114
-2.435660882785998
-1.4972979691660395
-1.5242220816571868
-1.5414996589634278
-1.979407510110137
-2.435660882785998
-1.9779293523826151
-1.6628145562410848
-2.020417221532421
-1.5949567093956571
-1.7338375295821655
-2.0591826070626005
-2.435660882785998
-1.63403682401582
-2.5556234636968416
-1.8471542615226269
-1.8160630540244913
-1.979407510110137
-1.9602044125208216
-2.232252428716746
-1.8610261127509542
-2.1294017848669835
-2.5556234636968416
-2.3420082503010455
-1.9395429877262504
-1.6589897899143429
-1.5743450556012677
-1.8069450393108113
-2.299029550697857
-1.3648353577885652
-1.8839525038342595
-1.9611556059724093
-1.9892549201267413
-2.080166993431665
-1.5832175251262832
-1.8669263297662329
-2.279835528726101
-2.3420082503010455
-1.9528025418991914
-2.435660882785998
-2.5556234636968416
-2.0315430490450987
-2.5556234636968416
-1.802666912250047
-1.645386833487057
-1.6991072104016816
-2.5556234636968416
-1.5089303069301412
-2.315698301875154
-1.7624925170441355
-1.5716457694308295
-2.5556234636968416
-1.8795727077845075
-1.282628622224001
-2.299029550697857
-2.435660882785998
-1.6104112535193158
-1.6592279884715513
-2.5556234636968416
-2.5556234636968416
-2.415072584288176
-2.1240101746662035
-2.14435514539682
-2.032151133256942
-1.2505668908495085
-2.1443551453968195
-1.604710523166489
-1.4946663353621759
-1.7633154112288763
-1.6823438865208176
-2.5556234636968416
-1.604710523166489
-2.042435637698873
-2.5556234636968416
-1.6240051900127894
-2.014250117019484
-2.014250117019484
-2.5556234636968416
-1.4046257569618734
-1.7213894977658053
-1.7464436370330754
-1.6299835123577413
-2.338193170256403
-2.5556234636968416
-2.2137943706430425
-2.0993700910209805
-1.8402418316099785
-2.315698301875154
-1.1782291958356224
-2.315698301875154
-2.299686152849953
-2.435660882785998
-2.2560508510946686
-2.1294017848669835
-1.6957599181965661
-2.026677813543887
-2.299029550697857
-2.5556234636968416
-2.5556234636968416
-2.0993700910209805
-2.435660882785998
-2.435660882785998
-2.299075763238426
-2.287410726992988
-1.5625606952650695
-1.8723914216508293
-2.5556234636968416
-2.5556234636968416
-2.2013888626097344
-2.5556234636968416
-1.9611556059724093
-2.5556234636968416
-1.9431660307028524
-1.5832175251262832
-2.5556234636968416
-1.720269202483907
-2.315698301875154
-2.435660882785998
-2.5556234636968416
-2.0424356376988735
-2.201388862609735
-2.2560508510946686
-2.299029550697857
-2.230748941349176
-2.5556234636968416
-1.604710523166489
-2.125320735889097
-1.5975058114741496
-2.435660882785998
-2.435660882785998
-1.6088659469668771
-2.5556234636968416
-2.435660882785998
-2.5556234636968416
-2.2643177263076626
-2.5556234636968416
-2.2583895348346257
-1.7154969725602194
-1.8669263297662333
-1.6950123438047644
-2.315698301875154
-2.299029550697857
-1.5882682551435945
-1.5887136567700448
-2.0559059752972346
-1.8534243710112048
-2.0907056186818385
-2.5556234636968416
-2.431224664083481
-2.435660882785998
