0.4917960986919533
2.081668171172168e-17
1.5612511283791264e-17
-2.6020852139652106e-17
2.6020852139652106e-17
-3.0357660829594124e-17
4.857225732735059e-17
-4.163336342344337e-17
3.469446951953614e-17
2.0816681711721685e-17
8.413408858487514e-17
-7.806255641895632e-18
1.2143064331837648e-17
-1.0928757898653885e-16
2.42861286636753e-17
-2.3418766925686896e-17
1.3877787807814457e-16
-6.938893903907235e-18
-3.8163916471489756e-17
3.8163916471489756e-17
-1.249000902703301e-16
3.469446951953614e-17
5.551115123125783e-17
1.734723475976807e-18
3.469446951953614e-18
3.0357660829594124e-17
-4.163336342344337e-17
1.474514954580286e-17
9.540979117872439e-18
-9.540979117872439e-18
2.0816681711721685e-17
2.6020852139652106e-18
-2.0816681711721685e-17
2.0816681711721685e-17
1.214306433183765e-17
9.540979117872439e-18
-6.938893903907228e-18
-2.7755575615628914e-17
2.2551405187698492e-17
3.122502256758253e-17
2.168404344971009e-17
1.5612511283791264e-17
-1.1796119636642288e-16
5.204170427930421e-17
1.0408340855860843e-17
-6.245004513516506e-17
-9.540979117872437e-18
-4.336808689942018e-18
8.673617379884035e-18
-6.071532165918825e-18
-6.938893903907228e-18
9.540979117872437e-18
-4.5102810375396984e-17
3.122502256758253e-17
1.0408340855860843e-16
1.387778780781446e-17
4.782501906186897e-33
-1.3877787807814457e-17
-1.9081958235744878e-17
1.3877787807814457e-17
-3.469446951953614e-18
2.42861286636753e-17
-6.938893903907228e-18
-4.163336342344337e-17
8.185202263645752e-34
-6.071532165918826e-18
-8.326672684688674e-17
-3.122502256758253e-17
-1.1275702593849246e-17
-6.071532165918825e-18
-5.204170427930421e-18
-1.734723475976807e-18
1.3877787807814457e-17
8.673617379884032e-18
-1.0408340855860843e-17
-1.0408340855860843e-17
-6.938893903907228e-18
2.7755575615628904e-17
1.1293086578793524e-33
-1.214306433183765e-17
-2.0816681711721685e-17
-3.469446951953614e-18
-2.3418766925686896e-17
-1.3877787807814457e-17
-8.673617379884035e-19
-3.8163916471489756e-17
-1.9949319973733282e-17
1.6129663284243087e-33
-1.0408340855860843e-17
3.4694469519536138e-18
-1.3010426069826053e-17
-7.806255641895632e-18
1.8388068845354155e-16
-3.729655473350135e-17
6.938893903907228e-17
1.1362438767648086e-16
1.1275702593849246e-17
6.071532165918825e-18
2.081668171172168e-17
1.0408340855860843e-17
1.474514954580286e-17
-3.469446951953614e-18
1.474514954580286e-17
-1.0408340855860843e-17
-4.686749320818305e-34
-2.7755575615628914e-17
1.457167719820518e-16
3.469446951953614e-18
-1.3877787807814457e-16
3.469446951953614e-18
-2.168404344971009e-17
1.0408340855860841e-17
-1.3530843112619095e-16
-6.938893903907228e-17
1.7105694144590052e-48
4.336808689942018e-18
-3.122502256758253e-17
-6.938893903907228e-18
-1.734723475976807e-17
-5.204170427930421e-17
-5.2909066017292616e-17
1.5265566588595902e-16
3.122502256758253e-17
1.734723475976807e-17
7.632783294297951e-17
1.0408340855860844e-17
4.336808689942018e-18
-2.7755575615628914e-17
-5.204170427930421e-17
2.60208521396521e-18
1.734723475976807e-18
-1.9081958235744878e-17
1.4083362718331655e-33
1.4311468676808659e-16
4.5102810375396984e-17
-1.3877787807814457e-17
-3.469446951953614e-18
-2.42861286636753e-17
2.7755575615628914e-17
-3.469446951953614e-18
1.700029006457271e-16
-1.214306433183765e-17
-2.6020852139652106e-18
2.0122792321330962e-16
-6.938893903907228e-18
-8.673617379884035e-18
2.2551405187698492e-17
5.2041704279304205e-18
-2.2551405187698492e-17
4.85722573273506e-17
-5.204170427930421e-18
4.683753385137379e-17
0.9999999999999996
-1.1796119636642288e-16
-1.3877787807814457e-17
9.540979117872437e-18
1.3877787807814457e-17
3.469446951953614e-18
-3.469446951953614e-18
2.5153490401663703e-17
-1.3010426069826053e-17
-1.3877787807814457e-17
8.673617379884035e-18
-1.3877787807814457e-17
-4.2500725161431774e-17
9.367506770274758e-17
1.734723475976807e-17
2.0816681711721685e-17
-2.0816681711721685e-17
-4.85722573273506e-17
-3.469446951953614e-18
-1.3877787807814454e-17
2.6020852139652106e-17
-4.857225732735059e-17
5.898059818321144e-17
1.0408340855860844e-17
1.3877787807814455e-17
-2.949029909160572e-17
6.93889390390723e-18
-8.673617379884035e-18
8.326672684688674e-17
1.9949319973733282e-17
-2.42861286636753e-17
6.938893903907228e-18
-3.4694469519536115e-18
2.7755575615628904e-17
-1.7347234759768074e-17
1.3010426069826053e-17
-2.0469737016526324e-16
-1.9081958235744878e-17
-6.245004513516506e-17
1.734723475976807e-18
9.540979117872439e-18
-1.734723475976807e-18
2.7755575615628926e-17
6.938893903907228e-17
2.0816681711721685e-17
3.469446951953614e-18
1.9081958235744878e-17
2.0816681711721685e-17
8.673617379884035e-19
-3.469446951953614e-18
8.673617379884035e-18
-1.0408340855860843e-17
-3.469446951953614e-18
1.3010426069826053e-17
2.7755575615628926e-17
-5.204170427930421e-18
1.734723475976807e-17
1.8214596497756474e-17
-1.734723475976807e-17
2.0816681711721685e-17
2.6020852139652106e-17
3.903127820947816e-17
-2.4286128663675302e-17
6.938893903907228e-18
2.0816681711721685e-17
0.0
-4.5102810375396984e-17
0.9999999999999999
-3.122502256758253e-17
-1.8735013540549517e-16
-3.469446951953614e-17
-1.734723475976807e-17
6.938893903907228e-18
-1.734723475976807e-17
0.0
-1.1275702593849246e-17
1.8041124150158794e-16
-5.204170427930421e-18
-8.673617379884035e-18
-0.9999999999999999
5.204170427930421e-18
-2.0816681711721685e-17
1.3877787807814457e-17
-5.898059818321144e-17
1.0408340855860843e-17
1.3183898417423734e-16
4.1633363423443376e-17
3.4694469519536138e-18
-3.4694469519536138e-18
2.6020852139652106e-17
-1.734723475976807e-17
3.382710778154774e-17
-2.602085213965211e-18
-1.9081958235744878e-17
-1.734723475976807e-17
6.938893903907228e-18
6.245004513516506e-17
2.4286128663675296e-17
-2.6020852139652106e-18
3.4694469519536134e-18
0.0
1.8296334471678734e-33
3.5561831257524545e-17
-1.0408340855860844e-17
-4.336808689942018e-18
-3.122502256758253e-17
-3.729655473350135e-17
1.203706215242025e-34
1.2143064331837651e-17
-3.469446951953611e-18
1.7347234759768046e-18
2.6020852139652106e-18
-4.336808689942018e-18
-8.673617379884035e-18
2.2551405187698492e-17
-8.673617379884035e-19
1.3877787807814457e-17
-1.7577660642006632e-34
-1.5612511283791264e-17
-2.0816681711721685e-17
-2.7755575615628914e-17
1.3877787807814455e-17
1.7105694144590052e-49
-6.591949208711867e-17
2.42861286636753e-17
9.540979117872439e-18
-6.591949208711867e-17
-7.806255641895633e-18
3.8163916471489756e-17
-5.204170427930421e-18
1.734723475976807e-17
-1.3010426069826053e-17
5.4643789493269423e-17
-2.6020852139652106e-18
-6.071532165918825e-18
3.122502256758253e-17
2.1666711874356408e-34
-2.7755575615628914e-17
-2.957703526540456e-16
7.806255641895632e-18
-1.0408340855860843e-17
2.0816681711721685e-17
-1.734723475976807e-18
-3.4694469519536134e-18
-1.734723475976807e-17
-3.469446951953614e-17
2.42861286636753e-17
-8.326672684688674e-17
1.1102230246251565e-16
-3.122502256758253e-17
-1.0408340855860843e-17
-3.469446951953614e-18
-6.938893903907225e-18
-5.204170427930421e-18
2.0816681711721685e-17
-3.469446951953614e-18
1.249000902703301e-16
-7.979727989493313e-17
-3.668940151690947e-16
1.734723475976814e-18
-1.5612511283791264e-17
-2.5153490401663703e-17
2.581887102511946e-33
-2.0816681711721685e-17
4.336808689942018e-18
-2.949029909160572e-17
-1.6479873021779667e-17
-6.938893903907227e-18
-1.734723475976807e-17
4.9439619065339e-17
-1.3877787807814457e-17
1.3010426069826053e-17
3.469446951953614e-18
-4.163336342344337e-17
-1.474514954580286e-17
-6.938893903907228e-18
-3.469446951953614e-18
0.0
-1.3530843112619095e-16
-3.122502256758253e-17
-3.469446951953614e-17
-3.469446951953614e-18
-1.214306433183765e-17
-4.336808689942018e-18
-2.6020852139652106e-17
1.3877787807814457e-17
-2.2551405187698492e-17
1.734723475976807e-18
1.0408340855860843e-17
-2.688821387764051e-17
1.0408340855860843e-16
6.938893903907233e-18
-1.734723475976807e-18
1.214306433183765e-17
-2.3418766925686896e-17
-2.775557561562891e-17
-4.163336342344337e-17
-1.0408340855860843e-17
-2.636779683484747e-16
1.0408340855860841e-17
2.0816681711721685e-16
-4.336808689942018e-18
-2.0816681711721685e-17
-1.0408340855860843e-17
3.469446951953614e-18
6.9388939039072276e-18
-3.469446951953614e-18
-1.3877787807814455e-17
-1.734723475976807e-17
2.0816681711721685e-16
6.938893903907228e-18
9.540979117872439e-18
3.4694469519536196e-18
3.469446951953616e-18
1.3010426069826053e-17
8.673617379884035e-18
5.707108443972299e-33
2.0816681711721685e-17
-1.0408340855860843e-17
3.469446951953614e-18
5.204170427930421e-18
1.214306433183765e-17
-4.336808689942017e-18
1.3877787807814452e-17
-3.469446951953614e-18
8.67361737988412e-19
6.938893903907233e-18
-6.938893903907228e-18
-2.5153490401663703e-17
-6.93889390390723e-18
-3.122502256758253e-17
6.9388939039072276e-18
6.93889390390723e-18
2.42861286636753e-17
-1.734723475976807e-17
-9.367506770274758e-17
5.204170427930422e-18
1.734723475976807e-16
1.474514954580286e-17
-5.204170427930421e-17
-5.898059818321144e-17
-2.3418766925686896e-17
1.387778780781447e-17
-1.3877787807814457e-17
1.3097162243624894e-16
-1.214306433183765e-17
4.336808689942018e-18
-2.7755575615628914e-17
1.3877787807814457e-17
2.6020852139652106e-18
1.0408340855860838e-17
-1.43982048506075e-16
4.5102810375396984e-17
-1.3877787807814457e-17
-2.42861286636753e-17
3.122502256758253e-17
2.688821387764051e-17
6.482525152387814e-34
2.0816681711721685e-17
4.163336342344337e-17
-2.0816681711721685e-17
1.3877787807814457e-17
3.469446951953614e-18
1.9081958235744878e-17
1.3877787807814448e-17
3.4694469519536138e-18
-6.938893903907228e-18
-1.0408340855860843e-17
-3.122502256758253e-17
-1.734723475976807e-17
0.0
9.020562075079399e-17
-1.3877787807814455e-17
-1.3010426069826053e-17
-1.0408340855860843e-17
6.938893903907228e-18
3.4694469519536126e-18
1.5612511283791264e-17
6.938893903907228e-18
3.8163916471489756e-17
-6.938893903907228e-18
-2.6020852139652106e-18
3.4694469519536136e-17
6.418476861114186e-17
-2.7755575615628914e-17
-1.942890293094024e-16
-1.474514954580286e-17
5.204170427930421e-18
-8.673617379884035e-19
1.734723475976807e-18
-1.474514954580286e-17
0.0
2.688821387764051e-17
1.214306433183765e-17
-3.122502256758253e-17
-6.938893903907228e-18
1.214306433183765e-16
9.540979117872442e-18
1.0408340855860841e-17
-1.9081958235744878e-17
3.469446951953614e-18
2.42861286636753e-17
-1.3704315460216776e-16
-2.6020852139652106e-18
-3.4694469519536134e-18
7.806255641895632e-18
7.2824226022142475e-34
-1.474514954580286e-17
3.209238430557093e-17
2.42861286636753e-17
9.367506770274758e-17
1.3010426069826053e-17
-1.387778780781447e-17
1.0408340855860843e-17
3.4694469519536134e-18
6.938893903907228e-17
-1.3010426069826053e-17
-2.3245294578089215e-16
1.3877787807814457e-16
-9.71445146547012e-17
1.734723475976807e-18
6.938893903907228e-18
1.734723475976807e-17
-1.040834085586084e-17
-2.602085213965211e-18
9.540979117872439e-18
-1.5612511283791264e-17
8.326672684688674e-17
1.474514954580286e-17
-6.9388939039072245e-18
4.5102810375396984e-17
2.42861286636753e-17
-1.1275702593849246e-17
-2.5153490401663703e-17
-5.204170427930421e-18
2.42861286636753e-17
-8.673617379884035e-18
-1.0408340855860841e-17
9.540979117872439e-18
-1.3877787807814457e-17
-1.8214596497756474e-17
-8.673617379884035e-19
3.4694469519536123e-18
1.2576745200831851e-16
6.591949208711867e-17
-1.0408340855860843e-17
-1.3530843112619095e-16
-3.469446951953614e-18
-0.9999999999999999
-2.0816681711721676e-17
-0.9999999999999998
-6.938893903907228e-18
3.4694469519536134e-18
-3.8163916471489756e-17
-1.3877787807814455e-17
3.469446951953614e-17
-0.9999999999999999
-1.0755285551056204e-16
-1.3010426069826053e-17
-2.42861286636753e-17
-0.9999999999999998
1.0408340855860843e-17
0.0
-1.0408340855860841e-17
-6.938893903907228e-18
-0.9999999999999999
-1.9949319973733282e-17
-0.9999999999999999
-4.5102810375396984e-17
1.734723475976807e-17
1.0755285551056204e-16
-0.9999999999999999
-2.7755575615628914e-17
-0.9999999999999996
-1.0061396160665481e-16
-0.9999999999999999
1.5612511283791264e-17
-0.9999999999999999
5.204170427930421e-18
-1.214306433183765e-17
-6.938893903907224e-18
-3.469446951953614e-17
-0.9999999999999999
-1.1449174941446927e-16
6.938893903907228e-18
-1.7347234759768048e-18
-0.9999999999999999
-0.9999999999999999
-0.9999999999999999
3.469446951953616e-18
-7.632783294297951e-17
-4.163336342344337e-17
-1.491862189340054e-16
-0.9999999999999999
-0.9999999999999999
3.8163916471489756e-17
-0.9999999999999999
-0.9999999999999998
-1.4224732503009818e-16
-1.3877787807814457e-17
-0.9999999999999999
2.343374660409155e-34
-1.2576745200831851e-16
1.3877787807814457e-17
1.3877787807814452e-17
1.5612511283791264e-16
-0.9999999999999999
-1.5612511283791264e-16
-0.9999999999999999
-0.9999999999999998
-0.9999999999999999
-3.4694469519536165e-18
-0.9999999999999998
-2.706168622523819e-16
-0.9999999999999998
-0.9999999999999999
-0.9999999999999998
-0.9999999999999999
-0.9999999999999999
-0.9999999999999997
-0.9999999999999999
-0.9999999999999999
-0.9999999999999999
-0.9999999999999998
-0.9999999999999999
-0.9999999999999998
-2.3592239273284576e-16
-0.9999999999999999
-0.9999999999999998
4.85722573273506e-17
2.7755575615628914e-17
-0.9999999999999999
-0.9999999999999999
0.9999999999999999
-1.5265566588595902e-16
-0.9999999999999998
-0.9999999999999999
-1.259377627696966e-33
-3.122502256758253e-17
-0.9999999999999999
-0.9999999999999998
-0.9999999999999998
-0.9999999999999999
1.734723475976807e-16
-0.9999999999999997
-0.9999999999999999
-0.9999999999999998
1.3877787807814457e-17
-0.9999999999999999
-1.3877787807814457e-16
-0.9999999999999999
-0.9999999999999994
-0.9999999999999997
-0.9999999999999999
-0.9999999999999999
-4.336808689942019e-18
-0.9999999999999998
1.3357370765021415e-16
-0.9999999999999999
-0.9999999999999997
-9.020562075079397e-17
-0.9999999999999998
0.9999999999999998
-2.7755575615628914e-17
-3.469446951953614e-18
-0.9999999999999999
-0.9999999999999998
-1.1796119636642288e-16
3.0357660829594124e-17
-0.9999999999999999
-1.249000902703301e-16
-0.9999999999999999
-0.9999999999999999
1.491862189340054e-16
-0.9999999999999998
0.9999999999999999
-0.9999999999999999
-2.0643209364124004e-16
-0.9999999999999999
-1.0061396160665481e-16
-0.9999999999999997
-0.9999999999999999
-1.0
-1.7694179454963432e-16
0.9999999999999999
-0.9999999999999999
-0.9999999999999999
-0.9999999999999999
-0.9999999999999999
2.0816681711721685e-17
2.1510571102112408e-16
2.1163626406917047e-16
-0.9999999999999999
-0.9999999999999998
-0.9999999999999998
-0.9999999999999999
-0.9999999999999999
-0.9999999999999999
-0.9999999999999998
-1.0
-0.9999999999999999
1.5959455978986625e-16
-0.9999999999999998
-0.9999999999999999
-0.9999999999999999
-0.9999999999999999
-1.0
-1.6653345369377348e-16
-0.9999999999999999
-0.9999999999999997
-0.9999999999999998
-0.9999999999999999
-0.9999999999999999
-0.9999999999999998
-0.9999999999999998
-2.42861286636753e-17
-0.9999999999999997
-0.9999999999999998
-0.9999999999999999
-1.0
-0.9999999999999997
-0.9999999999999997
-0.9999999999999998
-1.0408340855860843e-17
-0.9999999999999999
1.734723475976807e-18
-3.8163916471489756e-17
-0.9999999999999999
-1.734723475976807e-18
-1.5612511283791264e-17
-0.9999999999999999
-0.9999999999999999
-1.0408340855860843e-16
-5.898059818321144e-17
9.540979117872439e-18
-6.245004513516506e-17
-0.9999999999999999
-1.3444106938820255e-16
-0.9999999999999999
-0.9999999999999999
-1.1275702593849246e-16
-1.0
-0.9999999999999998
-0.9999999999999999
-1.1796119636642288e-16
-1.0
-0.9999999999999999
-1.457167719820518e-16
-1.491862189340054e-16
1.387778780781446e-17
-0.9999999999999999
-0.9999999999999999
3.469446951953614e-18
-0.9999999999999999
-0.9999999999999998
-7.28583859910259e-17
-0.9999999999999999
-0.9999999999999999
-0.9999999999999999
-0.9999999999999999
-0.9999999999999999
-0.9999999999999999
-0.9999999999999999
-9.367506770274758e-17
-0.9999999999999999
-0.9999999999999999
-0.9999999999999999
2.7755575615628914e-17
-1.0
-4.0766001685454967e-17
-0.9999999999999999
-0.9999999999999999
-0.9999999999999999
-0.9999999999999999
-0.9999999999999999
-0.9999999999999999
-1.0
-1.0
-0.9999999999999999
-0.9999999999999999
-0.9999999999999999
-0.9999999999999999
-0.9999999999999999
-0.9999999999999999
-1.8388068845354155e-16
-0.9999999999999999
1.9949319973733282e-17
-0.9999999999999999
-0.9999999999999999
-1.171687330204576e-34
-3.8163916471489756e-17
-0.9999999999999999
-0.9999999999999999
1.1449174941446927e-16
-0.9999999999999999
-0.9999999999999999
-0.9999999999999991
-0.9999999999999999
-0.9999999999999998
-1.1449174941446927e-16
-7.28583859910259e-17
-0.9999999999999999
6.9388939039072276e-18
-0.9999999999999999
-0.9999999999999999
-1.3791051634015616e-16
-1.0
-1.734723475976807e-17
-0.9999999999999999
-1.0408340855860843e-17
1.3877787807814457e-17
-0.9999999999999998
-0.9999999999999996
7.632783294297951e-17
-0.9999999999999999
-0.9999999999999999
-0.9999999999999999
-0.9999999999999998
-0.9999999999999998
-0.9999999999999999
0.9999999999999999
-1.734723475976807e-16
-1.0
-0.9999999999999999
-0.9999999999999998
-8.326672684688674e-17
0.9999999999999999
-1.0
-1.0
8.673617379884035e-18
-1.0
-1.5439038936193583e-16
-0.9999999999999999
-1.942890293094024e-16
-0.9999999999999999
-0.9999999999999998
-0.9999999999999999
-1.0
-3.469446951953614e-17
-0.9999999999999999
-0.9999999999999999
-1.457167719820518e-16
-0.9999999999999999
2.1684043449710089e-16
-0.9999999999999994
-1.942890293094024e-16
-0.9999999999999999
-0.9999999999999999
-5.204170427930421e-17
-0.9999999999999999
-1.3183898417423734e-16
-1.0
-1.0
-1.0
-0.9999999999999999
-0.9999999999999999
-0.9999999999999999
-0.9999999999999999
-0.9999999999999999
-1.0
-1.0
-0.9999999999999998
-0.9999999999999999
-0.9999999999999998
-0.9999999999999998
-0.9999999999999998
1.0
-0.9999999999999997
-0.9999999999999996
-0.9999999999999999
-0.9999999999999999
-0.9999999999999999
-1.3704315460216776e-16
-0.9999999999999999
-1.0
-0.9999999999999999
-0.9999999999999999
-1.0
-0.9999999999999999
-0.9999999999999999
-0.9999999999999998
-1.0
-1.0
-0.9999999999999999
-0.9999999999999999
-3.729655473350135e-17
-1.0
-0.9999999999999999
-0.9999999999999999
-7.28583859910259e-17
-0.9999999999999998
-0.9999999999999996
-0.9999999999999999
-1.0
-1.734723475976807e-18
-1.0
-0.9999999999999999
-0.9999999999999999
-0.9999999999999999
-0.9999999999999999
-0.9999999999999999
-2.0816681711721685e-17
4.2500725161431774e-17
-0.9999999999999999
-1.0
-0.9999999999999998
-0.9999999999999999
-0.9999999999999999
-0.9999999999999999
-0.9999999999999999
-0.9999999999999999
-0.9999999999999998
-0.9999999999999999
-0.9999999999999999
-0.9999999999999999
-0.9999999999999999
0.9999999999999999
-1.0755285551056204e-16
-1.491862189340054e-16
-0.9999999999999999
-0.9999999999999999
-1.734723475976807e-18
-0.9999999999999998
-0.9999999999999998
-0.9999999999999996
-0.9999999999999999
2.7755575615628907e-17
-0.9999999999999996
-1.5265566588595902e-16
-2.0816681711721685e-17
-0.9999999999999998
-0.9999999999999999
0.9999999999999999
-1.0
7.632783294297951e-17
-1.0
-0.9999999999999999
-1.9949319973733282e-17
-3.9898639947466563e-17
-1.0
-0.9999999999999996
-0.9999999999999996
-0.9999999999999998
-0.9999999999999999
-0.9999999999999999
-0.9999999999999999
-1.3877787807814455e-17
-2.5153490401663703e-17
-1.0
-0.9999999999999999
1.5265566588595902e-16
-1.0
-0.9999999999999999
-0.9999999999999998
-1.5959455978986625e-16
8.326672684688674e-17
-1.0
-1.0
-1.1102230246251565e-16
-0.9999999999999999
-3.5561831257524545e-17
-1.474514954580286e-17
-1.0
-0.9999999999999998
-0.9999999999999994
-1.0
-0.9999999999999999
-1.3877787807814457e-16
-1.1796119636642288e-16
-0.9999999999999996
-7.632783294297951e-17
-0.9999999999999999
0.9999999999999999
-2.636779683484747e-16
-0.9999999999999999
-0.9999999999999996
-0.9999999999999998
-0.9999999999999999
-0.9999999999999997
-0.9999999999999999
2.168404344971009e-17
1.249000902703301e-16
-0.9999999999999999
-1.0
-0.9999999999999997
-0.9999999999999999
-0.9999999999999999
1.3877787807814457e-17
-1.3617579286417936e-16
-0.9999999999999999
-0.9999999999999999
-0.9999999999999999
-0.9999999999999999
-0.9999999999999996
-0.9999999999999999
-0.9999999999999998
-2.7755575615628914e-17
-3.139849491518021e-16
-0.9999999999999997
-0.9999999999999999
-0.9999999999999998
-0.9999999999999998
-0.9999999999999999
6.938893903907233e-18
-0.9999999999999999
-1.0
6.245004513516506e-17
-0.9999999999999999
-0.9999999999999999
-0.9999999999999999
3.8163916471489756e-17
-3.0791341698588326e-16
-9.540979117872439e-18
-0.9999999999999997
-0.9999999999999999
-0.9999999999999999
-0.9999999999999999
8.673617379884037e-19
-0.9999999999999997
1.3877787807814457e-16
-4.163336342344337e-17
-0.9999999999999996
-3.8163916471489756e-17
-1.3530843112619095e-16
-0.9999999999999998
-0.9999999999999998
-0.9999999999999999
-0.9999999999999999
-2.0122792321330962e-16
1.0
-7.632783294297951e-17
-0.9999999999999999
-1.734723475976807e-18
-0.9999999999999999
-1.700029006457271e-16
-0.9999999999999996
0.9999999999999998
-1.491862189340054e-16
-1.0
-1.0
-1.3877787807814457e-16
-0.9999999999999996
2.8449465006019636e-16
-1.0
4.163336342344337e-17
1.3877787807814454e-17
-0.9999999999999997
-0.9999999999999999
