0.4917960986919533
7.806255641895632e-18
-6.938893903907228e-18
6.938893903907228e-18
-7.15573433840433e-18
-3.469446951953616e-18
6.071532165918825e-18
5.095750210681871e-17
-1.8648277366750676e-16
2.688821387764051e-17
-0.999999999999999
3.469446951953614e-18
-3.469446951953614e-18
-6.938893903907228e-18
-2.0383000842727483e-17
-7.632783294297951e-17
-6.071532165918825e-18
-6.938893903907228e-18
-1.214306433183765e-17
-2.2551405187698492e-17
-2.168404344971009e-17
-7.632783294297951e-17
-4.163336342344337e-17
8.673617379884035e-19
4.3368086899420185e-18
1.6306400674181987e-16
-2.949029909160572e-17
1.9081958235744878e-17
4.336808689942037e-19
6.9388939039072276e-18
-1.214306433183765e-17
4.163336342344337e-17
-4.298902701935657e-34
2.3418766925686896e-17
-2.42861286636753e-17
-3.5344990823027445e-17
-4.5102810375396984e-17
-1.5612511283791264e-17
2.0816681711721685e-17
1.734723475976807e-18
-5.204170427930421e-18
-1.9081958235744878e-17
-8.673617379884035e-19
-6.591949208711867e-17
-7.632783294297951e-17
5.551115123125783e-17
5.204170427930421e-18
1.3183898417423734e-16
-3.209238430557093e-17
-3.642919299551294e-17
-8.673617379884034e-18
-9.540979117872444e-18
1.5612511283791264e-16
-4.336808689942018e-18
-2.3418766925686896e-17
1.0408340855860843e-17
-3.469446951953614e-18
-2.6020852139652106e-18
1.3877787807814457e-17
9.540979117872439e-18
4.5102810375396984e-17
2.5153490401663703e-17
-6.938893903907224e-18
8.673617379884035e-19
1.7347234759768069e-18
-4.5102810375396984e-17
-6.938893903907228e-17
-3.8163916471489756e-17
0.0
1.3010426069826053e-17
-1.9081958235744878e-17
-5.551115123125783e-17
1.3877787807814457e-17
2.7755575615628914e-17
-2.168404344971009e-17
-4.423544863740858e-17
-5.551115123125783e-17
2.688821387764051e-17
-3.5561831257524545e-17
3.4694469519536136e-17
-4.163336342344337e-17
-6.938893903907228e-18
1.1102230246251564e-16
1.734723475976807e-18
3.469446951953614e-17
1.7347234759768074e-17
-4.85722573273506e-17
-1.2793585635328952e-17
2.6020852139652106e-17
-1.734723475976807e-18
2.905661822261152e-17
1.3877787807814454e-17
-2.949029909160572e-17
1.7092628256436718e-33
-2.8189256484623115e-17
-9.020562075079397e-17
6.938893903907228e-18
-1.5612511283791264e-17
1.0408340855860843e-17
-2.42861286636753e-17
2.2551405187698492e-17
7.632783294297951e-17
-8.977193988179977e-17
3.469446951953614e-18
-1.3877787807814457e-17
-1.3877787807814455e-17
4.336808689942018e-18
-2.862293735361732e-17
-1.0408340855860843e-17
3.469446951953614e-18
1.1492543028346347e-16
-1.5959455978986625e-16
2.42861286636753e-17
1.3877787807814457e-17
3.469446951953614e-18
-6.938893903907228e-17
3.2959746043559335e-17
-1.0408340855860846e-17
3.469446951953614e-17
-2.0816681711721685e-17
-6.938893903907228e-18
-1.734723475976807e-18
1.1102230246251565e-16
1.929879867024198e-17
3.469446951953614e-18
1.3877787807814457e-17
-2.168404344971009e-17
1.7694179454963432e-16
-1.3877787807814455e-17
-1.214306433183765e-17
2.42861286636753e-17
-5.551115123125783e-17
4.2500725161431774e-17
-4.163336342344337e-17
3.382710778154774e-17
1.7520707107365752e-16
1.5612511283791264e-17
5.2041704279304136e-18
-1.5612511283791264e-17
6.245004513516506e-17
-1.734723475976807e-17
4.597017211338539e-17
7.632783294297951e-17
-1.9081958235744878e-17
-3.4694469519536084e-18
-1.734723475976807e-18
5.2475385148298415e-17
-6.938893903907228e-18
5.767955557622884e-17
4.423544863740858e-17
1.214306433183765e-16
-1.734723475976807e-17
2.0816681711721685e-17
-8.326672684688674e-17
2.1033522146218786e-17
-4.336808689942018e-19
4.33680868994202e-18
4.163336342344337e-17
-1.5265566588595902e-16
-3.885780586188048e-16
1.4051260155412137e-16
-8.239936510889834e-18
1.9949319973733282e-17
2.5370330836160804e-17
9.540979117872439e-18
1.7347234759768074e-17
-7.806255641895632e-18
-1.5178830414797062e-17
-2.0816681711721685e-17
-3.469446951953615e-18
-5.0306980803327406e-17
1.6479873021779667e-17
1.3877787807814457e-17
1.734723475976807e-18
-2.949029909160572e-17
1.9081958235744878e-17
8.673617379884031e-19
-3.903127820947816e-18
1.0191500421363742e-16
3.469446951953614e-18
0.7071067811865476
1.9081958235744878e-17
-1.474514954580286e-17
6.938893903907228e-18
-9.540979117872439e-18
-1.3877787807814457e-17
-4.336808689942018e-18
3.642919299551295e-17
1.491862189340054e-16
-2.7755575615628914e-17
-0.35355339059327384
1.734723475976807e-17
3.0357660829594124e-18
-9.540979117872439e-18
2.8102520310824275e-16
2.0122792321330962e-16
-2.7755575615628914e-17
-4.683753385137379e-17
-7.546047120499111e-17
0.0
-5.204170427930421e-18
-7.979727989493313e-17
-5.204170427930423e-18
-5.204170427930421e-18
1.734723475976807e-18
3.469446951953614e-17
2.671474153004283e-16
-2.42861286636753e-17
2.949029909160572e-17
2.2985086056692694e-17
6.245004513516506e-17
-3.4694469519536138e-18
7.37257477290143e-18
-8.326672684688674e-17
-2.42861286636753e-17
-2.0816681711721685e-17
-1.9081958235744878e-17
4.3107878378023656e-16
8.218252467440124e-17
-4.163336342344337e-17
1.3877787807814457e-17
1.587000929975657e-17
-2.0816681711721685e-17
-7.806255641895632e-17
-3.469446951953614e-18
-2.0816681711721685e-17
-2.0816681711721685e-17
6.9388939039072276e-18
-3.469446951953614e-18
-1.9081958235744878e-17
-6.071532165918825e-18
8.673617379884035e-19
-1.1102230246251568e-16
1.474514954580286e-17
8.673617379884035e-19
7.28583859910259e-17
-5.551115123125783e-17
-3.491130995403324e-17
3.469446951953614e-18
-4.336808689942018e-18
7.025630077706069e-17
-3.324689161705887e-34
-8.67361737988404e-19
8.760353553682876e-17
3.2959746043559335e-17
-1.3877787807814455e-17
1.214306433183765e-17
1.6479873021779667e-17
-8.673617379884035e-17
-6.288372600415926e-18
-7.45931094670027e-17
2.6020852139652106e-17
1.457167719820518e-16
1.9081958235744878e-17
1.3877787807814457e-17
1.734723475976807e-17
-9.974659986866641e-17
-1.5612511283791264e-17
4.5102810375396984e-17
3.9898639947466563e-17
8.326672684688674e-17
-3.469446951953614e-18
7.911383541872899e-49
4.0115480381963664e-17
-3.469446951953614e-18
-4.163336342344337e-17
1.0408340855860843e-17
-2.2551405187698492e-17
-6.938893903907228e-18
-0.9999999999999998
-1.1796119636642288e-16
-2.949029909160572e-17
1.214306433183765e-17
-6.179952383167375e-17
-2.6020852139652106e-18
3.122502256758253e-17
2.949029909160572e-17
9.540979117872439e-18
6.938893903907228e-17
-4.8572257327350586e-17
1.249000902703301e-16
3.469446951953614e-17
-9.540979117872439e-18
-5.204170427930421e-18
-1.249000902703301e-16
1.3877787807814457e-17
0.0
-1.1188966420050406e-16
6.9388939039072276e-18
7.22223729145213e-35
-2.0816681711721685e-17
2.3852447794681098e-17
8.500145032286355e-17
2.2551405187698492e-17
1.3010426069826053e-17
-3.9898639947466563e-17
6.591949208711867e-17
1.6479873021779667e-17
6.938893903907228e-17
3.469446951953614e-18
-2.706168622523819e-16
6.938893903907228e-18
2.740863092043355e-16
3.9898639947466563e-17
1.717376241217039e-16
2.6020852139652106e-18
-4.163336342344337e-17
1.3010426069826056e-17
-1.0408340855860835e-17
9.540979117872439e-18
-2.775557561562891e-17
3.2959746043559335e-17
-5.204170427930421e-18
-1.6696713456276768e-17
3.0357660829594124e-17
1.1449174941446927e-16
8.326672684688674e-17
-1.3877787807814457e-17
1.5699247457590104e-16
-1.9949319973733282e-16
-1.3877787807814457e-17
0.0
5.204170427930421e-18
-9.020562075079397e-17
-5.204170427930421e-17
-1.474514954580286e-17
8.673617379884035e-19
4.1633363423443364e-17
1.734723475976807e-17
2.7972416050126014e-17
2.4286128663675302e-17
8.673617379884035e-18
-1.214306433183765e-17
1.9949319973733282e-17
4.0766001685454967e-17
-3.0357660829594124e-17
-2.0816681711721685e-17
-7.806255641895632e-18
-2.5153490401663703e-17
-1.700029006457271e-16
1.1275702593849246e-17
-6.071532165918826e-18
-1.1275702593849246e-17
2.0816681711721685e-17
3.8163916471489756e-17
-1.3010426069826053e-17
7.589415207398531e-17
1.5439038936193583e-16
6.071532165918825e-18
-4.336808689942018e-18
-3.4694469519536096e-18
-2.4286128663675302e-17
-4.85722573273506e-17
1.0408340855860843e-17
2.2551405187698492e-17
2.949029909160572e-17
5.858436651022877e-35
-3.187554387107383e-17
1.0408340855860843e-17
-1.3877787807814457e-17
-3.7947076036992655e-18
1.3010426069826053e-17
3.469446951953615e-18
-1.734723475976807e-17
-7.632783294297951e-17
-3.469446951953614e-17
9.540979117872439e-18
1.4224732503009818e-16
1.734723475976807e-17
-1.040834085586085e-17
8.565197162635485e-17
3.122502256758253e-17
-2.1250362580715887e-17
2.168404344971009e-17
3.469446951953614e-18
2.3592239273284576e-16
-3.642919299551295e-17
-1.0408340855860843e-17
1.734723475976807e-18
-1.214306433183765e-17
1.214306433183765e-17
1.3010426069826053e-17
-3.0357660829594124e-17
4.8138576458356397e-17
-1.8214596497756474e-17
-1.5612511283791264e-17
-1.214306433183765e-17
2.7755575615628904e-17
-6.591949208711867e-17
6.938893903907228e-17
3.469446951953614e-18
1.3877787807814457e-17
-4.163336342344337e-17
1.6479873021779667e-17
-2.5587171270657905e-17
-5.204170427930421e-18
-2.949029909160572e-17
-1.7347234759768086e-18
-2.0383000842727483e-17
6.9388939039072276e-18
-1.0408340855860843e-17
-3.122502256758253e-17
1.734723475976807e-17
6.938893903907228e-18
8.673617379884035e-17
-1.491862189340054e-16
-2.7755575615628914e-17
-7.979727989493313e-17
9.75781955236954e-17
-1.214306433183765e-16
-6.700369425960417e-17
-2.7755575615628914e-17
-1.8214596497756474e-17
-2.5153490401663703e-17
-1.9081958235744878e-17
-1.734723475976807e-18
5.204170427930421e-18
-2.168404344971009e-17
-6.938893903907228e-18
-4.163336342344337e-17
-6.245004513516506e-17
1.4094628242311558e-17
1.0408340855860843e-17
3.729655473350135e-17
1.1102230246251565e-16
-1.929879867024198e-17
-2.42861286636753e-17
2.233456475320139e-17
-2.6020852139652106e-17
-1.8041124150158794e-16
-6.938893903907228e-18
-3.122502256758253e-17
-3.469446951953615e-18
1.6263032587282567e-17
-6.938893903907228e-18
-2.7755575615628914e-17
-9.714451465470118e-17
1.6653345369377348e-16
-8.673617379884035e-18
6.331740687315346e-17
-4.336808689942018e-18
1.249000902703301e-16
2.0816681711721682e-17
-6.071532165918825e-18
-9.540979117872439e-18
-1.214306433183765e-16
-1.3877787807814457e-17
2.905661822261152e-17
1.0408340855860843e-17
4.85722573273506e-17
-3.8163916471489756e-17
1.5612511283791264e-17
6.071532165918825e-18
-8.673617379884035e-18
-6.245004513516506e-17
1.734723475976807e-18
1.1796119636642288e-16
2.168404344971009e-17
1.3877787807814454e-17
-6.938893903907228e-18
-8.673617379884035e-19
-5.551115123125783e-17
6.938893903907228e-18
1.0408340855860843e-17
5.551115123125783e-17
-1.1449174941446927e-16
6.591949208711867e-17
-1.474514954580286e-16
-8.673617379884035e-17
-3.122502256758253e-17
9.540979117872439e-18
-4.336808689942018e-17
1.0321604682062002e-16
8.456776945386935e-17
2.7755575615628914e-17
-8.847089727481716e-17
-2.6020852139652106e-18
-1.1102230246251565e-16
-6.852157730108388e-17
2.688821387764051e-17
0.0
6.938893903907228e-18
-3.0791341698588326e-17
2.42861286636753e-17
2.0166160408230382e-17
4.3021142204224816e-16
5.074066167232161e-17
6.071532165918825e-18
-1.9949319973733282e-17
3.469446951953614e-18
1.3010426069826053e-17
-4.163336342344337e-17
1.8214596497756474e-17
-5.204170427930421e-17
-1.3877787807814457e-17
-3.2959746043559335e-17
1.3877787807814457e-17
-5.898059818321144e-17
1.249000902703301e-16
1.196959198423997e-16
-1.1796119636642288e-16
-1.0408340855860843e-17
-2.0383000842727483e-17
2.1250362580715887e-17
4.163336342344337e-17
-4.163336342344337e-17
1.0798653637955624e-16
1.734723475976807e-17
3.469446951953614e-17
-1.0408340855860843e-17
6.938893903907228e-18
1.5265566588595902e-16
-7.806255641895641e-18
-0.707106781186547
6.938893903907228e-18
2.927345865710862e-17
1.3877787807814454e-17
-1.0408340855860843e-17
-6.071532165918825e-18
1.6306400674181987e-16
1.3877787807814457e-17
-0.707106781186546
1.3877787807814457e-16
2.0816681711721682e-17
2.0816681711721685e-16
3.209238430557093e-17
-2.42861286636753e-17
-1.474514954580286e-17
-9.454242944073599e-17
-1.734723475976807e-16
1.214306433183765e-17
1.0018028073766061e-16
6.938893903907228e-18
-1.1102230246251565e-16
-3.165870343657673e-17
-2.498001805406602e-16
1.6479873021779667e-17
-1.249000902703301e-16
5.898059818321144e-17
1.8388068845354155e-16
1.457167719820518e-16
-5.204170427930421e-18
-1.5612511283791264e-16
-6.938893903907228e-18
-1.0668549377257364e-16
1.48318857196017e-16
-1.708702623837155e-16
7.28583859910259e-17
-0.9999999999999999
0.7071067811865495
3.469446951953614e-18
-1.734723475976807e-16
-1.734723475976807e-17
5.204170427930421e-18
0.9999999999999996
5.551115123125783e-17
1.457167719820518e-16
0.7071067811865488
3.469446951953614e-17
1.3010426069826053e-17
3.469446951953614e-17
-1.1736135598609748e-34
-5.551115123125783e-17
0.7071067811865477
1.1796119636642288e-16
6.158268339717665e-17
0.4999999999999998
2.6020852139652106e-17
-0.4999999999999998
-2.5673907444456745e-16
0.9999999999999991
3.174543961037557e-16
-0.999999999999999
-3.469446951953614e-17
-1.8735013540549517e-16
-6.678685382510707e-17
9.80118763926896e-17
7.806255641895632e-18
6.071532165918825e-18
8.326672684688674e-17
-1.8041124150158794e-16
1.1015494072452725e-16
-2.7755575615628914e-17
-1.5265566588595902e-16
9.974659986866641e-18
-1.8041124150158794e-16
-2.0816681711721685e-17
-3.903127820947816e-17
2.0816681711721685e-16
3.469446951953614e-18
1.7694179454963432e-16
2.1163626406917047e-16
3.469446951953614e-18
1.3877787807814457e-17
-0.7071067811865466
2.185751579730777e-16
-3.0357660829594124e-17
6.938893903907228e-17
-0.9999999999999987
-1.9081958235744878e-17
-2.0816681711721685e-16
0.9999999999999996
-2.905661822261152e-17
1.3877787807814457e-16
-1.6653345369377348e-16
-1.3877787807814457e-16
1.942890293094024e-16
5.551115123125783e-17
-0.9999999999999989
-0.9999999999999989
7.155734338404329e-17
6.938893903907228e-18
-0.7071067811865466
-3.469446951953614e-18
-3.469446951953614e-18
1.734723475976807e-16
0.7071067811865468
-8.326672684688674e-17
-9.367506770274758e-17
9.540979117872439e-18
1.7347234759768063e-18
-6.41463530422127e-50
-4.163336342344337e-17
1.196959198423997e-16
1.3704315460216776e-16
2.6020852139652106e-18
0.9999999999999987
6.938893903907228e-18
0.0
-5.377642775528102e-17
-5.551115123125783e-17
-9.6710833785707e-17
3.122502256758253e-17
1.5265566588595902e-16
1.1796119636642288e-16
-1.97758476261356e-16
1.6393136847980827e-16
8.326672684688674e-17
-1.3530843112619095e-16
-1.249000902703301e-16
8.673617379884035e-17
1.734723475976807e-16
1.5959455978986625e-16
1.1796119636642288e-16
9.408131779524529e-49
2.0816681711721685e-17
-7.979727989493313e-17
2.42861286636753e-16
-1.5265566588595902e-16
1.214306433183765e-17
0.9999999999999988
1.4224732503009818e-16
-1.2836953722228372e-16
-1.1796119636642288e-16
-6.938893903907227e-17
-8.673617379884035e-19
0.9999999999999998
1.6306400674181987e-16
-6.938893903907228e-18
1.0408340855860843e-17
1.5265566588595902e-16
0.9999999999999992
1.5439038936193583e-16
0.9999999999999991
4.163336342344337e-16
-9.915028867379938e-17
5.898059818321144e-17
3.0357660829594124e-18
1.3877787807814457e-17
-1.0061396160665481e-16
-1.1796119636642288e-16
1.3877787807814457e-17
-0.9999999999999996
2.2768245622195593e-17
2.7755575615628914e-17
-1.7105694144590052e-49
-6.938893903907228e-17
0.0
-9.237402509576498e-17
-1.8041124150158794e-16
9.194034422677078e-17
3.469446951953613e-18
-9.71445146547012e-17
-1.5612511283791264e-16
-1.5265566588595902e-16
-1.5612511283791264e-16
1.9081958235744878e-16
-4.85722573273506e-17
-8.760353553682876e-17
-0.9999999999999988
3.9898639947466563e-17
-3.642919299551294e-17
-1.0061396160665481e-16
6.093216209368535e-17
-0.999999999999999
1.6653345369377348e-16
1.8388068845354155e-16
-6.938893903907228e-18
1.387778780781446e-17
-2.7755575615628914e-17
9.020562075079397e-17
-1.4224732503009818e-16
3.469446951953615e-17
1.3877787807814457e-16
3.122502256758253e-17
1.5959455978986625e-16
-0.4999999999999992
-1.4224732503009818e-16
-2.7755575615628914e-17
-1.214306433183765e-17
-6.245004513516506e-17
0.9999999999999988
1.7347234759768069e-18
3.2959746043559335e-17
9.020562075079397e-17
2.0122792321330962e-16
-3.469446951953614e-18
0.0
-0.9999999999999988
-2.0816681711721685e-17
1.3877787807814457e-16
-1.2836953722228372e-16
-6.591949208711867e-17
-2.1382117680737565e-49
-1.3877787807814457e-17
-8.153200337090993e-17
-0.9999999999999996
9.194034422677078e-17
1.4224732503009818e-16
-0.7071067811865485
1.3530843112619095e-16
0.0
1.5265566588595902e-16
4.336808689942018e-18
1.0581813203458523e-16
1.1709383462843448e-16
-9.020562075079397e-17
-4.336808689942018e-18
4.5102810375396984e-17
-1.8735013540549517e-16
0.0
1.3877787807814457e-17
3.469446951953614e-18
-1.2836953722228372e-16
-0.7071067811865466
-1.249000902703301e-16
-6.938893903907228e-18
-9.8879238130678e-17
1.0581813203458523e-16
-1.1232334506949826e-16
2.343374660409151e-34
-2.5153490401663703e-17
2.0122792321330962e-16
-9.020562075079397e-17
2.498001805406602e-16
6.9388939039072214e-18
1.7694179454963432e-16
-9.020562075079397e-17
-5.551115123125783e-17
1.6306400674181987e-16
-0.9999999999999996
0.7071067811865467
-2.0816681711721685e-16
9.714451465470121e-17
2.220446049250313e-16
-1.5265566588595905e-16
-1.5612511283791264e-17
-7.28583859910259e-17
-3.370377402677661e-34
-8.500145032286355e-17
9.367506770274758e-17
5.204170427930421e-17
-1.5959455978986625e-16
5.0306980803327406e-17
1.9081958235744878e-16
-0.9999999999999991
-0.9999999999999991
-1.942890293094024e-16
-0.7071067811865462
1.249000902703301e-16
6.591949208711867e-17
4.336808689942018e-18
1.6653345369377348e-16
5.204170427930421e-18
8.673617379884031e-18
-1.700029006457271e-16
-7.979727989493313e-17
-6.071532165918825e-18
0.7071067811865468
1.3530843112619095e-16
7.28583859910259e-17
9.020562075079397e-17
1.387778780781446e-17
-9.107298248878237e-17
-3.469446951953614e-18
1.0408340855860843e-16
-0.7071067811865472
-1.3183898417423734e-16
1.734723475976807e-17
1.491862189340054e-16
1.0408340855860843e-17
1.8735013540549517e-16
-1.8388068845354155e-16
0.707106781186546
4.163336342344337e-17
-1.6808056736374474e-34
-6.938893903907228e-18
-1.491862189340054e-16
-1.474514954580286e-17
1.8041124150158794e-16
0.8508410037987859
-4.163336342344337e-17
1.1709383462843448e-16
-3.469446951953614e-17
3.469446951953615e-18
3.3393426912553537e-17
5.681219383824043e-17
-2.42861286636753e-17
1.457167719820518e-16
2.0816681711721685e-17
0.9999999999999999
-8.326672684688674e-17
1.734723475976807e-18
-2.0816681711721685e-17
0.499999999999999
-2.2551405187698492e-17
6.938893903907228e-18
-6.5052130349130266e-18
-9.194034422677078e-17
-1.1102230246251564e-16
-5.898059818321144e-17
2.0816681711721685e-16
-1.1709383462843448e-17
-6.9388939039072276e-18
2.220446049250313e-16
-0.7071067811865462
2.3245294578089215e-16
1.0408340855860843e-17
-2.42861286636753e-17
-0.7071067811865466
-9.71445146547012e-17
3.0531133177191805e-16
-9.71445146547012e-17
-1.942890293094024e-16
7.632783294297951e-17
-2.0816681711721685e-17
1.3183898417423734e-16
-1.5612511283791264e-16
1.48318857196017e-16
1.2836953722228372e-16
1.942890293094024e-16
-8.239936510889834e-18
-3.2959746043559335e-17
6.071532165918825e-18
-1.7694179454963432e-16
1.7347234759768074e-17
1.6306400674181987e-16
1.3530843112619095e-16
-4.704065889762264e-49
-1.249000902703301e-16
2.42861286636753e-17
-1.6393136847980827e-16
1.6479873021779667e-17
3.0878077872387166e-16
6.938893903907228e-18
1.205632815803881e-16
0.9999999999999993
5.551115123125783e-17
1.5525775109992423e-16
-1.0061396160665481e-16
-2.1597307275911248e-16
0.9999999999999994
1.3877787807814455e-17
-1.474514954580286e-17
-4.5102810375396984e-17
0.8508410037987859
1.734723475976807e-16
-4.276423536147513e-49
0.7071067811865466
7.806255641895632e-17
-0.7071067811865469
3.8163916471489756e-16
-1.5612511283791264e-16
1.7347234759768068e-17
-1.6653345369377348e-16
-1.6653345369377348e-16
-0.9999999999999996
1.6306400674181987e-16
-5.204170427930421e-18
-0.9999999999999987
5.204170427930421e-18
5.637851296924623e-18
0.9999999999999986
-2.168404344971009e-17
2.6075062248276382e-17
-1.0408340855860843e-17
-2.42861286636753e-17
0.0
-1.734723475976807e-17
-3.469446951953614e-18
-6.7220534694101275e-18
-5.204170427930421e-18
-2.0816681711721685e-17
1.5612511283791264e-16
-1.5265566588595902e-16
-2.0816681711721685e-16
-2.1510571102112408e-16
-6.938893903907228e-18
-2.0816681711721685e-17
-1.3877787807814457e-17
-6.071532165918825e-18
-1.5612511283791264e-16
1.3877787807814457e-16
-0.9999999999999994
0.7071067811865469
0.707106781186547
-3.469446951953614e-18
-1.5612511283791264e-16
-0.9999999999999988
-1.734723475976807e-17
1.7694179454963432e-16
-1.8735013540549517e-16
-0.9999999999999989
1.474514954580286e-17
-1.1796119636642288e-16
-2.7755575615628914e-17
3.469446951953614e-17
6.9388939039072276e-18
-0.999999999999999
-2.8796409701215e-16
-5.204170427930421e-17
1.4224732503009818e-16
2.0816681711721685e-17
2.7755575615628914e-17
-1.734723475976807e-17
-8.673617379884035e-17
-1.457167719820518e-16
1.8041124150158794e-16
1.249000902703301e-16
3.469446951953614e-18
-1.5785983631388945e-16
-1.4224732503009818e-16
1.942890293094024e-16
1.8041124150158794e-16
-0.9999999999999987
2.0556473190325164e-16
0.9999999999999996
6.9388939039072276e-18
6.071532165918825e-18
3.469446951953614e-18
-1.9081958235744878e-16
0.9999999999999991
-1.8388068845354155e-16
-3.0184188481996443e-16
-9.8879238130678e-17
1.942890293094024e-16
0.999999999999999
6.245004513516506e-17
7.979727989493313e-17
0.7071067811865464
1.3877787807814457e-16
6.938893903907228e-18
-1.6653345369377348e-16
1.249000902703301e-16
-1.2923689896027213e-16
-0.9999999999999991
1.3097162243624894e-16
2.7755575615628914e-17
-1.929879867024198e-17
2.2551405187698492e-17
1.9081958235744878e-16
-6.938893903907228e-18
1.734723475976807e-17
0.9999999999999996
1.8041124150158794e-16
-1.3010426069826053e-17
-1.0755285551056204e-16
-2.6020852139652106e-18
-6.245004513516506e-17
1.214306433183765e-17
1.5265566588595902e-16
-1.0733601507606494e-16
1.0408340855860843e-17
3.0357660829594124e-17
1.9081958235744878e-17
2.5673907444456745e-16
3.8163916471489756e-17
-1.2836953722228372e-16
-0.9999999999999994
1.3791051634015616e-16
0.7071067811865465
3.4694469519536138e-18
-7.806255641895632e-18
1.942890293094024e-16
-4.163336342344337e-17
4.163336342344337e-17
-9.71445146547012e-17
-1.3877787807814457e-17
4.336808689942018e-18
3.469446951953614e-17
