0.9999999999999991
-5.204170427930421e-18
5.204170427930421e-18
2.7755575615628914e-17
4.814824860968088e-34
-1.1492543028346347e-17
6.938893903907226e-18
2.6020852139652106e-18
-8.326672684688674e-17
-4.336808689942018e-18
5.637851296924623e-18
-6.938893903907228e-18
-1.3877787807814457e-16
-3.382710778154774e-17
6.938893903907228e-18
-6.938893903907228e-18
-2.42861286636753e-17
1.249000902703301e-16
1.734723475976807e-17
-3.46944695195361e-18
1.0408340855860843e-17
-3.295974604355933e-17
1.9081958235744878e-17
-1.1188966420050406e-16
-3.816391647148975e-17
-1.97758476261356e-16
-6.938893903907228e-17
1.3877787807814455e-17
5.204170427930421e-17
-8.847089727481716e-17
-1.5178830414797062e-17
3.816391647148975e-17
-8.673617379884035e-17
-1.1188966420050406e-16
-6.938893903907228e-17
-2.7755575615628914e-17
-1.474514954580286e-17
-4.163336342344337e-17
-4.163336342344337e-17
1.6046192152785466e-17
1.3877787807814455e-17
-1.3877787807814457e-17
4.1633363423443364e-17
1.0061396160665481e-16
-1.3010426069826053e-17
5.858436651022875e-35
2.044892552744113e-33
-0.7071067811865479
-6.938893903907228e-18
-3.469446951953612e-18
1.9081958235744878e-17
-1.5612511283791264e-17
1.3877787807814457e-17
-1.5612511283791258e-17
7.806255641895632e-18
-3.469446951953614e-17
1.1275702593849246e-17
8.786247678476324e-67
8.673617379884035e-19
-3.469446951953615e-18
1.0408340855860843e-17
-3.176712365382528e-17
7.806255641895632e-18
1.1275702593849254e-17
3.469446951953614e-17
8.673617379884035e-18
2.0816681711721685e-17
-2.0816681711721685e-17
-3.122502256758253e-17
-1.734723475976807e-17
1.0408340855860843e-17
6.938893903907228e-18
1.0408340855860843e-17
-9.540979117872439e-18
3.0357660829594124e-18
-9.71445146547012e-17
1.3010426069826053e-17
-5.204170427930421e-18
8.326672684688674e-17
-4.423544863740858e-17
-3.469446951953614e-18
2.7267684638010437e-17
-1.214306433183765e-17
1.2143064331837654e-17
-3.469446951953614e-18
-1.0191500421363742e-17
1.1449174941446927e-16
2.688821387764051e-17
-8.326672684688674e-17
3.469446951953614e-18
4.163336342344336e-17
3.165870343657673e-17
-2.862293735361732e-17
-3.469446951953614e-18
-3.469446951953614e-18
3.469446951953614e-18
-2.42861286636753e-17
-3.469446951953614e-18
1.7607443281164592e-16
-2.3418766925686896e-17
-4.85722573273506e-17
6.158268339717665e-17
1.734723475976807e-18
8.673617379884035e-19
1.1275702593849246e-17
7.806255641895633e-18
1.3877787807814452e-17
-4.597017211338539e-17
-1.9949319973733282e-17
-4.336808689942018e-19
3.469446951953614e-18
9.75781955236954e-18
-1.5178830414797062e-17
1.734723475976807e-17
-1.3877787807814457e-16
-2.775557561562891e-17
-5.160802341031001e-17
1.734723475976807e-17
6.938893903907228e-17
6.071532165918825e-18
6.418476861114186e-17
-7.806255641895632e-18
-1.214306433183765e-17
1.3010426069826053e-17
1.5829351718288365e-17
7.28583859910259e-17
-6.938893903907228e-18
3.209238430557093e-17
3.4694469519536138e-18
7.806255641895632e-18
8.673617379884035e-18
-4.336808689942018e-18
-5.204170427930421e-18
3.382710778154774e-17
-2.168404344971009e-17
-4.7704895589362195e-17
-8.153200337090993e-17
1.3877787807814457e-16
3.469446951953614e-18
-3.469446951953614e-17
1.3877787807814454e-17
-3.0357660829594124e-18
-0.7071067811865471
-2.0383000842727483e-17
3.469446951953614e-18
1.3010426069826053e-17
-3.469446951953616e-18
1.5352302762394743e-16
1.0191500421363742e-17
-1.734723475976807e-17
3.5561831257524545e-17
3.8163916471489756e-17
-1.3877787807814457e-17
1.93421667571414e-16
2.42861286636753e-17
8.673617379884035e-18
3.4694469519536138e-18
-7.806255641895632e-18
1.171687330204574e-34
1.734723475976807e-17
-1.734723475976807e-17
1.7347234759768027e-18
5.559350596991767e-49
2.168404344971009e-17
8.636935751101381e-34
7.806255641895632e-18
-1.3877787807814457e-17
-1.1102230246251565e-16
-3.7903707950093235e-16
8.673617379884035e-19
-4.1633363423443364e-17
-3.469446951953614e-17
7.32920668600201e-17
2.0166160408230382e-17
0.0
-4.597017211338539e-17
-5.2583805365546965e-17
6.071532165918825e-17
-2.3418766925686896e-17
-4.276423536147513e-50
3.469446951953614e-18
5.551115123125783e-17
4.8572257327350605e-17
1.734723475976807e-18
6.938893903907228e-18
1.734723475976807e-17
-3.46944695195361e-18
-1.3010426069826053e-17
-1.3530843112619095e-16
-9.869627901407108e-18
-2.0816681711721685e-17
-8.673617379884035e-19
-1.1275702593849246e-17
-2.7755575615628914e-17
-3.794707603699268e-18
-1.0408340855860843e-17
-6.938893903907228e-18
-1.3877787807814457e-17
-5.0306980803327406e-17
1.7347234759768062e-17
4.597017211338539e-17
4.2500725161431774e-17
-3.469446951953614e-18
3.5561831257524545e-17
4.85722573273506e-17
1.5612511283791264e-17
6.5052130349130266e-18
-8.673617379884035e-18
4.423544863740858e-17
1.3877787807814449e-17
2.1250362580715887e-17
-1.3183898417423734e-16
2.7755575615628914e-17
1.9081958235744878e-17
-1.1275702593849246e-17
-4.163336342344337e-17
3.469446951953614e-18
-1.4137996329210978e-16
-7.632783294297951e-17
5.204170427930421e-18
-8.673617379884035e-18
3.122502256758253e-17
-5.204170427930421e-18
-5.858436651022992e-35
0.0
9.107298248878237e-18
4.336808689942018e-17
1.9081958235744878e-17
0.7071067811865468
-4.1633363423443364e-17
0.0
1.4137996329210978e-16
1.3877787807814455e-17
-2.0816681711721685e-17
2.168404344971009e-17
-3.0357660829594124e-17
-1.0408340855860833e-17
3.2742905609062234e-17
-9.063930161978817e-17
3.881443777498106e-17
1.3877787807814454e-17
-3.2959746043559335e-17
7.806255641895632e-18
2.0816681711721685e-17
6.938893903907227e-18
-6.938893903907227e-18
-8.673617379884035e-17
8.673617379884035e-18
-6.938893903907228e-17
-1.5265566588595902e-16
4.163336342344337e-17
2.7755575615628914e-17
4.423544863740858e-17
-6.071532165918825e-18
-2.7755575615628914e-17
0.3535533905932735
7.979727989493313e-17
5.984795992119984e-17
-3.8163916471489756e-17
3.122502256758253e-17
-1.734723475976807e-17
-2.42861286636753e-17
1.5612511283791264e-17
1.2836953722228372e-16
-2.0816681711721685e-17
3.4211388289180104e-49
1.717376241217039e-16
4.2717565595928875e-17
2.2551405187698492e-17
4.163336342344337e-17
-2.949029909160572e-17
-1.5265566588595902e-16
-2.6020852139652106e-18
1.040834085586084e-17
6.5052130349130266e-18
-1.0408340855860843e-17
-1.0148132334464322e-16
-1.5407439555097887e-33
-2.5804011705155006e-17
2.7755575615628914e-17
8.326672684688674e-17
-3.469446951953614e-18
3.122502256758253e-17
1.734723475976807e-17
1.5547459153442134e-16
6.9388939039072276e-18
-1.734723475976807e-17
-6.071532165918825e-17
-3.469446951953614e-17
-1.1796119636642288e-16
4.336808689942018e-17
-2.5045070184415152e-17
3.8163916471489756e-17
8.673617379884035e-18
2.949029909160572e-17
-1.734723475976807e-18
6.548581121812447e-17
1.734723475976807e-17
-4.336808689942018e-18
1.249000902703301e-16
-1.1796119636642288e-16
2.6020852139652106e-17
-9.540979117872439e-18
-6.938893903907227e-18
1.5612511283791264e-17
-2.6020852139652106e-17
-1.7347234759768068e-17
-1.734723475976807e-18
4.163336342344337e-17
1.7780915628762273e-17
-6.765421556309548e-17
2.42861286636753e-17
1.0408340855860843e-17
3.382710778154774e-17
3.469446951953614e-18
1.8388068845354155e-16
3.469446951953614e-18
3.469446951953615e-18
3.4694469519536123e-18
-1.0842021724855044e-17
-1.5612511283791264e-17
1.0842021724855044e-18
1.6479873021779667e-17
-1.734723475976807e-18
-1.9081958235744878e-16
-6.938893903907226e-18
-1.9081958235744878e-17
-2.949029909160572e-17
-2.8449465006019636e-16
1.3010426069826053e-17
2.862293735361732e-17
1.734723475976807e-17
-8.673617379884035e-18
-2.0816681711721685e-17
-5.984795992119983e-17
-1.7347234759768062e-17
1.4137996329210978e-16
1.734723475976807e-18
7.632783294297951e-17
1.387778780781445e-17
9.71445146547012e-17
-2.6020852139652106e-17
9.71445146547012e-17
-6.591949208711867e-17
3.469446951953615e-18
-5.551115123125783e-17
-2.42861286636753e-17
-1.4311468676808659e-16
4.85722573273506e-17
7.15573433840433e-18
2.7755575615628914e-17
-6.591949208711867e-17
-8.239936510889834e-18
-1.0842021724855044e-18
-1.8041124150158794e-16
4.163336342344333e-17
3.469446951953614e-17
3.469446951953614e-18
-2.3418766925686896e-17
-6.938893903907228e-17
2.6020852139652106e-17
2.8102520310824275e-16
-4.163336342344337e-17
-1.734723475976807e-17
3.3393426912553537e-17
3.3703774026776585e-34
6.245004513516506e-17
-6.938893903907228e-18
-1.3877787807814454e-17
1.3877787807814463e-17
-2.435118079402443e-16
-2.0816681711721685e-17
-1.7780915628762273e-17
-2.3852447794681098e-18
-2.6020852139652106e-18
1.3010426069826053e-17
1.3877787807814457e-17
-2.7755575615628914e-17
-2.038300084272748e-17
-1.5612511283791264e-17
2.0599841277224584e-17
-6.0715321659188256e-18
6.938893903907228e-18
-1.214306433183765e-17
0.0
-2.6020852139652106e-18
3.903127820947816e-17
-3.469446951953614e-17
-1.734723475976807e-17
-1.0408340855860843e-17
-1.0408340855860846e-17
3.903127820947816e-17
-1.3877787807814457e-17
-5.204170427930422e-18
8.326672684688673e-17
-2.68882138776405e-17
-1.734723475976807e-17
-4.640385298237959e-17
1.3877787807814457e-17
1.3877787807814457e-17
-4.5102810375396984e-17
-1.9081958235744878e-17
3.9898639947466563e-17
6.938893903907228e-18
-1.5612511283791264e-17
1.5612511283791264e-17
-2.3418766925686896e-17
-2.42861286636753e-17
-1.3877787807814457e-17
-1.3877787807814457e-17
-2.0816681711721685e-17
1.0842021724855044e-18
1.5612511283791264e-17
5.204170427930421e-18
2.2551405187698492e-17
8.890457814381136e-18
-5.637851296924623e-18
-3.122502256758253e-17
-9.280770596475918e-17
1.3877787807814457e-17
-6.938893903907226e-18
-1.3444106938820255e-17
-4.466912950640278e-17
-6.938893903907227e-18
7.025630077706069e-17
3.729655473350135e-17
-3.469446951953614e-17
-1.1275702593849246e-17
1.3877787807814457e-17
2.949029909160572e-17
-8.239936510889834e-18
-1.734723475976807e-17
-2.5153490401663703e-17
-3.209238430557093e-17
0.7071067811865464
4.85722573273506e-17
-5.204170427930421e-17
-5.204170427930421e-18
6.938893903907228e-18
-3.469446951953614e-18
-1.734723475976807e-17
1.6219664500383146e-16
1.0408340855860843e-17
-9.107298248878237e-18
1.734723475976807e-18
-3.903127820947815e-18
-4.85722573273506e-17
1.734723475976807e-18
-0.9999999999999997
4.5319650809894085e-17
-4.336808689942018e-18
-2.6020852139652106e-18
1.0755285551056204e-16
1.6263032587282567e-17
6.93889390390723e-17
7.979727989493313e-17
4.5102810375396984e-17
-4.163336342344337e-17
-1.387778780781446e-17
3.469446951953614e-17
1.214306433183765e-17
3.2959746043559335e-17
1.3877787807814457e-17
0.7071067811865466
1.9081958235744875e-17
-2.8514517136368767e-17
3.469446951953614e-17
-1.0408340855860843e-17
-3.469446951953614e-18
-1.3183898417423734e-16
-4.336808689942018e-18
-7.28583859910259e-17
1.3357370765021415e-16
-3.469446951953614e-17
-0.35355339059327334
1.97758476261356e-16
-1.1709383462843448e-17
-7.28583859910259e-17
6.938893903907228e-18
1.3877787807814457e-17
-3.469446951953614e-18
3.5561831257524545e-17
2.0816681711721685e-17
-1.5178830414797062e-17
-3.469446951953614e-18
1.457167719820518e-16
-8.673617379884035e-19
-2.454633718507182e-16
1.0408340855860843e-17
-6.938893903907227e-18
8.673617379884035e-19
8.673617379884035e-19
3.8163916471489756e-17
4.85722573273506e-17
3.469446951953614e-18
1.734723475976807e-18
-1.474514954580286e-17
-1.5265566588595902e-16
1.249000902703301e-16
-2.7755575615628914e-17
4.336808689942018e-18
-1.5439038936193583e-16
1.2836953722228372e-16
3.469446951953614e-18
-1.3877787807814457e-17
-1.734723475976807e-17
1.942890293094024e-16
0.0
-1.6653345369377348e-16
1.0408340855860843e-17
1.6653345369377348e-16
1.726049858596923e-16
2.6020852139652106e-18
-4.163336342344337e-17
2.2551405187698492e-17
1.0408340855860843e-17
3.469446951953614e-17
-2.229119666630197e-16
1.3183898417423734e-16
-2.0469737016526324e-16
-9.540979117872439e-18
2.42861286636753e-17
3.469446951953614e-18
-1.5092094240998222e-16
-1.1709383462843448e-16
3.122502256758253e-17
-3.469446951953614e-18
-1.8735013540549517e-16
1.734723475976807e-16
6.938893903907233e-18
1.448494102440634e-16
1.1796119636642288e-16
-1.5872719805187785e-16
-1.4311468676808659e-16
1.5265566588595902e-16
1.3877787807814457e-16
-2.0816681711721685e-17
-1.3010426069826053e-17
-1.0755285551056204e-16
2.1510571102112408e-16
2.0036056147532122e-16
-1.734723475976807e-16
-0.9999999999999998
1.6653345369377348e-16
4.8148248609680886e-35
2.2551405187698492e-17
-1.3183898417423734e-16
9.367506770274758e-17
-1.5959455978986625e-16
-3.8163916471489756e-17
-1.6653345369377348e-16
1.6653345369377348e-16
-1.0408340855860843e-17
-1.48318857196017e-16
3.8163916471489756e-17
-1.3877787807814457e-17
1.5178830414797062e-16
1.1102230246251565e-16
1.3877787807814457e-16
1.9081958235744878e-17
-1.5048726154098802e-16
-0.9999999999999998
2.0816681711721685e-17
1.5265566588595902e-16
1.6740081543176188e-16
1.6566609195578508e-16
-1.0408340855860843e-16
-4.163336342344337e-17
-1.8041124150158794e-16
1.4224732503009818e-16
1.691355389077387e-16
-1.5785983631388945e-16
1.3444106938820255e-16
-1.457167719820518e-16
-2.862293735361732e-17
1.5872719805187785e-16
1.6653345369377348e-16
-1.3183898417423734e-16
1.6740081543176188e-16
1.5872719805187785e-16
-1.6566609195578508e-16
1.7694179454963432e-16
1.457167719820518e-16
1.491862189340054e-16
1.4311468676808659e-16
1.491862189340054e-16
-1.457167719820518e-16
1.3791051634015616e-16
0.9999999999999998
5.0306980803327406e-17
1.6653345369377348e-16
1.5525775109992423e-16
4.154662724964453e-16
2.42861286636753e-17
9.71445146547012e-17
-1.942890293094024e-16
1.5525775109992423e-16
-1.8041124150158794e-16
-1.474514954580286e-16
-1.726049858596923e-16
1.4224732503009818e-16
-1.2576745200831851e-16
-1.5092094240998222e-16
1.9081958235744878e-16
1.3010426069826053e-17
-1.5959455978986625e-16
1.1882855810441129e-16
1.2750217548429532e-16
1.6306400674181987e-16
1.8301332671555315e-16
-1.5352302762394743e-16
2.7755575615628914e-17
4.336808689942018e-18
-1.700029006457271e-16
-1.8821749714348357e-16
1.7694179454963432e-16
2.0816681711721688e-17
6.938893903907228e-17
-1.734723475976807e-18
1.5265566588595902e-16
1.4137996329210978e-16
-1.3183898417423734e-16
1.700029006457271e-16
-3.0357660829594124e-18
2.3245294578089215e-16
-1.457167719820518e-16
-1.5265566588595902e-16
1.726049858596923e-16
1.6393136847980827e-16
1.726049858596923e-16
1.700029006457271e-16
1.2836953722228372e-16
-0.9999999999999999
-0.4999999999999996
-1.7694179454963432e-16
4.336808689942018e-18
-0.9999999999999998
3.469446951953614e-17
-2.6020852139652106e-17
3.2959746043559335e-17
2.862293735361732e-17
1.0408340855860843e-17
-1.0755285551056204e-16
-1.465841337200402e-16
1.6653345369377348e-16
1.457167719820518e-16
-1.214306433183765e-17
1.7694179454963432e-16
-1.43982048506075e-16
2.6020852139652106e-17
-1.0755285551056204e-16
5.551115123125783e-17
-1.986258379993444e-16
-0.9999999999999994
1.5959455978986625e-16
-0.9999999999999991
0.9999999999999992
0.9999999999999998
-2.914335439641036e-16
-0.9999999999999996
6.938893903907228e-17
-1.6306400674181987e-16
0.9999999999999999
-1.0
-3.469446951953614e-17
-0.9999999999999998
0.9999999999999993
-0.9999999999999998
-0.9999999999999999
-0.9999999999999994
-0.9999999999999996
0.9999999999999986
1.0408340855860843e-16
-0.9999999999999993
-0.9999999999999999
-0.999999999999999
-1.734723475976807e-17
1.8041124150158794e-16
1.0408340855860843e-17
-0.9999999999999996
1.1102230246251565e-16
9.540979117872439e-18
-0.9999999999999994
-2.2985086056692694e-17
-1.7347234759768074e-17
-6.938893903907228e-18
4.5102810375396984e-17
-0.9999999999999999
-0.9999999999999999
0.9999999999999993
-0.9999999999999999
-0.9999999999999999
0.9999999999999998
-0.9999999999999998
-8.673617379884035e-19
-1.0
-0.9999999999999998
1.3877787807814457e-17
-0.9999999999999998
3.122502256758253e-17
0.9999999999999997
-0.9999999999999987
3.8163916471489756e-17
-6.938893903907228e-18
-7.806255641895632e-18
3.8163916471489756e-17
-0.9999999999999998
6.938893903907228e-18
-6.938893903907228e-18
-1.6653345369377348e-16
0.9999999999999994
3.469446951953614e-18
1.951563910473908e-18
-1.1102230246251565e-16
-0.9999999999999996
-0.9999999999999996
-4.163336342344337e-17
3.469446951953614e-18
0.9999999999999996
-3.469446951953614e-17
-6.938893903907228e-18
1.734723475976807e-17
-0.9999999999999998
-0.9999999999999998
0.9999999999999998
0.9999999999999994
1.5959455978986625e-16
-0.9999999999999999
-2.168404344971009e-17
0.9999999999999997
8.673617379884035e-18
-0.9999999999999997
-0.9999999999999999
-0.9999999999999996
-0.35355339059327345
-6.418476861114186e-17
2.0816681711721685e-17
-0.9999999999999997
5.0306980803327406e-17
-1.7694179454963432e-16
1.8214596497756474e-17
0.9999999999999996
0.9999999999999998
-0.9999999999999997
8.933825901280557e-17
-0.9999999999999999
0.9999999999999999
-0.9999999999999999
-0.9999999999999998
0.9999999999999998
0.9999999999999999
-1.734723475976807e-16
-1.3877787807814455e-17
-0.9999999999999996
-2.255140518769849e-16
-0.9999999999999993
-6.9388939039072276e-18
-0.9999999999999999
-0.9999999999999998
0.9999999999999998
0.9999999999999998
-1.0
0.9999999999999997
-6.938893903907228e-18
0.9999999999999999
-0.9999999999999999
0.9999999999999999
-0.9999999999999998
-1.3877787807814457e-16
0.9999999999999999
-0.9999999999999997
0.9999999999999999
1.0
-0.9999999999999996
-0.9999999999999999
-0.9999999999999998
1.5265566588595902e-16
-0.9999999999999997
0.9999999999999998
-2.352032944881132e-49
5.551115123125783e-17
-0.9999999999999999
-0.9999999999999999
-0.9999999999999999
1.9895109865109006e-17
0.9999999999999999
-3.0791341698588326e-17
-1.0
0.9999999999999997
3.122502256758253e-17
-0.9999999999999999
0.9999999999999998
-0.9999999999999997
-0.9999999999999998
-5.898059818321144e-17
3.0791341698588326e-17
-0.9999999999999996
0.9999999999999997
6.938893903907228e-17
-0.9999999999999973
0.9999999999999998
-1.474514954580286e-17
-0.9999999999999998
0.9999999999999997
-6.938893903907228e-18
-3.469446951953614e-17
0.9999999999999997
-0.9999999999999997
-0.9999999999999998
-0.9999999999999992
1.6306400674181987e-16
-4.85722573273506e-17
-0.9999999999999999
0.9999999999999998
-0.9999999999999998
0.9999999999999998
-0.9999999999999996
0.9999999999999999
0.9999999999999996
2.0816681711721685e-17
-0.9999999999999997
0.9999999999999998
0.9999999999999999
0.0
0.9999999999999993
1.734723475976807e-17
-0.9999999999999964
4.163336342344337e-17
0.9999999999999997
1.1275702593849246e-17
0.9999999999999997
-0.9999999999999999
0.9999999999999999
-0.9999999999999998
0.9999999999999994
0.9999999999999998
0.9999999999999998
0.9999999999999997
-0.9999999999999999
5.204170427930421e-17
0.9999999999999997
-0.9999999999999999
-0.9999999999999994
-0.9999999999999999
1.387778780781446e-17
-0.9999999999999983
-0.9999999999999998
-0.9999999999999999
1.0
-0.9999999999999994
1.205632815803881e-16
0.9999999999999998
-0.9999999999999998
0.9999999999999998
-0.9999999999999999
-0.9999999999999999
-0.9999999999999999
-0.9999999999999997
-3.8163916471489756e-17
0.9999999999999997
1.3877787807814452e-17
0.9999999999999999
-6.245004513516506e-17
0.9999999999999999
0.9999999999999996
-0.999999999999997
-6.071532165918825e-18
0.9999999999999994
-0.9999999999999997
-0.9999999999999999
-0.9999999999999996
-1.3444106938820255e-16
-0.9999999999999996
-0.9999999999999997
-0.9999999999999999
-1.0
0.9999999999999999
-0.9999999999999999
0.9999999999999998
9.627715291671279e-17
-1.5439038936193583e-16
9.367506770274758e-17
-2.645453300864631e-16
-1.4224732503009818e-16
-0.9999999999999998
-0.9999999999999994
-0.9999999999999999
-0.9999999999999999
-6.071532165918825e-18
0.9999999999999999
-0.9999999999999999
-0.9999999999999996
2.2985086056692694e-17
-0.9999999999999999
-0.9999999999999998
-0.9999999999999999
-0.9999999999999999
-0.9999999999999998
1.0
0.9999999999999998
0.9999999999999999
0.9999999999999999
0.9999999999999996
-0.9999999999999996
0.9999999999999999
-0.9999999999999973
0.9999999999999999
-0.9999999999999997
0.9999999999999997
-0.9999999999999997
0.9999999999999998
-0.9999999999999999
0.9999999999999999
0.9999999999999998
0.9999999999999997
-0.9999999999999992
-0.9999999999999999
-0.9999999999999996
0.9999999999999999
-0.9999999999999996
0.9999999999999999
1.0408340855860843e-16
0.9999999999999999
-1.0
-0.9999999999999998
-9.025550630168825e-34
-1.0
-0.9999999999999999
0.9999999999999999
-7.28583859910259e-17
-0.9999999999999998
0.9999999999999992
-0.9999999999999999
-1.1362438767648086e-16
-0.9999999999999998
-0.9999999999999999
-0.9999999999999999
0.9999999999999999
0.9999999999999998
9.71445146547012e-17
-1.1796119636642288e-16
-0.9999999999999999
-0.9999999999999998
-0.9999999999999999
1.6479873021779667e-17
-0.9999999999999997
-0.9999999999999999
0.9999999999999999
-0.9999999999999998
1.214306433183765e-17
0.9999999999999994
0.9999999999999997
0.0
1.7347234759768067e-18
-0.9999999999999997
3.5561831257524545e-17
-0.9999999999999996
-0.999999999999999
-0.9999999999999993
0.9999999999999998
1.734723475976807e-18
0.9999999999999992
0.9999999999999996
-0.9999999999999999
0.9999999999999996
-1.4311468676808659e-16
-0.9999999999999999
0.9999999999999991
0.9999999999999993
-0.9999999999999993
-0.9999999999999997
-0.9999999999999998
-0.9999999999999993
2.7755575615628914e-17
0.9999999999999999
-0.9999999999999992
-0.9999999999999998
-0.9999999999999999
9.540979117872436e-18
-0.9999999999999999
-1.214306433183765e-17
-6.938893903907228e-18
-0.9999999999999999
-0.9999999999999998
-0.9999999999999999
-0.9999999999999999
-0.9999999999999999
-0.9999999999999994
-0.9999999999999997
0.9999999999999998
2.914335439641036e-16
-0.9999999999999976
0.9999999999999997
-0.9999999999999999
-0.9999999999999999
-1.0
0.9999999999999999
-0.9999999999999999
-0.9999999999999997
-0.9999999999999999
