-1.5255390850783326
-1.4895220331480048
-1.484083514250266
-1.5159755204489804
-1.5491345081012668
-1.3396899668181153
-1.563137474911283
-1.6247759729375493
-1.6820043644147953
-1.5067025566404966
-1.4880939148705297
-1.637904610935184
-1.6514587204030953
-1.631698051103764
-1.5738290751135726
-1.5736449959892993
-1.6407085679288445
-1.5907412178142772
-1.7897654539932848
-1.5858696624484176
-1.5750555800006074
-1.6618371261595422
-1.5818118575496065
-1.5334753663756224
-1.6889936740962086
-1.5629263838035135
-1.6649228288478861
-1.5195664564371896
-1.5381137409274865
-1.4936901657746167
-1.5510480350265992
-1.5911943777337259
-1.478293436590067
-1.6347984138666316
-1.6893022104231075
-1.4573493743007284
-1.6056624953869
-1.5812945103634952
-1.5574123162343438
-1.5336213332197808
-1.4948519348892
-1.5878247343476244
-1.5707702473967942
-1.531950590158746
-1.557974382254503
-1.5685368254327279
-1.5164864834730993
-1.6517897651464084
-1.4549685770302903
-1.5521105146555354
-1.579819941169084
-1.5709314694430931
-1.6021637250869074
-1.560860694477975
-1.429561146256718
-1.5224714295122843
-1.5923944161727386
-1.5681673466644086
-1.5022161862068026
-1.526517880915994
-1.4810741013311413
-1.3935317888192102
-1.6121950613158345
-1.4855167376610723
-1.607342830050198
-1.721966653091744
-1.5519985602766289
-1.5960800579417085
-1.5109298911694276
-1.4233935060959522
-1.5817412584841284
-1.567174448403116
-1.5652059184070808
-1.522581037687011
-1.5138570427174476
-1.6095479086355535
-1.6138377351298647
-1.4542701307633492
-1.5660473747007795
-1.5354496552622074
-1.6918011938862674
-1.5814796296897597
-1.5364835220453656
-1.571347892099209
-1.5752580049850775
-1.6030828825219219
-1.4252792646276826
-1.6173340589251124
-1.5300504544080598
-1.1169966306991967
-1.6505692279600703
-1.5727126884881932
-1.5513361600537205
-1.5593345299710042
-1.5345695965922954
-1.6670738852227576
-1.4913288511657865
-1.5967233429012824
-1.5200518548764457
-1.601874174151018
-1.457084975436246
-1.5864399962148927
-1.5819248301238025
-1.4922745417729981
-1.5384700380373642
-1.454371560511046
-1.494150100666574
-1.5281016463273946
-1.6326051287470436
-1.546307482134082
-1.4379948903428001
-1.5057392198524675
-1.5868529499232449
-1.45809702937719
-1.4413935728422755
-1.5631680426387833
-1.426285684701866
-1.5748802051852335
-1.5626560454743443
-1.5636656003755491
-1.5719036459663935
-1.5822186449905908
-1.6184438642455703
-1.5651909218185152
-1.4688132953253605
-1.6384881309339043
-1.3808426645728247
-1.5147393976169217
-1.5953673421741357
-1.616334199951603
-1.4312308603730006
-1.6022739094850706
-1.499066225709543
-1.5598848510855863
-1.5501355555873846
-1.5669546964978611
-1.700563358146581
-1.469305822323372
-1.6341474869315276
-1.5374178140693089
-1.5428536053133866
-1.6020009561404795
-1.6736182549749072
-1.562681467444191
-1.5675520533595515
-1.5491545589188842
-1.5967739819698368
-1.5570617578368955
-1.338090235549903
-1.505417792591953
-1.4266423631961231
-1.4818387392915344
-1.5590328447482449
-1.5343475567201805
-1.531927836437459
-1.567715638052369
-1.5963832824710393
-1.500567884109722
-1.5681647230738527
-1.6120314299974154
-1.6214195685606265
-1.5480288992905549
-1.4299278927495136
-1.5555129578641926
-1.438811849770122
-1.553529206359471
-1.4995968808869908
-1.603062983875085
-1.5743616272081944
-1.424305807148155
-1.5990455822336545
-1.7617393073842456
-1.5373702739620319
-1.5887443685704188
-1.6210206763001085
-1.5099580593061521
-1.5744347979860671
-1.646166221294556
-1.4281755355857904
-1.6073902358536336
-1.4519426880000403
-1.6284225876084366
-1.7138185668690267
-1.5275572885423725
-1.68857617142107
-1.7136966402754563
-1.5113608749667784
-1.5759195892844207
-1.4410811517480915
-1.5642133894063455
-1.5145049149918526
-1.74031062071936
-1.5816821427635475
-1.5528404785058316
-1.586795456787471
-1.6441536348923798
-1.4715718570400016
-1.6591011866151906
-1.5546492691171805
-1.5718982123110168
-1.5602151572030052
-1.5620645635859498
-1.5616102578483315
-1.5418112503147197
-1.630089486035641
-1.5382046147837003
-1.5662681141311903
-1.5845347278293858
-1.5382489603083727
-1.6057043124321435
-1.5257518563688595
-1.5329484249976058
-1.5544720310656541
-1.4676832332030028
-1.5247270295376167
-1.6003923340919592
-1.5432768100670926
-1.5464641336848373
-1.578092099374333
-1.5120508598267968
-1.5684032076738008
-1.4899109202496175
-1.4796758360109856
-1.536289773519302
-1.5329995391534417
-1.4378152847214003
-1.5347339232753283
-1.5626917383259902
-1.5550277375212533
-1.5546756540902282
-1.5673370929703636
-1.5410484801123188
-1.612178905106278
-1.6001377235569567
-1.7350134706354434
-1.5786410172320102
-1.4835231432081613
-1.5631999336620277
-1.419432316595719
-1.663579651782329
-1.5587722643662545
-1.5136940440498976
-1.7030995733001455
-1.6435433706725076
-1.629312788151236
-1.452957905274309
-1.5340826162579666
-1.5491047396191244
-1.6177151839999722
-1.5589501888398032
-1.557255154067588
-1.488963178766272
-1.5806856397234101
-1.4304227054455718
-1.5990263751080267
-1.5598915564268845
-1.4812938846065173
-1.560513995084222
-1.734901340610541
-1.5678217373913137
-1.5430983847953503
-1.5593129648698199
-1.521404424497066
-1.4985527284732605
-1.4751539332411534
-1.4786784559440669
-1.5532462187600804
-1.5482765346856682
-1.564758641346951
-1.5696042041857012
-1.5050544417553295
-1.5461740287331205
-1.5386077050904805
-1.520607386685597
-1.5669240781510347
-1.715305314281264
-1.549681793978853
-1.5168846535518452
-1.5691474483242684
-1.5740216043794515
-1.5892153917717158
-1.5276981362040853
-1.5731279555671196
-1.5625410892980098
-1.5742228240721463
-1.5237779995382548
-1.585077975106493
-1.5243379128560184
-1.5165833285922048
-1.6728580798645307
-1.3897225550691257
-1.5214952843053373
-1.6839992701997222
-1.5983504901127854
-1.5576052296406204
-1.605345338400392
-1.569006342018913
-1.4951660270964102
-1.5779845101330903
-1.5041367602531306
-1.4841583172624504
-1.4992629805644042
-1.4322636493683603
-1.539463672839556
-1.6024281483103513
-1.6092590129019202
-1.4666348453194749
-1.523261802051611
-1.6597468496361532
-1.5141026274987266
-1.5361349168489968
-1.5370174622748398
-1.5135450492717353
-1.4641708325423233
-1.5165437821605234
-1.5335466092828676
-1.6025401016232617
-1.581890593104121
-1.591741272281591
-1.538843309807044
-1.6150627099682295
-1.5866025024341455
-1.5285271262571936
-1.613035541856691
-1.4987854271052465
-1.5564186056241307
-1.4724555393675587
-1.6365125188368754
-1.6002677060926405
-1.7909690329330838
-1.6781797936126228
-1.6259026488286703
-1.5922723100302516
-1.4970513530046712
-1.6341363415704246
-1.5259846486012028
-1.572006016793031
-1.6031270131405737
-1.3767256396523622
-1.5953696021587742
-1.5765057847764408
-1.4775831054475352
-1.4680878256663639
-1.629439090922618
-1.5622601024300327
-1.5090561160395488
-1.5938420898442138
-1.5352901822868774
-1.6349591425498762
-1.5697866055149219
-1.653303147616335
-1.5651521920083096
-1.4637259765932829
-1.502155864723409
-1.5347370279811021
-1.5978755465441106
-1.564499382864022
-1.5766612587119893
-1.4694988925530827
-1.4792839966974083
-1.531792251464715
-1.5738147318148314
-1.7104297105634014
-1.5793462300840693
-1.526634952495884
-1.5510697838863279
-1.5515892489399832
-1.5675953027552083
-1.4725601292890658
-1.5248410020255045
-1.5838460905197875
-1.5412054385264011
-1.620688220833355
-1.4102051945907994
-1.5187442880068058
-1.6437547598475848
-1.5344065870808694
-1.547472057206658
-1.5213424016252
-1.4183856132776094
-1.5542475345953877
-1.489053278466732
-1.4776127157883403
-1.448013855948783
-1.5093359387407936
-1.5717403265282428
-1.5262252149224929
-1.569097757013342
-1.5349817962404222
-1.6074177460811523
-1.640717337508966
-1.5612182930182432
-1.495333622558359
-1.5346522978062613
-1.5770416753303773
-1.5732330223273348
-1.6147803170045818
-1.53588238320962
-1.565425241914073
-1.5011280832262361
-1.5738511965408843
-1.506666639305553
-1.5798421888188576
-1.438622939202875
-1.4797827471765341
-1.5181808361835145
-1.6064798828934248
-1.5740480381341095
-1.521931380352715
-1.6104167070560154
-1.4853556691670118
-1.5238003007980536
-1.6815344305440934
-1.608743560727456
-1.5210364877992575
-1.5572782077848086
-1.5271345739919453
-1.464642090814941
-1.3887079407815843
-1.5532029832040113
-1.5893271061606495
-1.5924058021778094
-1.5414437311240614
-1.434989807209758
-1.5318659417965188
-1.508053434587262
-1.5210955317533998
-1.449647763323402
-1.6611928127468572
-1.5754936610847494
-1.5124671445680091
-1.5060743405657688
-1.5896981059134432
-1.5335056242582126
-1.5287759015011506
-1.5383065280888943
-1.6204025909864352
-1.5614768812057447
-1.6446989100605367
-1.6375775419314373
-1.8333594352733593
-1.6008445487770948
-1.504487803040122
-1.4749792251473144
-1.5439187291159029
-1.611847717341723
-1.5403257279356337
-1.4743363180540743
-1.3636633653113015
-1.5596740249554482
-1.5531044854562115
-1.5966628831403593
-1.577013592495438
-1.6033125962336192
-1.5262016269020653
-1.567843702366038
-1.2706037617291521
-1.6187528173525734
-1.6969488010848774
-1.6249718002135447
-1.674133190214269
-1.5966183326155678
-1.6157839834813679
-1.5629374148410373
-1.5804982039500133
-1.6102717720663562
-1.5717426785494792
-1.5459125086725187
-1.5772017492958672
-1.5459604140090049
-1.574718064469307
-1.6470655559634535
-1.5374515057640878
-1.5288276424785758
-1.5426200077649934
-1.5424871663643924
-1.599506888010969
-1.5868537282620774
-1.6571415296540128
-1.6898058484340632
-1.5673811138994749
-1.5482685906804128
-1.487501021647577
-1.468799103555872
-1.5884862572896452
-1.4141614353346927
-1.6072961737604183
-1.5042277921378995
-1.3700750701278235
-1.6076266727873438
-1.5346001195086147
-1.4692315134819482
-1.5622189494528724
-1.5637639203590945
-1.529245546944677
-1.4117675385839266
-1.5767538932575005
-1.5815750423557189
-1.531745104397797
-1.5595288799344904
-1.5022011779074864
-1.446833755421535
-1.655145128272352
-1.5725458829402288
-1.4872028740499297
-1.545048010082172
-1.5557129726601384
-1.5707805097206409
-1.5363192806151296
-1.666592723116227
-1.5658776569126291
-1.6280680006767962
-1.7449059630981951
-1.561655527063098
-1.510409082082853
-1.6866217692987466
-1.6216713703872374
-1.6175486894232778
-1.641329559337759
-1.6963721772693146
-1.5604503087847998
-1.55097952301637
-1.5861365195906538
-1.5670340312267848
-1.6401658942688955
-1.713244481014351
-1.5200468687909647
-1.6767058372469128
-1.4795162472305359
-1.6549236318423821
-1.645539265012296
-1.4229456777978808
-1.623964328744747
-1.5860964678669291
-1.5981003479946887
-1.623783732891332
-1.7819639650443548
-1.6583765880743142
-1.4754223652274066
-1.4529104075216805
-1.5943574312834272
-1.733714715226312
-1.78535393945922
-1.4840819784852823
-1.3627144171727155
-1.7801517631775998
-1.6334821643580812
-1.5797841360753244
-1.6195057130240715
-1.5729591634631803
-1.5162781906953366
-1.7540172043815434
-1.633517981541154
-1.6364915030597134
-1.6679092613692776
-1.5931070851677096
-1.6422600145150645
-1.4281018188805863
-1.5714803908839818
-1.7775628418370975
-1.5304413832842774
-1.6581807029751428
-1.7586856223854075
-1.7678713825643841
-1.7764504273837534
-1.8030726560743684
-1.587862884781531
-1.6593696662719486
-1.4997330393054025
-1.7729314299901051
-1.5534229855908372
-1.5570881248036756
-1.5903150651860307
-1.7381069424335482
-1.6843138528467438
-1.5764060850871169
-1.4913505558173057
-1.5535908501978999
-1.775672871513314
-1.8030726560743684
-1.7762845078915341
-1.3245293721096005
-1.5396776206949978
-1.7688498136882496
-1.824606024028157
-1.6145241724554293
-1.477775061764099
-1.4680883244257337
-1.6338266567697768
-1.6392230940367059
-1.8030726560743684
-1.5539984000759262
-1.7108941624254017
-1.6378941086436791
-1.6641145290243156
-1.5035880080275366
-1.792004216366598
-1.8311648351878516
-1.5133589948327084
-1.8188465067873665
-1.8575757460683073
-1.4330526014550191
-1.571953170598292
-1.8495844696664303
-1.6559234257481363
-1.8575757460683073
-1.9424160422706773
-1.832121179885684
-1.6557918316212006
-1.9424160422706773
-1.6330206682232715
-1.543731337522805
-1.7968246568852577
-1.754625968399829
-1.8047868620033856
-1.6587783729664336
-1.965231812217318
-1.5398395727897998
-1.582489103118787
-1.5231279703036078
-1.2651530771223691
-1.573626372862467
-1.8290337702396826
-1.4468286979083032
-1.3958931559178196
-1.7551983832384437
-1.5780215171670857
-1.6730386502165713
-1.8790369047602402
-1.8431401346053167
-1.8575757460683073
-1.9138056378378883
-1.9384197487900465
-1.45760176442329
-1.9426187592244184
-1.9256076527311086
-1.5230228393597418
-1.7154490144374992
-1.9409880814440168
-1.870165344848525
-1.7820405032728779
-1.8725804072504597
-1.8883258867689046
-1.961285176065168
-1.8553460685631276
-1.9053111366774043
-1.5218466938096689
-1.7339525038340073
-1.5910403572887981
-2.003992336535156
-1.7325357148977414
-2.1397321960460953
-1.5576813833919259
-1.5242033695388844
-1.0850806045746118
-1.1115199894138619
-2.0060726524472976
-1.5628651035016894
-2.1397321960460953
-1.578960173650084
-1.9691193540767595
-1.8610794619452733
-1.646116209152971
-1.5525302020723197
-1.6166737131116546
-1.6324044601137038
-1.8341862248070426
-1.6511311646772633
-1.7981264755336932
-1.778737776536881
-2.1308761169479538
-1.6412779826690351
-1.9154148807974964
-2.2060162878311793
-1.5972604594536555
-1.7361257689085017
-1.875763792617816
-1.8740268778933045
-2.2060162878311793
-2.2060162878311793
-1.7400248596079129
-1.7398430148936908
-1.631717561613054
-1.5720153053813721
-1.701785357120738
-1.9279270146065475
-1.8803157415853193
-1.7270496313041588
-1.8803157415853193
-1.7394467071201833
-1.5142530788964619
-1.969966538676215
-2.2060162878311793
-2.0047391088465476
-2.0047569840855934
-2.2060162878311793
-1.9863272424593967
-2.2060162878311793
-1.6211725240444572
-1.6152627183448782
-2.2060162878311793
-2.0881930488894644
-2.17383567496722
-1.9106395030880292
-1.662752932138012
-1.9106395030880292
-2.2060162878311793
-2.057921973879428
-2.0416954982073685
-2.1397321960460953
-1.6191868556969515
-2.2060162878311793
-1.7398430148936908
-1.8803157415853193
-1.9863272424593967
-2.0161020883019267
-2.17383567496722
-1.6834813414944234
-1.6040677904812095
-1.8803157415853193
-2.1308761169479538
-1.8775759128850726
-1.9106395030880292
-1.320684431445275
-2.2060162878311793
-2.002742305038759
-2.2060162878311793
-1.8248634585494394
-1.799468322246339
-2.2060162878311793
-2.2060162878311793
-2.2060162878311793
-1.994827610709303
-1.6035236612331083
-2.2060162878311793
-2.2060162878311793
-1.8528589337760328
-1.7994683222463386
-2.057921973879428
-1.41664303328844
-1.9667149332583906
-1.2736697419562018
-1.7398430148936908
-1.5937291957022723
-1.7994683222463377
-2.0056295054733035
-1.997427914573982
-1.763350359638228
-2.0435523249243426
-1.8248634585494394
-2.020957813127307
-2.2060162878311793
-2.1188205012050543
-2.1188205012050543
-1.7398430148936908
-2.024215969511745
-2.1397321960460953
-1.8933029960258696
-2.2060162878311793
-2.2060162878311793
-1.8810883620175045
-1.7398430148936908
-2.2060162878311793
-1.8023555226808825
-1.9858977764854022
-2.0435523249243426
-2.2060162878311793
-1.725811593657633
-2.2060162878311793
-1.884061004058454
-2.0047391088465476
-1.8718952311187307
-1.8794820834062982
-1.562681467444191
-2.080005832761276
-1.7633503596382276
-1.85367509049222
-2.0056295054733035
-1.966714933258391
-2.0027423050387596
-1.5546151953394602
-1.8872586822614648
-1.5330282020546675
-2.2060162878311793
-2.2060162878311793
-2.17383567496722
-1.621229005816581
-2.2060162878311793
-1.666973006521033
-1.7398430148936908
-1.9106395030880292
-2.2060162878311793
-2.073363703675406
-2.0154398731903087
-1.7955286867594151
-2.2831143569516126
-2.2831143569516126
-1.5319208965176516
-2.2304460507063513
-1.7256989336674038
-1.5820546238700244
-1.1407458678476883
-1.7833132794360314
-2.057520727452152
-2.2831143569516126
-1.2835122019204483
-1.932584490410818
-1.6535866460459694
-1.800301816526701
-1.8369640854858509
-2.1344466594904783
-1.791548403932011
-1.7427998902839659
-1.8771202448895514
-2.1032995793107503
-1.8386792243795225
-2.2831143569516126
-1.6499240324123488
-1.677629920788613
-2.10143937801597
-2.2831143569516126
-2.2304604405466524
-1.7099928202333388
-1.9596757714946587
-1.9945347811291012
-1.4628911836057137
-1.9666442363811205
-2.10498235330928
-2.1850969817338965
-1.7933707878972625
-2.2831143569516126
-1.9886719294477522
-2.2831143569516126
-2.2831143569516126
-1.7267825419831118
-1.8022287412598668
-2.2831143569516126
-1.8189783101991988
-2.2304460507063513
-2.129861037502151
-1.3213431255681192
-1.8157365091611686
-1.3277503778018458
-1.8054323673767314
-1.913569514792842
-2.060896790665568
-1.5748139241592152
-2.060896790665568
-1.5757292127733926
-2.1658100604432535
-1.8054323673767332
-1.9780395648440376
-2.0485057639348954
-2.1143249071900363
-2.2831143569516126
-1.932584490410818
-2.10143937801597
-2.2060162878311793
-2.2831143569516126
-2.1658100604432535
-1.932584490410818
-2.2831143569516126
-2.2831143569516126
-2.1143249071900363
-2.2831143569516126
-2.2831143569516126
-1.9857789620293436
-1.3277503778018458
-2.2831143569516126
-2.2831143569516126
-1.6717910330268473
-2.2831143569516126
-1.8054323673767314
-2.1658100604432535
-2.2831143569516126
-1.4808180531799837
-1.8022287412598668
-2.2831143569516126
-2.057520727452152
-1.9596757714946587
-1.6216604207132872
-2.10143937801597
-2.057355946336289
-2.2831143569516126
-2.2831143569516126
-1.3548422634467832
-1.80543236737673
-2.2831143569516126
-2.2831143569516126
-2.1850969817338965
-1.9596757714946587
-2.3357826631968734
-1.758395732859872
-1.9548907912989373
-1.774337612812352
-1.4268208931675739
-1.829679193690521
-1.5459670510449897
-2.1248461136694563
-2.0379142850607432
-1.6656668190264496
-1.828331453094353
-1.7970975989040774
-2.1658100604432535
-1.7931776046172994
-1.9789726756804606
-2.3357826631968734
-2.0144170070331997
-1.932584490410818
-2.2939292076724294
-1.4918076717709945
-1.9137634220081132
-2.206352945611755
-1.8635767128939889
-1.884572461792963
-2.252075752147986
-2.3357826631968734
-2.008292500364208
-2.1406111381934023
-2.0181301108851026
-2.3357826631968734
-2.3357826631968734
-1.960462006423271
-1.964473258184007
-2.3357826631968734
-2.2831143569516126
-2.0856750451383625
-2.1307009486077466
-2.367146862702501
-2.367146862702501
-1.9060358449381432
-1.8585211134793718
-1.8979534958662265
-1.708681707418986
-2.0379142850607432
-1.550512078088278
-2.1658100604432535
-1.9139095641420383
-1.998166003137536
-1.964473258184007
-2.0379142850607432
-1.9462596997594668
-1.5181324205812428
-1.6463280092580566
-2.367146862702501
-2.2612730754502715
-2.3357826631968734
-2.2166553286154054
-2.3357826631968734
-2.0661637945283093
-1.243623606030074
-2.3985110622081285
-1.6880453177441637
-1.6399121347780414
-1.805385234366288
-1.93105839030462
-2.1136543316489367
-1.369155340590304
-2.3572063089907926
-1.8798528205017861
-1.7465380305664615
-2.3572063089907926
-2.226202384556772
-1.6099256636552766
-1.9245182519522124
-1.8287888685054017
-2.1495725572895332
-2.0436215119707377
-1.8798528205017866
-2.2603667183062655
-2.299317589472522
-2.407385544157827
-2.0173177805743503
-1.9055083529187953
-1.6780196324070067
-1.5388392475252641
-2.055447568049815
-2.407385544157827
-2.0536767257667563
-1.8016338726737726
-2.2603667183062655
-1.648974485974628
-1.9213564386639135
-1.6077189183757037
-2.407385544157827
-1.9451276215137412
-1.9204923365759599
-2.407385544157827
-2.407385544157827
-2.163938940366894
-1.9451276215137412
-1.9213564386639135
-1.7784873448428025
-1.555857362417847
-2.0508743705759422
-2.015317641331525
-2.1307009486077466
-1.6272500169908723
-2.407385544157827
-2.407385544157827
