-0.9999999999999991
-0.6657707638558954
-0.6657707638558954
-0.5201800480288674
-0.6657707638558954
-0.6657707638558954
-0.5939014439349393
-0.6657707638558954
-0.5939014439349394
-0.6657707638558954
-0.9999999999999998
-0.6657707638558954
-0.6657707638558954
-0.7071067811865475
-0.6676228398410112
-0.9999999999999993
-0.6657707638558954
-0.6657707638558954
-0.6657707638558954
-0.5939014439349394
-0.6657707638558954
-0.6676228398410111
-0.4126332342698538
-0.6657707638558954
-0.5939014439349394
-0.6657707638558954
-0.7071067811865476
-0.9999999999999987
-0.9999999999999996
-0.5939014439349394
-0.6657707638558954
-0.7071067811865475
-0.8076573277126917
-0.6657707638558954
-0.7376400837768514
-0.6657707638558954
-0.918908293441937
-0.9999999999999992
-0.7376400837768514
-0.9999999999999993
-0.6657707638558954
-0.6657707638558954
-0.6657707638558954
-0.9999999999999996
-0.918908293441937
-0.6657707638558954
-0.410781158284738
-0.6657707638558954
-0.6657707638558954
-0.6657707638558954
-0.9999999999999996
-0.6657707638558954
-0.6657707638558954
-0.6657707638558954
-0.9999999999999996
-0.6676228398410112
-0.5939014439349394
-0.6657707638558954
-0.7376400837768514
-0.5939014439349394
-0.6657707638558954
-0.5939014439349393
-0.5201800480288674
-0.5939014439349394
-0.6639186878707796
-0.6676228398410113
-0.9999999999999989
-0.9999999999999999
-0.5201800480288674
-0.6676228398410111
-0.410781158284738
-0.918908293441937
-0.6657707638558954
-0.6657707638558954
-0.7071067811865471
-0.410781158284738
-0.6657707638558954
-0.5939014439349394
-0.7071067811865468
-0.6657707638558954
-0.9999999999999993
-0.6657707638558954
-0.7376400837768515
-0.4126332342698538
-0.9207603694270529
-0.6657707638558954
-0.4126332342698538
-0.6657707638558954
-0.6657707638558954
-0.9999999999999992
-0.6676228398410112
-0.6639186878707796
-0.6657707638558954
-0.5939014439349393
-0.9999999999999991
-0.6657707638558954
-0.6657707638558954
-0.6639186878707796
-0.6657707638558954
-0.6657707638558954
-0.6657707638558954
-0.4126332342698538
-0.6657707638558954
-0.5939014439349394
-0.5939014439349394
-0.6657707638558954
-0.4126332342698538
-0.7376400837768515
-0.6657707638558954
-0.6657707638558954
-0.9999999999999996
-0.5939014439349394
-0.9999999999999987
-0.6657707638558954
-0.6657707638558954
-0.5939014439349394
-0.7071067811865471
-0.7376400837768514
-0.8076573277126917
-0.7071067811865468
-0.6676228398410112
-0.6657707638558954
-0.6657707638558954
-0.7376400837768514
-0.6657707638558954
-0.9999999999999991
-0.6657707638558954
-0.6657707638558954
-0.7071067811865474
-0.918908293441937
-0.7071067811865474
-0.9999999999999996
-0.6657707638558954
-0.6676228398410111
-0.6657707638558954
-0.6676228398410113
-0.9999999999999991
-0.6657707638558954
-0.6657707638558954
-0.6657707638558954
-0.6657707638558954
-0.6676228398410112
-0.6657707638558954
-0.5939014439349394
-0.7071067811865475
-0.9999999999999996
-0.7071067811865466
-0.9999999999999996
-0.4126332342698538
-0.6657707638558954
-0.918908293441937
-0.8076573277126917
-0.5939014439349394
-0.5939014439349394
-0.6657707638558954
-0.7071067811865471
-0.918908293441937
-0.9999999999999989
-0.6657707638558954
-0.6657707638558954
-0.7376400837768515
-0.6657707638558954
-0.6657707638558954
-0.918908293441937
-0.6657707638558954
-0.6676228398410113
-0.6676228398410112
-0.6657707638558954
-0.918908293441937
-0.9170562174568212
-0.9999999999999993
-0.6657707638558954
-0.9999999999999993
-0.7376400837768515
-0.6657707638558954
-0.6657707638558954
-0.5939014439349394
-0.6657707638558954
-0.7376400837768515
-0.7376400837768515
-0.7071067811865477
-0.6657707638558954
-0.9999999999999997
-0.9999999999999993
-0.9999999999999989
-0.4126332342698538
-0.5939014439349393
-0.9999999999999996
-0.918908293441937
-0.6657707638558954
-0.7376400837768514
-0.9999999999999993
-0.6657707638558954
-0.4999999999999998
-0.4126332342698538
-0.6676228398410112
-0.4126332342698538
-0.7071067811865467
-0.6639186878707796
-0.918908293441937
-0.9999999999999993
-0.7376400837768514
-0.6657707638558954
-0.9999999999999993
-0.6657707638558954
-0.4126332342698538
-0.6657707638558954
-0.6657707638558954
-0.6657707638558954
-0.6639186878707796
-0.6676228398410112
-0.6657707638558954
-0.7071067811865472
-0.7376400837768514
-0.4126332342698538
-0.5201800480288674
-0.9999999999999996
-0.7376400837768515
-0.9999999999999993
-0.9999999999999992
-0.7376400837768515
-0.6657707638558954
-0.6676228398410112
-0.6657707638558954
-0.7376400837768514
-0.7376400837768514
-0.9207603694270529
-0.9207603694270529
-0.5939014439349393
-0.6657707638558954
-0.6657707638558954
-0.6657707638558954
-0.9999999999999996
-0.918908293441937
-0.9999999999999996
-0.9999999999999991
-0.9999999999999991
-0.6657707638558954
-0.7071067811865469
-0.7376400837768515
-0.7376400837768514
-0.6657707638558954
-0.5939014439349394
-0.6657707638558954
-0.6639186878707796
-0.6639186878707796
-0.7071067811865469
-0.9999999999999997
-0.6657707638558954
-0.9999999999999991
-0.9999999999999991
-0.7376400837768514
-0.7376400837768514
-0.5939014439349393
-0.5939014439349393
-0.6657707638558954
-0.6657707638558954
-0.6657707638558954
-0.9999999999999993
-0.5939014439349393
-0.4126332342698538
-0.6676228398410113
-0.4126332342698538
-0.6657707638558954
-0.4126332342698538
-0.6657707638558954
-0.7376400837768515
-0.5939014439349394
-0.9207603694270529
-0.7376400837768515
-0.6657707638558954
-0.5939014439349394
-0.9999999999999993
-0.5939014439349393
-0.6657707638558954
-0.6657707638558954
-0.4126332342698538
-0.6657707638558954
-0.6657707638558954
-0.4126332342698538
-0.7376400837768514
-0.5939014439349393
-0.7376400837768514
-0.9999999999999991
-0.5939014439349394
-0.7376400837768514
-0.6657707638558954
-0.9999999999999996
-0.6657707638558954
-0.9999999999999993
-0.9999999999999991
-0.6657707638558954
-0.7376400837768514
-0.5939014439349393
-0.6657707638558954
-0.4126332342698538
-0.9999999999999996
-0.6676228398410111
-0.6657707638558954
-0.6657707638558954
-0.918908293441937
-0.5939014439349394
-0.9207603694270529
-0.5201800480288674
-0.6657707638558954
-0.6657707638558954
-0.5939014439349393
-0.6657707638558954
-0.5939014439349394
-0.6657707638558954
-0.9999999999999993
-0.6639186878707796
-0.6657707638558954
-0.9999999999999992
-0.6657707638558954
-0.6657707638558954
-0.6657707638558954
-0.9207603694270529
-0.6657707638558954
-0.6657707638558954
-0.7376400837768514
-0.7376400837768515
-0.410781158284738
-0.9999999999999996
-0.6657707638558954
-0.9999999999999996
-0.9999999999999993
-0.6657707638558954
-0.5939014439349393
-0.5939014439349394
-0.9999999999999996
-0.6657707638558954
-0.5939014439349393
-0.6639186878707796
-0.6676228398410113
-0.6657707638558954
-0.5939014439349393
-0.6657707638558954
-0.41448531025496965
-0.6657707638558954
-0.6657707638558954
-0.9999999999999991
-0.5939014439349393
-0.4126332342698538
-0.6657707638558954
-0.9999999999999993
-0.41448531025496965
-0.6676228398410112
-0.7376400837768515
-0.918908293441937
-0.6657707638558954
-0.5939014439349394
-0.6657707638558954
-0.6657707638558954
-0.5939014439349394
-0.4126332342698538
-0.6639186878707796
-0.6657707638558954
-0.6657707638558954
-0.7376400837768514
-0.9999999999999996
-0.6657707638558954
-0.9999999999999997
-0.6657707638558954
-0.6657707638558954
-0.6657707638558954
-0.4126332342698538
-0.6657707638558954
-0.7071067811865477
-0.7376400837768515
-0.6657707638558954
-0.918908293441937
-0.7376400837768515
-0.8076573277126917
-0.6657707638558954
-0.9999999999999998
-0.918908293441937
-0.9999999999999996
-0.6657707638558954
-0.6657707638558954
-0.6657707638558954
-0.4126332342698538
-0.41448531025496965
-0.9170562174568212
-0.6657707638558954
-0.5201800480288674
-0.9999999999999993
-0.9999999999999993
-0.6657707638558954
-0.6676228398410112
-0.41448531025496965
-0.7376400837768515
-0.7376400837768515
-0.5939014439349394
-0.6657707638558954
-0.4126332342698538
-0.5939014439349394
-0.5939014439349393
-0.5939014439349393
-0.7376400837768514
-0.9170562174568212
-0.6657707638558954
-0.7376400837768515
-0.918908293441937
-0.918908293441937
-0.9999999999999993
-0.6657707638558954
-0.6657707638558954
-0.6676228398410113
-0.7376400837768515
-0.6657707638558954
-0.9999999999999993
-0.6639186878707796
-0.6639186878707796
-0.9999999999999989
-0.6657707638558954
-0.5939014439349394
-0.9999999999999996
-0.4126332342698538
-0.5939014439349393
-0.9999999999999996
-0.6657707638558954
-0.6676228398410113
-0.5939014439349394
-0.4126332342698538
-0.7376400837768515
-0.6657707638558954
-0.41448531025496965
-0.918908293441937
-0.5939014439349394
-0.5939014439349393
-0.7071067811865472
-0.4126332342698538
-0.6657707638558954
-0.9999999999999991
-0.9999999999999996
-0.7376400837768515
-0.6657707638558954
-0.9999999999999989
-0.6657707638558954
-0.7376400837768514
-0.6657707638558954
-0.7376400837768514
-0.4126332342698538
-0.410781158284738
-0.6657707638558954
-0.707106781186547
-0.9999999999999992
-0.5939014439349394
-0.6657707638558954
-0.410781158284738
-0.5201800480288674
-0.7376400837768514
-0.5939014439349393
-0.9999999999999996
-0.9999999999999996
-0.6657707638558954
-0.9999999999999996
-0.6657707638558954
-0.7071067811865469
-0.5939014439349394
-0.918908293441937
-0.5939014439349394
-0.7376400837768514
-0.5939014439349394
-0.5939014439349394
-0.41448531025496965
-0.6657707638558954
-0.4126332342698538
-0.7376400837768514
-0.7071067811865472
-0.7376400837768515
-0.7376400837768514
-0.6657707638558954
-0.6657707638558954
-0.9207603694270529
-0.6657707638558954
-0.9999999999999992
-0.5939014439349393
-0.9999999999999996
-0.6657707638558954
-0.9999999999999993
-0.6657707638558954
-0.918908293441937
-0.6657707638558954
-0.918908293441937
-0.5939014439349393
-0.9999999999999989
-0.9999999999999993
-0.6657707638558954
-0.8076573277126917
-0.6657707638558954
-0.7376400837768514
-0.9999999999999996
-0.4126332342698538
-0.6676228398410113
-0.5939014439349394
-0.8535533905932731
-0.6639186878707796
-0.6657707638558954
-0.5939014439349393
-0.9999999999999996
-0.5939014439349394
-0.9999999999999989
-0.6657707638558954
-0.7376400837768515
-0.6676228398410113
-0.9999999999999993
-0.7376400837768514
-0.7376400837768514
-0.9999999999999993
-0.7376400837768514
-0.6657707638558954
-0.5939014439349393
-0.7376400837768514
-0.6657707638558954
-0.5939014439349394
-0.5939014439349393
-0.7376400837768515
-0.9207603694270529
-0.6639186878707796
-0.9999999999999989
-0.41448531025496965
-0.9999999999999996
-0.6657707638558954
-0.5939014439349394
-0.7376400837768515
-0.9999999999999991
-0.6657707638558954
-0.6657707638558954
-0.9999999999999996
-0.7376400837768515
-0.410781158284738
-0.9999999999999989
-0.6657707638558954
-0.6657707638558954
-0.6676228398410112
-0.5939014439349394
-0.6657707638558954
-0.9999999999999996
-0.7376400837768515
-0.9999999999999996
-0.5939014439349393
-0.6657707638558954
-0.4126332342698538
-0.6676228398410112
-0.9999999999999996
-0.9999999999999997
-0.6657707638558954
-0.6657707638558954
-0.9999999999999993
-0.41448531025496965
-0.9999999999999992
-0.9999999999999996
-0.7376400837768514
-0.9999999999999993
-0.9999999999999989
-0.7376400837768514
-0.9999999999999993
-0.9999999999999989
-0.6639186878707796
-0.9999999999999991
-0.918908293441937
-0.9999999999999996
-0.9999999999999991
-0.9999999999999996
-0.6676228398410112
-0.9999999999999997
-0.6657707638558954
-0.9999999999999996
-0.9999999999999993
-0.9999999999999996
-0.6657707638558954
-0.9999999999999991
-0.6657707638558954
-0.4126332342698538
-0.6676228398410113
-0.5939014439349393
-0.5939014439349393
-0.6657707638558954
-0.6657707638558954
-0.6657707638558954
-0.7376400837768514
-0.918908293441937
-0.9999999999999989
-0.7071067811865471
-0.6657707638558954
-0.6657707638558954
-0.9999999999999993
-0.5939014439349394
-0.9170562174568212
-0.9999999999999989
-0.9999999999999993
-0.9999999999999989
-0.5939014439349394
-0.9999999999999991
-0.9999999999999996
-0.9999999999999996
-0.9999999999999993
-0.5939014439349394
-0.9999999999999996
-0.5939014439349393
-0.918908293441937
-0.9999999999999996
-0.9999999999999996
-0.9999999999999996
-0.9999999999999991
-0.6657707638558954
-0.9207603694270529
-0.9999999999999996
-0.9999999999999992
-0.7376400837768515
-0.5939014439349394
-0.9999999999999996
-0.9999999999999993
-0.410781158284738
-0.9999999999999991
-0.6676228398410113
-0.9999999999999991
-0.6657707638558954
-0.9999999999999993
-0.7071067811865472
-0.9999999999999991
-0.6657707638558954
-0.41448531025496965
-0.5939014439349394
-0.9999999999999993
-0.4126332342698538
-0.9999999999999996
-0.9207603694270529
-0.6657707638558954
-0.5939014439349394
-0.7376400837768514
-0.6657707638558954
-0.6657707638558954
-0.5939014439349394
-0.6676228398410112
-0.6676228398410111
-0.7376400837768514
-0.6676228398410111
-0.9999999999999996
-0.9999999999999993
-0.5939014439349394
-0.6657707638558954
-0.9999999999999996
-0.6657707638558954
-0.6657707638558954
-0.9999999999999991
-0.9999999999999989
-0.6676228398410112
-0.410781158284738
-0.9999999999999996
-0.9999999999999992
-0.6657707638558954
-0.9999999999999996
-0.9999999999999991
-0.9999999999999993
-0.6676228398410111
-0.9999999999999996
-0.4126332342698538
-0.6657707638558954
-0.6657707638558954
-0.6657707638558954
-0.6657707638558954
-0.9999999999999993
-0.9999999999999992
-0.9999999999999993
-0.9999999999999992
-0.918908293441937
-0.9999999999999997
-0.9999999999999996
-0.7376400837768514
-0.4126332342698538
-0.6657707638558954
-0.9999999999999996
-0.9999999999999991
-0.6676228398410112
-0.9999999999999996
-0.9999999999999992
-0.6657707638558954
-0.9999999999999996
-0.6676228398410112
-0.9999999999999996
-0.5939014439349394
-0.9999999999999993
-0.7376400837768515
-0.5939014439349394
-0.9999999999999991
-0.9999999999999996
-0.4126332342698538
-0.7071067811865466
-0.9999999999999996
-0.9999999999999991
-0.4126332342698538
-0.9999999999999991
-0.7376400837768514
-0.9999999999999996
-0.9999999999999993
-0.9999999999999996
-0.9999999999999993
-0.4126332342698538
-0.9999999999999991
-0.9999999999999993
-0.9999999999999992
-0.5939014439349394
-0.9999999999999996
-0.6676228398410111
-0.5939014439349393
-0.6657707638558954
-0.9999999999999993
-0.9999999999999996
-0.9999999999999996
-0.7376400837768515
-0.6676228398410113
-0.5939014439349394
-0.6657707638558954
-0.5939014439349393
-0.9999999999999992
-0.6676228398410113
-0.9999999999999989
-0.9999999999999993
-0.9999999999999991
-0.9999999999999993
-0.6657707638558954
-0.9999999999999991
-0.7376400837768514
-0.7376400837768514
-0.6639186878707796
-0.6657707638558954
-0.9999999999999989
-0.918908293441937
-0.7071067811865472
-0.5939014439349393
-0.9999999999999993
-0.9999999999999993
-0.6676228398410112
-0.9999999999999996
-0.6639186878707796
-0.9999999999999993
-0.5939014439349393
-0.9999999999999993
-0.9207603694270529
-0.9999999999999992
-0.7376400837768514
-0.9999999999999996
-0.9999999999999996
-0.5939014439349393
-0.9999999999999996
-0.9999999999999996
-0.9999999999999991
-0.9999999999999996
-0.9999999999999993
-0.9999999999999993
-0.9999999999999989
-0.6676228398410112
-0.5939014439349394
-0.918908293441937
-0.9999999999999993
-0.9999999999999993
-0.9999999999999992
-0.9999999999999998
-0.9999999999999993
-0.9999999999999993
-0.9999999999999996
-0.5939014439349394
-0.9999999999999993
-0.9999999999999993
-0.6657707638558954
-0.6657707638558954
-0.9999999999999993
-0.9999999999999991
-0.7376400837768514
-0.9999999999999996
-0.6657707638558954
-0.9999999999999991
-0.9999999999999989
-0.9999999999999996
-0.9999999999999996
-0.5939014439349394
-0.6657707638558954
-0.918908293441937
-0.9999999999999992
-0.9999999999999992
-0.9999999999999996
-0.9999999999999993
-0.9999999999999996
-0.9999999999999996
-0.7071067811865474
-0.9999999999999993
-0.6657707638558954
-0.9999999999999993
-0.6657707638558954
-0.9999999999999992
-0.6657707638558954
-0.9999999999999992
-0.9999999999999991
-0.9999999999999996
-0.9999999999999993
-0.6639186878707796
-0.6657707638558954
-0.9999999999999992
-0.9999999999999998
-0.6657707638558954
-0.6657707638558954
-0.6657707638558954
-0.6657707638558954
-0.9999999999999989
-0.9999999999999996
-0.9999999999999993
-0.5939014439349394
-0.9999999999999993
-0.9999999999999996
-0.5939014439349393
-0.9999999999999993
-0.9999999999999993
-0.9999999999999992
-0.6676228398410111
-0.9999999999999996
-0.6639186878707796
-0.9999999999999996
-0.9999999999999996
-0.9999999999999992
-0.6657707638558954
-0.410781158284738
-0.9999999999999996
-0.7376400837768514
-0.6657707638558954
-0.9999999999999991
-0.9999999999999991
-0.9999999999999991
-0.7071067811865467
-0.9999999999999992
-0.9999999999999991
-0.9999999999999992
-0.9999999999999993
-0.9999999999999996
-0.6676228398410111
-0.9999999999999996
-0.9170562174568212
-0.5939014439349393
-0.9999999999999991
-0.6657707638558954
-0.9999999999999996
-0.6657707638558954
-0.7071067811865475
-0.9999999999999996
-0.9999999999999991
-0.6657707638558954
-0.9999999999999996
-0.9999999999999996
-0.9999999999999992
-0.5939014439349394
-0.6657707638558954
-0.5939014439349394
-0.9999999999999992
-0.9999999999999992
-0.6657707638558954
-0.6657707638558954
-0.9999999999999997
-0.918908293441937
-0.9999999999999996
-0.9999999999999993
-0.9999999999999991
-0.9999999999999993
-0.9999999999999991
-0.9999999999999991
-0.9999999999999996
-0.6657707638558954
-0.6657707638558954
-0.41448531025496965
-0.9999999999999993
-0.6676228398410113
-0.9999999999999996
-0.9999999999999991
-0.7376400837768514
-0.6657707638558954
-0.9999999999999992
-0.6657707638558954
-0.7376400837768515
-0.9999999999999989
-0.9999999999999996
-0.9999999999999996
-0.5939014439349394
-0.41448531025496965
-0.4126332342698538
-0.6657707638558954
-0.9207603694270529
-0.6676228398410113
-0.6657707638558954
-0.9999999999999996
-0.5939014439349394
-0.6657707638558954
-0.5939014439349393
-0.7376400837768514
-0.9999999999999996
-0.9999999999999993
-0.410781158284738
-0.9999999999999998
-0.9999999999999989
-0.4126332342698538
-0.7376400837768514
-0.9999999999999996
-0.9999999999999996
-0.4126332342698538
-0.9999999999999993
-0.5939014439349394
-0.4126332342698538
-0.9999999999999991
-0.6657707638558954
-0.9999999999999998
-0.9999999999999996
-0.918908293441937
-0.9999999999999992
-0.6676228398410111
-0.9999999999999993
-0.7376400837768514
-0.918908293441937
-0.9999999999999996
-0.5939014439349394
-0.9999999999999999
-0.9999999999999996
-0.6657707638558954
-0.9999999999999996
-0.5939014439349394
-0.9999999999999997
-0.9999999999999992
-0.8076573277126917
-0.9999999999999993
-0.6657707638558954
-0.7376400837768514
-0.9999999999999991
-0.9999999999999996
-0.9999999999999993
-0.9999999999999992
-0.9999999999999996
-0.9999999999999991
-0.9999999999999991
-0.9999999999999996
-0.9999999999999992
-0.9999999999999993
-0.6657707638558954
-0.6657707638558954
-0.9999999999999996
-0.6639186878707796
-0.918908293441937
-0.9999999999999991
-0.9999999999999996
-0.9999999999999993
-0.9999999999999996
-0.9999999999999996
-0.6657707638558954
-0.6657707638558954
-0.9999999999999996
-0.918908293441937
-0.6657707638558954
-0.6657707638558954
-0.9999999999999989
-0.7376400837768514
-0.9999999999999993
-0.9999999999999998
-0.9999999999999989
-0.9999999999999992
-0.9999999999999996
-0.9999999999999991
-0.7376400837768514
-0.6657707638558954
-0.9999999999999996
-0.9999999999999991
-0.7376400837768514
-0.5939014439349394
-0.6657707638558954
-0.9999999999999992
-0.4126332342698538
-0.6676228398410113
-0.9999999999999996
-0.9999999999999993
-0.5939014439349394
-0.9999999999999989
-0.7376400837768515
-0.918908293441937
-0.9999999999999993
-0.7376400837768515
-0.4126332342698538
-0.9999999999999992
-0.9999999999999996
-0.7376400837768514
-0.9999999999999991
-0.9999999999999993
-0.7376400837768515
-0.9999999999999996
-0.9999999999999993
-0.7376400837768514
-0.4126332342698538
-0.5939014439349394
-0.6657707638558954
-0.9999999999999991
-0.9999999999999991
-0.9999999999999992
-0.6657707638558954
-0.9999999999999989
