-1.5255390850783326
-1.5413057527195795
-1.5521391968616158
-1.574223087998499
-1.5162200955606822
-1.5576920104160328
-1.5385312040734527
-1.5866514448379285
-1.7263933981484816
-1.604175502683832
-1.547876051551634
-1.5325345288282413
-1.5204697902316409
-1.55011429477908
-1.5677866876586113
-1.5972084850404817
-1.8347500739051759
-1.492914610878306
-1.5525394616824486
-1.4773707655152042
-1.5391764712921479
-1.5787433629386953
-1.49130569493357
-1.5217852084231431
-1.4313549271062218
-1.518592522023126
-1.5531131220595586
-1.5662422860408913
-1.4956803563698648
-1.59867511331885
-1.5799575919912616
-1.6003546686638002
-1.5332419406062607
-1.5332651906477333
-1.5752514536264575
-1.427131037921781
-1.5122049152269068
-1.551992925165771
-1.5265700520896814
-1.558037410711694
-1.582394286737077
-1.4288674818371039
-1.5157121960918802
-1.5255481135501596
-1.5509574803040915
-1.58704131964228
-1.5278543241502622
-1.547601139926583
-1.6173124186008123
-1.5519587458803143
-1.589344169295217
-1.5625400222599994
-1.678249145180125
-1.5256512445021633
-1.6101070414578689
-1.469192463821158
-1.5583270049940667
-1.4759023295566527
-1.5293770807415452
-1.5324624811165606
-1.5426833481422588
-1.6178439056126708
-1.5114150944064142
-1.468222357881901
-1.4779293245876102
-1.5466297225220162
-1.5750736806850245
-1.6243867680272732
-1.532959705171601
-1.58593951776832
-1.5396512307303634
-1.5168924528849677
-1.5675554155308684
-1.7465788226391927
-1.5741864723839925
-1.4953539654823076
-1.2251107806423605
-1.5723222776983756
-1.6210409438709115
-1.7140668732093434
-1.5556597485289654
-1.6136508727082526
-1.8866100517260813
-1.5071464646443125
-1.526891882889966
-1.5371292822101434
-1.366128267603235
-1.5455867449191945
-1.551294343262661
-1.6171961375002697
-1.584196946994862
-1.4863200301366684
-1.4710864952977194
-1.4842862633087686
-1.5678445273680568
-1.6627060449504918
-1.5475174925098156
-1.5793821311001435
-1.518608120085196
-1.571281997315578
-1.4902547692532826
-1.6330887813773307
-1.6597668750042676
-1.6685524796302782
-1.5545425832686686
-1.5519875204950053
-1.5783220515317709
-1.5711559635764627
-1.5639383316705406
-1.474201140328757
-1.594679514610072
-1.453175646739731
-1.567625017849235
-1.5605981236566615
-1.5621993716175577
-1.481241618308283
-1.6266251733496153
-1.5013685488806616
-1.4694475248989178
-1.7604651201263564
-1.5403292715617418
-1.5372533355268683
-1.5355846705211662
-1.510890463145293
-1.5021275903133424
-1.6156605957653154
-1.5410588033837427
-1.4858214772951586
-1.5667915462156508
-1.5955284972202048
-1.5173908374311988
-1.5651265147676958
-1.5430903864809178
-1.861563040529747
-1.588543503250289
-1.5393375671303478
-1.3919763158063825
-1.5512180133647804
-1.5890503391587165
-1.5785331354722318
-1.4360172052516291
-1.5592052498773437
-1.5517221793203038
-1.5858981655839193
-1.4876079554992319
-1.6126072004611638
-1.5159637280497549
-1.571129777263217
-1.496660383012404
-1.5717211780360842
-1.5897236579899925
-1.5443861292951118
-1.551797694610907
-1.5594971764431875
-1.5849039239110092
-1.472985719283865
-1.7135376453717375
-1.5846602079034717
-1.5478694604688603
-1.5583857257378977
-1.514254803592899
-1.5613668112200991
-1.4871184238868
-1.3347789227077995
-1.4430480439635072
-1.5798347940370654
-1.6134564782983802
-1.5168043734105328
-1.5299207513295077
-1.557053041743885
-1.616990579211909
-1.59201855762075
-1.671563944998864
-1.4366569575358432
-1.381734174610985
-1.5074931600788113
-1.5558432457447937
-1.5996564472772774
-1.7385915898542086
-1.5916138745631132
-1.5882793324841828
-1.5142670491170835
-1.5723167901019819
-1.6755221450954734
-1.4805640405039586
-1.5656022188243366
-1.508957115449698
-1.549520638124398
-1.4789283806963516
-1.5643138543491903
-1.5411423596935658
-1.4975134506437024
-1.663760506730977
-1.5966249722706922
-1.5809203245199908
-1.5572750474621655
-1.5927692430956322
-1.5519370775416053
-1.5847148064446208
-1.6206575790012923
-1.5749895125205402
-1.5409045145366624
-1.5183726214590023
-1.6505601215711496
-1.5488578844935645
-1.523581416288541
-1.493952933049104
-1.5126412949564716
-1.5514830929314702
-1.570167625086973
-1.6664434291694392
-1.4873828197691448
-1.552082993860235
-1.5314446931613448
-1.6108632601367
-1.7543139945135322
-1.491596105129263
-1.5798783741823725
-1.5749003332447273
-1.4615084945966292
-1.6316242829335437
-1.6572453904934772
-1.6395895892273034
-1.5056633728875202
-1.5796855059331567
-1.549012527478372
-1.5203721580409018
-1.6654578384235674
-1.478650908971892
-1.64780737694679
-1.5186688172233564
-1.611184084015803
-1.5261762346672323
-1.5015723130044032
-1.8163937043770413
-1.5598938033756404
-1.6398947620395599
-1.6460859549130293
-1.560445384989705
-1.5486177814181303
-1.4760882996736377
-1.461118553973575
-1.6168526769041796
-1.6804589808874817
-1.6373321993480583
-1.5470419225962733
-1.5227095858716875
-1.5466511512038243
-1.4618516201652088
-1.4853275122143348
-1.7526926842605293
-1.5904434955915687
-1.6216602790757952
-1.8043654028200398
-1.641370419147389
-1.44908461229284
-1.4825567178646448
-1.3375716140022518
-1.6059826621336932
-1.5318959169118407
-1.5169213061957696
-1.4686165183576914
-1.6636574297368978
-1.6527751524788235
-1.5602906952706852
-1.6128168314643538
-1.598256004187752
-1.6082694925620413
-1.620938369337515
-1.6279293681399172
-1.5323059766534528
-1.742013084894353
-1.64165666097111
-1.5383303712377145
-1.65169010076756
-1.5476823038042644
-1.4396036901690819
-1.5229423048542876
-1.5820449801577996
-1.593635696677223
-1.543905011981892
-1.5358639728107684
-1.590005188312435
-1.560775148115317
-1.651485412080147
-1.4387253728672702
-1.5335802955176203
-1.4718678340969729
-1.6441033193602674
-1.7151507989092423
-1.4766633927031312
-1.6210845946000165
-1.7036817472256085
-1.5039667802254963
-1.6089507192122783
-1.7073921794115394
-1.5773087425201067
-1.56276181146769
-1.6103426854062635
-1.7256980648537916
-1.5553515498156756
-1.4971050702187672
-1.447116071732526
-1.5652060085900277
-1.5476155001921406
-1.5656795971637605
-1.595300237292184
-1.727428920284607
-1.5049495445607373
-1.4271040501779515
-1.5624732313600398
-1.499243260911082
-1.5262410745595942
-1.5316336311034107
-1.6954014403084012
-1.6023075582400987
-1.6304073261236427
-1.5944947674604548
-1.5872375349618024
-1.5891748882152652
-1.5431481521396768
-1.557694361355693
-1.55413976246103
-1.51502080314908
-1.578584011505919
-1.629233514109174
-1.5562150851256953
-1.704651726245915
-1.5527919633983762
-1.67892330556987
-1.5617680748817802
-1.4522254038924975
-1.427238005548595
-1.5035832017041701
-1.5415095832142987
-1.5815390182092028
-1.6367518669942873
-1.571662887470504
-1.5414139808761513
-1.5564344575116085
-1.5157992745203335
-1.5220549902730443
-1.5337617131161214
-1.5005552705466716
-1.4822151883753913
-1.6488718489654595
-1.5230950839688524
-1.6049160401997273
-1.5363097850439726
-1.4944967533948739
-1.5512309314360988
-1.6019411044204976
-1.784018152132112
-1.572616930910438
-1.5837113787198995
-1.6107163673264235
-1.6186598094223603
-1.4851113182635456
-1.5095877509854496
-1.3621298671522806
-1.587558879631132
-1.7657580780323276
-1.6393737668387236
-1.5846484559528577
-1.5421913661118691
-1.5683496186395862
-1.6120494390936475
-1.5037819784531945
-1.5695863829549985
-1.513990863764299
-1.537025973517188
-1.5093462071064048
-1.563716818422142
-1.5135840267605465
-1.6394120941427333
-1.5256407805350571
-1.5616757682690738
-1.532986871312195
-1.5220024203281106
-1.4722223731077562
-1.5479457143326134
-1.6901824658792974
-1.555862151278808
-1.6095070602906056
-1.5158170932910586
-1.3670419863355932
-1.4949659407183886
-1.6664497512336847
-1.5677455414029433
-1.557974382254503
-1.6116822815183345
-1.602266024477534
-1.5749471933884638
-1.5083982529597049
-1.627297540512679
-1.6001766764654568
-1.5804536780247185
-1.4239009009855623
-1.5218407596232026
-1.5487316345190605
-1.5351657124594866
-1.4574637159815
-1.4929322127039844
-1.5595406636994364
-1.5139044783336142
-1.516759154662188
-1.545895103862566
-1.5458992995761127
-1.6395320212349809
-1.581817349799413
-1.508009850473437
-1.4475364378748616
-1.5078719501171234
-1.501942205321412
-1.5262771051062756
-1.544381119819548
-1.4012401014355715
-1.622519787207641
-1.6555657210162367
-1.7050506477275125
-1.5354041079188971
-1.5940687557352486
-1.6436247278433318
-1.5022233336092237
-1.6541795564937747
-1.6343904903396176
-1.547424889269803
-1.5119713604254605
-1.5738515976306164
-1.5610624606878885
-1.6129940907565854
-1.6643349878454172
-1.523758756457378
-1.581137355688298
-1.5300737440709273
-1.5109764220682433
-1.5543911107363177
-1.4852608362897914
-1.5887175861921152
-1.6189437234685986
-1.636974459235344
-1.618070710931927
-1.584419862187017
-1.5429183137320854
-1.5234353587993064
-1.5916666477400971
-1.5313353075666272
-1.4706025764648203
-1.5867008279229147
-1.5672173233472901
-1.5542773348317547
-1.7178411290405058
-1.5561060864912872
-1.7032438090635003
-1.519268197563143
-1.5893280480588294
-1.6399366249245197
-1.4844397295804779
-1.5336237869858227
-1.7069712893027198
-1.5980165898915386
-1.6153645136738453
-1.585718025819907
-1.613127174462475
-1.462264502198185
-1.4504938584893496
-1.659907386035191
-1.5635844432773611
-1.5413694569524132
-1.557424407588651
-1.3684585691876974
-1.459534137502235
-1.5116129323625649
-1.5492303017578815
-1.5242787081718592
-1.5364249353400288
-1.6151793532304146
-1.5782864675557913
-1.5779460098600664
-1.5290832389365088
-1.5225208673475725
-1.4800464582736876
-1.6302474457588385
-1.4575461432192607
-1.6330157942508308
-1.5506297029799478
-1.4652406378527019
-1.590516219546449
-1.5847400004318253
-1.6200686137113975
-1.5635844432773611
-1.6316620829576345
-1.5051642759041197
-1.5863169344719146
-1.7801618287453569
-1.585130813406583
-1.500516217591339
-1.5382499380554644
-1.5292016165858375
-1.5995778235688403
-1.4843249994641572
-1.4930266465972601
-1.4564003029394148
-1.5496726029310213
-1.4849779878899412
-1.8866100517260813
-1.8781320540354516
-1.8866100517260813
-1.8866100517260813
-1.5594582705995719
-1.9037993309803074
-1.8691247522649297
-1.455048299322502
-1.4465463409018318
-1.5576163338345381
-2.0138514666701086
-1.854950372354641
-1.8655764533451622
-1.905774141528032
-1.6898116821004003
-1.6347004145163795
-2.0086381290885846
-1.8813490563778967
-1.4568172867423246
-1.893848515383787
-1.6924977866649047
-1.7610428197348185
-1.72735511134118
-1.7245227373663314
-1.7500535286716516
-1.6717841910350635
-1.9995825774032685
-1.5324428913458839
-1.8108595101783433
-1.5523459116073837
-1.654015447073201
-1.5347814247313374
-1.6378629186277234
-1.8558552553664742
-1.6300521440007616
-1.5872893680274167
-1.7241363407400057
-1.9053331956630761
-1.9507427062785236
-1.7246175348195063
-1.5766357687564634
-1.72906790699526
-1.4500329569905053
-1.4451400254336053
-1.9380243809017976
-1.9995825774032685
-2.0285353796556818
-1.9531515086711497
-1.8231669842907086
-1.4754165541417055
-1.9185660542726044
-1.8737184872116135
-1.892537402914575
-2.0024394099116214
-1.8084014664963886
-2.003130471575652
-1.6403549242384519
-1.8233170894156805
-1.7842742325382228
-1.6374854306841424
-1.5192923851935527
-1.8761705484610127
-1.8318454540562668
-1.8807469253942313
-1.9986871811813458
-1.9020700811951001
-1.8604974788678366
-1.9833560342162988
-1.942753132292336
-1.8939436824587697
-2.003130471575652
-1.8271493269549368
-1.9977692272337766
-2.015487394783652
-2.0255610996998787
-1.9505431633843906
-2.0664555672144025
-1.563342271916731
-1.9545644805515283
-1.578431540663268
-1.8763772315594758
-2.0876400231846417
-1.809620908042401
-2.0876400231846417
-1.848841994878065
-1.5736686841544762
-1.9869424746614879
-1.9445735627210068
-1.8731685422858888
-1.886244926138334
-1.9810482144849053
-1.4456466294336128
-1.9729283720152098
-2.058679952355777
-1.5990168955455846
-1.842893434966458
-1.9587535273199683
-2.0876400231846417
-1.9943141151831734
-2.1076986788836347
-1.841708438380671
-2.016904615342731
-1.5941910236535124
-1.9141622052027825
-1.87187037400565
-1.9062261368346602
-1.934220860901776
-1.982122409356756
-2.0974241452711873
-1.7875892509410614
-1.3932128313675016
-1.9785415433318052
-1.8024381299668848
-2.0908058747835847
-1.9869424746614879
-1.9810068744599905
-1.8024381299668848
-1.8917498407421562
-1.9395542381076285
-2.0592948355770395
-2.0675813674856487
-2.013532213437698
-2.0876400231846417
-1.9901083262604309
-1.8578997385307323
-2.0592948355770395
-2.195875629057631
-1.4747243540947923
-2.01451486947292
-1.8172802375168327
-2.06438286595238
-1.7961820515030733
-1.9985707541684667
-2.1021213172189133
-1.614832491961014
-1.52429599275424
-1.9385386313548931
-1.5275521535391823
-2.1076986788836347
-1.7322152837371303
-1.9625978197885452
-1.594764487951041
-1.890775555577798
-2.195875629057631
-2.076077047241886
-2.0108909922704434
-2.195875629057631
-1.7829021974271702
-2.0382153250660795
-2.02636294584431
-1.9857901057333796
-2.1170454770618554
-2.1331166779967607
-2.195875629057631
-1.9537315720209407
-1.7671555078240893
-1.874698423804479
-1.8272766881410867
-2.195875629057631
-2.1208924849463253
-2.195875629057631
-2.0382153250660795
-2.1170454770618554
-2.143213017948156
-1.7173943960935127
-2.0458969593632026
-2.044648281063725
-1.583866150116085
-2.0052288363024298
-2.174612138782007
-1.8065173784520052
-2.1170454770618554
-1.8411648509092378
-2.195875629057631
-2.0698266280373145
-1.5629586553897905
-2.041590684594921
-2.195875629057631
-2.0149394200158084
-1.466940571917461
-1.5340574923136927
-2.195875629057631
-1.9213606459801187
-1.5689441259525925
-2.1086559104240727
-2.0905504068386813
-2.195875629057631
-1.966022675873337
-1.946794084018923
-2.093109644087243
-2.182474807643682
-2.0905504068386813
-1.966154449363812
-1.9008767353232394
-2.147752311864166
-2.195875629057631
-2.269848944273083
-2.1360624476919337
-2.269848944273083
-1.3182282169499597
-1.609714712823544
-2.056167333394636
-2.1170454770618554
-2.007319941921403
-1.8690783556262662
-2.007319941921403
-1.4057539963550036
-2.1360624476919337
-1.8301306827707702
-2.215586212830725
-2.269848944273083
-2.215586212830725
-2.169370065440879
-1.8005018195716183
-2.059198499835183
-1.9648018791199569
-2.007319941921403
-1.8284160721832752
-1.891216119213901
-1.7618620749764262
-2.088890376873969
-1.744790939569723
-1.9342660263673968
-2.111025892700544
-1.4688167142236965
-2.0751642006527153
-2.162537414543108
-2.211515172590991
-2.169370065440879
-1.993910259649177
-2.074926119599061
-2.110260990611775
-2.0751642006527153
-2.1510137574279637
-2.176773407967565
-1.7932072905748897
-2.269848944273083
-2.1360624476919337
-2.0552258848131335
-2.171137703260954
-2.269848944273083
-2.215586212830725
-2.162537414543108
-2.215586212830725
-2.0724264622488247
-2.059198499835183
-2.0561673333946366
-1.6351465239426126
-2.269848944273083
-2.215586212830725
-1.9000084121914282
-2.0751642006527153
-2.1918123469886797
-2.172754768174143
-2.1425322972767185
-1.8351473781370728
-2.164523722054133
-1.9495946218008067
-2.162537414543108
-2.269848944273083
-1.6528764034585008
-1.9963340486569394
-1.9268431784257363
-2.215586212830725
-2.024815426391138
-2.162537414543108
-2.269848944273083
-2.162537414543108
-2.1207996204684263
-1.554283490473083
-2.211515172590991
-1.9323544640173589
-2.077075518882719
-1.7835196761297163
-2.269848944273083
-1.6906453261101584
-1.9083520889251195
-1.882678803625633
-2.164523722054133
-2.1012316993521543
-1.558577356621082
-2.269848944273083
-2.0442819621929607
-2.269848944273083
-1.8404824315981139
-2.076263873949358
-1.66276071010151
-1.904698607516873
-1.991589899370025
-1.4542244408623684
-2.007319941921403
-2.269848944273083
-1.8130814061098093
-2.036867044501147
-2.1613234813883673
-2.121902313842179
-2.059198499835183
-2.269848944273083
-1.6664676707943884
-2.12374111316507
-2.0751642006527153
-1.5762320944787005
-1.9963340486569394
-2.269848944273083
-1.5854206826680644
-2.176773407967565
-1.955968248633912
-1.9291859681916539
-2.269848944273083
-2.076263873949358
-2.171137703260954
-2.171137703260954
-2.0864871247697296
-2.215586212830725
-2.1135596564952257
-2.164523722054133
-2.269848944273083
-1.8284160721832752
-2.0886386012381597
-2.164523722054133
-2.164523722054133
-2.215586212830725
-2.195875629057631
-2.162537414543108
-2.215586212830725
-1.8348505047565382
-2.171137703260954
-1.874881015767452
-1.5482072278690238
-2.269848944273083
-1.5176202440646813
-1.5805182231629766
-2.061213637959962
-1.5178372965199927
-1.613616365851553
-1.9366228468262054
-1.7926968824614535
-1.532269400648381
-2.0266843102013996
-2.215586212830725
-2.215586212830725
-1.5658403063938588
-2.145883428053905
-1.8690783556262667
-2.089483498989102
-1.8111338155126915
-2.1613234813883673
-2.147752311864166
-2.269848944273083
-2.06946187823759
-2.19400674524737
-2.141796128342236
-1.4649445917360029
-2.164523722054133
-2.215586212830725
-2.269848944273083
-2.269848944273083
-2.110260990611775
-2.162537414543108
-1.5025558205285203
-2.269848944273083
-2.118164546221657
-2.0171203742073134
-2.059198499835183
-2.140277003010612
-2.162537414543108
-2.0640448432219296
-1.4284003164893262
-2.059198499835183
-2.269848944273083
-1.876500277976358
-1.959309924207378
-1.5998888482899791
-2.145883428053905
-1.5345491798164175
-2.116874971818596
-2.269848944273083
-2.269848944273083
-1.8660975298228846
-2.111025892700544
-2.1613234813883673
-2.059198499835183
-2.269848944273083
-1.9019473979170796
-2.111025892700544
-2.162537414543108
-2.162537414543108
-1.9676145898690862
-1.7049784588601908
-2.164523722054133
-1.8262707799326603
-2.118164546221657
-2.269848944273083
-2.0746330457000353
-2.269848944273083
-1.5597593010591666
-2.215586212830725
-2.269848944273083
-2.164523722054133
-2.269848944273083
-2.164523722054133
-1.744790939569723
-2.077407017320893
-2.007319941921403
-1.832258060129102
-2.172754768174143
-2.0662956307102704
-2.215586212830725
-2.269848944273083
-2.269848944273083
-1.4800288850582661
-2.162537414543108
-2.164523722054133
-2.269848944273083
-2.110260990611775
-1.912814283705499
-2.024815426391138
-1.7250624029402108
-2.0836613493578597
-2.269848944273083
-2.059198499835183
-2.215586212830725
-2.269848944273083
-2.269848944273083
-2.0724264622488247
-2.084500817258705
-2.0043967517028074
-2.269848944273083
-2.269848944273083
-1.9995693720045211
-2.269848944273083
-2.215586212830725
-2.215586212830725
-1.9621043237362428
-2.0552258848131335
-2.071553539580602
-2.162537414543108
-2.269848944273083
-1.91309066872717
-1.4180405987728681
-2.269848944273083
-2.0658124810420038
-1.7758679513284124
-2.164523722054133
-1.6315778828995922
-2.164523722054133
-1.5524327123591646
-2.224219991997274
-2.127413601675247
-2.221301856223613
-1.5646440331735012
-2.269848944273083
-2.269848944273083
-2.0565665033796034
-1.6060646450272476
-1.7573709827334385
-1.6217618072224327
-2.007319941921403
-1.922190228198228
-1.8852955115550065
-1.6897792026417569
-1.7381655966551426
-2.111025892700544
-2.171137703260954
-2.269848944273083
-2.269848944273083
-1.983833273954216
-1.9902786116911928
-2.171137703260954
-2.024815426391138
-1.8414034447218928
-2.269848944273083
-2.215586212830725
-1.88018249386869
-1.5997184367576134
-1.9639009993641068
-2.0066787967636635
-2.169370065440879
-1.6098743756538592
-1.9995693720045211
-2.195875629057631
-1.9291859681916539
-1.8564444764934698
-2.269848944273083
-2.269848944273083
-2.224219991997274
-1.6465207921105005
-1.8455079267082737
-2.269848944273083
-2.162537414543108
-2.269848944273083
-2.195875629057631
-2.269848944273083
-2.0552258848131335
-1.562681467444191
