0.4917960986919533
4.5102810375396984e-17
2.0816681711721685e-17
1.3877787807814457e-17
1.6046192152785466e-17
-1.2468324983583301e-17
1.5439038936193583e-16
3.469446951953614e-18
-3.4694469519536134e-18
7.632783294297951e-17
3.469446951953614e-18
1.5092094240998222e-16
-6.689527404235562e-17
6.938893903907228e-17
1.3877787807814457e-16
3.8163916471489756e-17
2.6020852139652106e-17
9.71445146547012e-17
8.326672684688674e-17
1.7564075194265172e-17
0.0
5.858436651022875e-35
1.3010426069826053e-17
-1.9081958235744878e-17
-2.7755575615628914e-17
3.122502256758253e-17
5.551115123125783e-17
4.85722573273506e-17
-1.1275702593849246e-17
1.1102230246251565e-16
-1.474514954580286e-17
2.6020852139652106e-18
1.734723475976807e-17
-1.8865117801247777e-17
1.3097162243624894e-16
1.5395670849294163e-17
-1.7347234759768075e-18
0.0
-1.734723475976807e-17
8.673617379884034e-18
-2.42861286636753e-17
8.673617379884035e-19
0.0
1.249000902703301e-16
-1.0408340855860843e-17
-3.469446951953614e-18
2.6020852139652106e-17
-8.673617379884035e-19
4.336808689942018e-17
-8.326672684688674e-17
-4.996003610813204e-16
8.673617379884035e-18
4.5102810375396984e-17
6.938893903907228e-18
0.0
-2.0816681711721685e-17
3.469446951953614e-18
-8.673617379884035e-19
1.8431436932253575e-17
-1.9081958235744878e-17
5.551115123125783e-17
6.938893903907228e-18
-8.326672684688673e-17
0.0
-1.0408340855860843e-17
-8.673617379884035e-19
-6.938893903907228e-18
-1.2576745200831851e-17
3.469446951953614e-17
-6.938893903907228e-18
2.42861286636753e-17
6.071532165918825e-18
1.3877787807814457e-17
-2.42861286636753e-17
8.239936510889834e-18
4.336808689942018e-18
6.245004513516506e-17
-3.469446951953614e-18
-9.540979117872439e-18
3.8163916471489756e-17
8.673617379884035e-18
8.326672684688674e-17
-1.0408340855860843e-17
-6.938893903907228e-18
-1.6479873021779667e-16
1.5612511283791264e-17
7.28583859910259e-17
-1.6046192152785466e-17
-2.7755575615628914e-17
6.071532165918825e-18
-1.5265566588595902e-16
4.85722573273506e-17
7.28583859910259e-17
-8.673617379884035e-19
-1.0408340855860843e-17
-6.938893903907228e-18
5.204170427930421e-18
5.204170427930421e-18
2.0816681711721688e-17
1.3877787807814455e-17
-6.938893903907228e-18
7.806255641895632e-18
1.734723475976807e-17
-6.071532165918825e-18
1.9018558200823968e-33
-2.4069288229178198e-17
1.5612511283791264e-16
2.6237692574149207e-17
-8.847089727481716e-17
-2.0816681711721685e-17
-0.7071067811865468
1.214306433183765e-17
-1.6479873021779667e-17
-3.469446951953614e-18
-2.6020852139652106e-18
-6.938893903907228e-18
6.938893903907228e-18
1.3010426069826053e-17
4.423544863740858e-17
6.938893903907228e-18
-1.734723475976807e-17
1.6219664500383146e-16
3.4694469519536126e-18
-9.540979117872439e-18
1.0408340855860843e-17
3.4694469519536126e-18
-2.6020852139652106e-18
-3.469446951953614e-17
-1.734723475976807e-18
-3.0357660829594124e-18
0.7071067811865469
1.3010426069826052e-17
-2.993496475303259e-49
1.1275702593849246e-17
1.734723475976807e-17
2.42861286636753e-17
-4.119968255444917e-17
-1.0408340855860843e-17
3.7730235602495554e-17
2.2898349882893854e-16
1.3877787807814457e-17
-7.806255641895632e-18
1.734723475976807e-17
1.5612511283791264e-17
-3.642919299551295e-17
-1.734723475976807e-17
-1.0148132334464322e-16
3.382710778154774e-17
-6.938893903907228e-17
-3.469446951953614e-17
6.071532165918825e-18
-4.163336342344337e-17
-1.0408340855860843e-17
-1.7542391150815462e-16
3.903127820947816e-17
1.457167719820518e-16
2.7755575615628914e-17
3.469446951953614e-18
-9.020562075079397e-17
-1.6653345369377348e-16
-1.0408340855860847e-17
-2.4936649967166602e-17
1.3877787807814457e-17
6.93889390390723e-18
-1.1275702593849246e-17
1.474514954580286e-17
4.163336342344337e-17
-1.5092094240998222e-16
-3.469446951953614e-18
1.0408340855860843e-17
3.469446951953614e-18
-1.734723475976807e-17
-2.0599841277224584e-17
-9.540979117872439e-18
6.938893903907228e-18
-3.469446951953614e-18
0.0
3.122502256758253e-17
-3.122502256758253e-17
-2.42861286636753e-17
6.938893903907228e-18
-2.775557561562892e-17
9.71445146547012e-17
1.6653345369377348e-16
1.3877787807814457e-17
1.214306433183765e-17
9.367506770274758e-17
3.469446951953614e-18
1.7347234759768068e-17
1.3877787807814457e-17
-5.941427905220564e-17
-6.938893903907228e-18
1.3877787807814455e-17
-2.949029909160572e-17
-4.163336342344337e-17
4.336808689942018e-18
-2.0816681711721685e-17
1.5612511283791264e-17
3.8163916471489756e-17
-4.336808689942017e-18
8.579481839663979e-36
-1.734723475976807e-17
6.5052130349130266e-18
-1.7780915628762273e-17
1.1796119636642288e-16
-1.3877787807814457e-17
-5.204170427930421e-18
-1.0408340855860843e-17
2.0816681711721685e-17
-3.469446951953614e-18
0.0
-1.734723475976807e-17
-0.35355339059327257
-3.469446951953614e-18
-7.806255641895632e-18
2.0816681711721697e-17
-2.6129272356900657e-17
-3.469446951953614e-17
4.5102810375396984e-17
2.8189256484623115e-17
-1.9081958235744875e-17
-6.93889390390723e-18
1.1362438767648086e-16
-0.7071067811865467
5.204170427930421e-18
3.2959746043559335e-17
1.0408340855860843e-17
-2.42861286636753e-17
-4.163336342344337e-17
1.6479873021779667e-17
6.938893903907227e-18
-1.1796119636642288e-16
1.734723475976807e-18
5.0306980803327406e-17
1.973247953923618e-17
1.5612511283791264e-17
-4.163336342344337e-17
-2.0816681711721685e-17
8.716985466783456e-17
6.938893903907228e-18
8.673617379884035e-18
1.734723475976807e-18
-1.8214596497756474e-17
6.9388939039072276e-18
4.9439619065339e-17
-3.2526065174565133e-18
-3.469446951953614e-17
1.214306433183765e-16
5.204170427930421e-18
5.204170427930421e-18
-8.673617379884041e-19
-1.73472347597681e-18
1.734723475976807e-18
-5.594483210025203e-17
-1.1709383462843448e-17
-1.9081958235744878e-17
-2.3418766925686896e-17
6.245004513516506e-17
-2.5153490401663703e-17
3.469446951953614e-18
5.4643789493269423e-17
1.020924831610735e-33
3.469446951953614e-18
-1.0408340855860843e-17
2.0816681711721685e-17
1.0581813203458523e-16
-2.211772431870429e-17
4.466912950640278e-17
-3.469446951953614e-18
8.673617379884035e-18
3.469446951953614e-18
3.8163916471489756e-17
-1.9081958235744878e-17
-2.6237692574149207e-17
5.204170427930421e-18
8.673617379884035e-18
1.0408340855860843e-17
7.979727989493313e-17
-0.49999999999999944
-2.7755575615628914e-17
-1.3183898417423734e-16
-2.949029909160572e-17
-1.3010426069826053e-17
-1.474514954580286e-17
1.734723475976807e-17
-2.6020852139652106e-17
1.5612511283791264e-17
-2.0816681711721682e-17
-9.8879238130678e-17
6.591949208711867e-17
-2.688821387764051e-17
-3.122502256758253e-17
-1.1796119636642288e-16
1.465841337200402e-16
6.938893903907228e-18
-3.469446951953614e-17
-4.163336342344336e-17
1.1275702593849246e-17
-3.122502256758253e-17
3.2742905609062234e-17
2.6020852139652114e-18
6.852157730108388e-17
1.0408340855860843e-17
3.469446951953614e-18
-2.211772431870429e-17
-8.673617379884035e-19
-4.336808689942016e-19
-1.1102230246251565e-16
-1.3877787807814457e-17
-5.2475385148298415e-17
2.3418766925686896e-17
1.734723475976807e-17
-2.2985086056692694e-17
-1.3010426069826053e-17
-2.7755575615628907e-17
1.1275702593849246e-17
-1.8214596497756474e-17
8.673617379884035e-17
5.204170427930421e-18
6.938893903907228e-18
5.204170427930421e-18
2.5153490401663703e-17
-3.0357660829594124e-17
-8.673617379884034e-18
1.2143064331837656e-17
-3.469446951953615e-18
-5.204170427930421e-18
-1.3877787807814454e-17
3.469446951953614e-18
5.2475385148298415e-17
-2.0816681711721685e-16
-9.020562075079397e-17
-2.0816681711721685e-17
-1.5352302762394743e-16
7.806255641895632e-18
-1.6046192152785466e-17
1.4311468676808659e-16
-2.602085213965211e-18
5.898059818321144e-17
3.122502256758253e-17
-2.775557561562891e-17
-2.6020852139652106e-18
1.5959455978986625e-16
3.122502256758253e-17
5.551115123125783e-17
1.1709383462843448e-17
-2.7755575615628914e-17
6.678685382510707e-17
2.42861286636753e-17
-4.5102810375396984e-17
-4.9873299934333204e-18
-1.951563910473908e-17
8.212831456577696e-17
1.9949319973733282e-17
2.1250362580715887e-17
1.1275702593849246e-17
8.673617379884032e-18
5.204170427930421e-18
3.469446951953614e-17
-6.938893903907228e-18
-1.0408340855860843e-17
0.9999999999999994
2.42861286636753e-17
7.806255641895632e-18
-7.28583859910259e-17
-3.469446951953614e-18
2.883977778811442e-17
-1.1102230246251565e-16
9.042246118529107e-17
-2.862293735361732e-17
4.336808689942018e-18
-0.7071067811865465
-3.8163916471489756e-17
3.469446951953613e-18
-2.3852447794681098e-18
2.0816681711721685e-17
1.3877787807814457e-17
-1.5612511283791264e-17
-1.249000902703301e-16
-3.469446951953614e-18
1.1492543028346347e-16
-2.6020852139652106e-18
-3.469446951953614e-17
2.6020852139652106e-18
6.938893903907228e-18
2.2171934427328566e-17
6.591949208711867e-17
-1.474514954580286e-17
-8.673617379884035e-18
9.540979117872439e-18
1.6479873021779667e-17
2.6020852139652106e-18
-3.469446951953614e-18
-3.4694469519536126e-18
1.734723475976807e-17
-1.3010426069826053e-17
-2.0816681711721685e-16
-3.469446951953617e-18
1.3877787807814457e-17
2.0816681711721685e-17
2.0816681711721685e-17
1.0408340855860843e-17
1.3877787807814455e-17
1.431146867680866e-17
-3.9898639947466563e-17
6.9388939039072245e-18
-5.2041704279304205e-18
2.0816681711721688e-17
3.642919299551295e-17
1.3530843112619095e-16
-2.6020852139652106e-18
1.5612511283791264e-17
-8.552847072295026e-50
-1.3877787807814457e-17
4.5102810375396984e-17
-6.071532165918825e-18
1.0581813203458523e-16
-1.8214596497756474e-16
2.7755575615628907e-17
-4.163336342344337e-17
1.457167719820518e-16
-1.1275702593849246e-17
-3.469446951953614e-18
2.775557561562893e-17
-4.85722573273506e-17
6.938893903907228e-17
2.6020852139652106e-18
-3.469446951953614e-18
6.938893903907228e-18
-2.1510571102112408e-16
2.2551405187698492e-17
-4.163336342344337e-17
5.811323644522304e-17
4.9439619065339e-17
3.2959746043559335e-17
-1.647987302177967e-17
-7.806255641895632e-18
-1.0408340855860843e-17
-1.040834085586084e-17
-1.5959455978986625e-16
-9.75781955236954e-18
-1.0408340855860844e-17
1.3877787807814457e-17
6.938893903907228e-17
-9.974659986866641e-17
-1.0408340855860843e-17
6.591949208711867e-17
-8.456776945386935e-18
-8.673617379884035e-19
1.6306400674181987e-16
6.938893903907228e-18
1.0408340855860843e-17
-1.665334536937735e-16
-1.0061396160665481e-16
4.1633363423443376e-17
3.0357660829594124e-17
-5.898059818321144e-17
-1.3877787807814457e-17
-1.3010426069826053e-17
-2.775557561562891e-17
2.0816681711721685e-17
-9.367506770274758e-17
-2.42861286636753e-17
-2.3418766925686896e-17
1.1275702593849246e-17
1.0408340855860843e-17
-3.8163916471489756e-17
-1.9949319973733282e-17
2.7755575615628914e-17
-2.6020852139652106e-17
-2.7755575615628914e-17
-5.204170427930419e-17
0.0
1.3183898417423734e-16
1.0408340855860843e-17
2.8189256484623115e-17
1.1275702593849246e-17
-3.469446951953612e-18
1.214306433183765e-17
1.5612511283791264e-17
-1.3010426069826053e-17
1.8214596497756474e-17
8.153200337090993e-17
-2.662800535624399e-16
-5.508175169300514e-34
5.724587470723463e-17
2.0816681711721685e-17
-4.336808689942018e-18
5.204170427930421e-17
1.5829351718288365e-17
-6.938893903907228e-18
-3.8163916471489756e-17
8.673617379884035e-17
-1.1102230246251565e-16
2.2551405187698492e-17
2.862293735361732e-17
2.6020852139652106e-18
-2.7755575615628914e-17
1.734723475976807e-17
-2.2551405187698492e-17
1.457167719820518e-16
0.0
-0.7071067811865469
2.3592239273284576e-16
1.3877787807814457e-17
-5.551115123125783e-17
-2.168404344971009e-17
9.974659986866641e-18
2.220446049250313e-16
-2.42861286636753e-17
-8.326672684688674e-17
-8.326672684688674e-17
5.551115123125783e-17
9.629649721936111e-35
-1.457167719820518e-16
7.892991815694472e-17
-0.3535533905932736
-3.469446951953614e-17
1.561251128379126e-17
3.469446951953614e-17
1.734723475976807e-18
-3.469446951953614e-18
2.0816681711721685e-17
8.565197162635485e-18
-2.4286128663675296e-17
3.469446951953614e-18
1.474514954580286e-17
-8.326672684688674e-17
-4.9439619065339e-17
3.8163916471489756e-17
0.49999999999999944
-3.8163916471489756e-17
-6.938893903907228e-17
-2.688821387764051e-17
-1.734723475976807e-16
1.457167719820518e-16
-3.0878077872387166e-16
4.163336342344337e-17
2.42861286636753e-17
2.7755575615628914e-17
3.4694469519536115e-18
2.0816681711721685e-17
5.681219383824043e-17
0.7071067811865466
-6.591949208711867e-17
-7.632783294297951e-17
-8.673617379884035e-18
-1.8648277366750676e-17
-4.1633363423443364e-17
-0.7071067811865467
6.245004513516506e-17
6.938893903907228e-18
1.1102230246251565e-16
3.469446951953614e-17
1.5265566588595902e-16
-1.3877787807814457e-17
-0.499999999999999
1.7780915628762273e-16
-7.28583859910259e-17
9.540979117872439e-18
5.551115123125783e-17
9.71445146547012e-17
-3.642919299551295e-17
-1.3877787807814455e-17
-8.673617379884035e-19
-2.740863092043355e-16
1.5178830414797062e-17
7.632783294297951e-17
5.858436651022877e-35
1.8388068845354155e-16
-1.1275702593849246e-17
0.7071067811865466
-1.2576745200831851e-16
1.9081958235744878e-17
-1.387778780781445e-17
-5.204170427930421e-18
2.168404344971009e-18
2.6020852139652106e-17
-6.9388939039072276e-18
2.949029909160572e-17
-1.9081958235744878e-17
8.326672684688674e-17
-1.3877787807814462e-16
-2.949029909160572e-17
1.3010426069826053e-17
-1.7347234759768061e-18
-3.469446951953614e-18
-1.5612511283791264e-17
2.5153490401663703e-17
-4.336808689942018e-18
-9.71445146547012e-17
-6.678685382510707e-17
0.24999999999999975
1.1275702593849246e-17
1.7347234759768069e-18
-1.5959455978986625e-16
-6.245004513516506e-17
8.326672684688674e-17
-1.1716873302045756e-34
9.509279100412001e-34
7.632783294297951e-17
6.245004513516506e-17
1.7780915628762273e-17
-1.9081958235744878e-17
8.326672684688674e-17
-2.7755575615628914e-17
1.734723475976807e-17
0.707106781186547
-4.683753385137379e-17
1.5959455978986625e-16
-2.7755575615628914e-17
0.7071067811865467
-6.917209860457518e-17
-9.71445146547012e-17
-2.3592239273284576e-16
-2.1684043449710086e-17
1.3877787807814455e-17
-1.431146867680866e-17
-3.469446951953614e-18
-1.734723475976807e-18
6.245004513516506e-17
-0.4999999999999992
-2.0816681711721685e-17
7.28583859910259e-17
-2.8189256484623115e-17
-6.938893903907222e-18
1.5785983631388945e-16
-1.8995222061946038e-16
-2.0816681711721682e-17
4.7271214720367993e-17
-3.122502256758253e-17
0.7071067811865469
4.7704895589362195e-18
5.551115123125783e-17
-2.42861286636753e-17
0.7071067811865466
-3.469446951953614e-17
-0.707106781186547
-2.688821387764051e-17
0.999999999999999
-1.0408340855860836e-17
0.0
7.28583859910259e-17
3.469446951953614e-18
-0.7071067811865467
3.209238430557093e-17
1.734723475976807e-16
0.9999999999999991
1.214306433183765e-16
2.3418766925686896e-17
-1.7520707107365752e-16
-1.3877787807814457e-17
-1.1102230246251565e-16
1.465841337200402e-16
1.1102230246251565e-16
-1.734723475976807e-18
-1.6219664500383146e-16
-4.0766001685454967e-17
6.938893903907225e-18
5.204170427930422e-17
-3.469446951953614e-18
-2.862293735361732e-17
-1.1449174941446927e-16
0.9999999999999991
1.1449174941446927e-16
-2.42861286636753e-17
-1.3877787807814457e-17
1.734723475976807e-18
-5.204170427930421e-17
2.775557561562891e-17
-9.71445146547012e-17
2.775557561562892e-17
-6.938893903907228e-18
2.2898349882893854e-16
-5.5511151231257815e-17
-1.6851887013388327e-33
4.163336342344337e-17
5.551115123125784e-17
-0.9999999999999998
5.2909066017292616e-17
0.7071067811865466
1.1796119636642288e-16
-1.0755285551056204e-16
6.9388939039072276e-18
0.7071067811865466
-6.375108774214766e-17
3.469446951953614e-18
1.5959455978986625e-16
2.0816681711721685e-17
7.892991815694472e-17
-0.9999999999999992
-0.7071067811865466
-6.938893903907228e-18
-3.469446951953616e-18
-0.7071067811865466
-0.9999999999999994
0.7071067811865469
6.938893903907228e-18
0.9999999999999996
3.469446951953614e-18
0.7071067811865464
-3.469446951953614e-17
-1.1275702593849246e-17
2.185751579730777e-16
-1.3877787807814457e-17
-0.7071067811865468
1.0755285551056204e-16
1.1275702593849246e-17
-3.187554387107383e-17
-0.35355339059327334
-3.5561831257524545e-17
7.806255641895632e-18
-8.673617379884035e-18
-2.7755575615628914e-17
1.3877787807814457e-17
8.500145032286355e-17
-4.163336342344337e-17
1.3010426069826053e-17
5.898059818321144e-17
0.7071067811865467
-0.49999999999999956
0.7071067811865467
-3.8163916471489756e-17
-0.4999999999999992
0.9999999999999996
-0.9999999999999991
0.7071067811865468
0.7071067811865464
3.469446951953614e-18
0.707106781186547
-0.7071067811865467
4.163336342344337e-17
-1.3183898417423734e-16
-9.280770596475918e-17
-3.469446951953614e-18
1.3877787807814457e-17
1.3335686721571705e-17
-1.3010426069826053e-16
1.0061396160665481e-16
-1.0755285551056204e-16
-0.9999999999999996
2.2985086056692694e-17
0.7071067811865464
-2.7755575615628914e-17
-1.8041124150158794e-16
1.0408340855860843e-17
0.7071067811865467
-8.760353553682876e-17
-0.4999999999999999
-4.85722573273506e-17
3.2959746043559335e-17
8.673617379884035e-18
-0.7071067811865469
-5.204170427930421e-17
1.7347234759768086e-18
4.5102810375396984e-17
6.591949208711867e-17
4.7704895589362195e-17
1.1709383462843448e-16
-0.9999999999999991
6.938893903907228e-17
-4.0766001685454967e-17
-1.0668549377257364e-16
-2.34187669256869e-17
-2.7755575615628914e-17
6.071532165918825e-18
1.0408340855860843e-17
-0.9999999999999996
-6.245004513516506e-17
4.163336342344337e-17
-2.42861286636753e-17
5.898059818321144e-17
4.119968255444917e-17
0.9999999999999989
9.509655095468527e-98
-6.938893903907228e-18
0.4999999999999991
0.7071067811865467
-0.7071067811865466
3.469446951953614e-17
8.326672684688674e-17
0.7071067811865467
1.3877787807814455e-17
0.4999999999999996
-2.211772431870429e-17
-6.938893903907231e-18
-2.6020852139652106e-17
-5.4860629927766524e-17
1.5612511283791267e-17
2.168404344971009e-17
-1.0408340855860843e-17
8.673617379884035e-17
2.0816681711721685e-17
-1.0668549377257364e-16
-1.0408340855860843e-17
-0.7071067811865466
-6.505213034913027e-17
3.469446951953614e-17
-5.377642775528102e-17
-0.7071067811865467
-1.9081958235744878e-17
-1.1102230246251565e-16
1.0408340855860843e-17
7.979727989493313e-17
1.9949319973733282e-17
1.9081958235744878e-17
-6.5052130349130266e-18
5.204170427930421e-18
3.469446951953614e-17
1.9949319973733282e-17
-1.734723475976807e-17
-2.1337098754514727e-16
-5.898059818321143e-17
2.42861286636753e-17
-4.423544863740858e-17
1.6653345369377348e-16
9.540979117872439e-17
6.938893903907228e-17
2.949029909160572e-17
-2.42861286636753e-17
-6.938893903907228e-18
-0.4999999999999992
1.700029006457271e-16
5.551115123125783e-17
1.6306400674181987e-16
5.476863279351202e-34
-1.734723475976807e-18
-0.7071067811865468
-8.326672684688674e-17
3.4694469519536134e-18
1.734723475976807e-17
-9.367506770274758e-17
3.382710778154774e-17
6.938893903907228e-18
5.551115123125783e-17
8.153200337090993e-17
1.700029006457271e-16
-0.7071067811865468
-0.7071067811865468
0.7071067811865469
3.469446951953614e-18
2.4286128663675296e-17
0.9999999999999998
0.9999999999999996
0.9999999999999991
0.7071067811865466
0.4999999999999992
-3.122502256758253e-17
-8.326672684688673e-17
0.999999999999999
-0.4999999999999995
1.1449174941446927e-16
2.1510571102112408e-16
-1.227316859253591e-16
-0.7071067811865467
-6.938893903907228e-17
-0.7071067811865469
-8.153200337090993e-17
1.3877787807814457e-17
3.2959746043559335e-17
6.938893903907228e-17
0.7071067811865464
0.999999999999999
-9.020562075079397e-17
-6.938893903907228e-18
-2.6020852139652106e-17
1.474514954580286e-17
-1.5265566588595902e-16
1.6479873021779667e-17
1.0061396160665481e-16
-8.673617379884035e-18
-0.49999999999999967
0.7071067811865479
-8.673617379884057e-19
1.734723475976807e-17
1.249000902703301e-16
-1.1796119636642288e-16
-2.7755575615628914e-17
-1.3530843112619095e-16
0.9999999999999996
-1.214306433183765e-16
-1.734723475976807e-17
-4.85722573273506e-17
-1.0928757898653885e-16
-1.214306433183765e-16
3.122502256758253e-17
0.7071067811865469
-6.938893903907228e-18
7.19910242530375e-17
-4.7704895589362195e-17
6.41463530422127e-50
2.0816681711721682e-17
4.5102810375396984e-17
9.367506770274758e-17
0.4999999999999995
-2.6020852139652106e-18
-0.4999999999999992
5.551115123125783e-17
-0.4999999999999994
-1.682681771697503e-16
-1.5699247457590104e-16
-4.163336342344337e-17
-6.245004513516506e-17
-8.673617379884035e-18
0.4999999999999995
2.6020852139652106e-18
-3.686287386450715e-18
4.163336342344337e-17
2.45029690981724e-17
-9.020562075079397e-17
0.9999999999999991
-1.3877787807814457e-17
-2.0816681711721685e-17
-5.898059818321144e-17
-1.734723475976807e-17
3.469446951953614e-17
3.0357660829594124e-17
-2.393918396847994e-16
0.7071067811865465
3.1225022567582534e-17
-5.5077470362263625e-17
-0.49999999999999944
2.7755575615628914e-17
-3.2959746043559335e-17
-1.4311468676808659e-16
-0.49999999999999956
-6.938893903907228e-18
0.7071067811865472
0.999999999999999
5.204170427930421e-18
5.551115123125783e-17
-0.7071067811865465
-1.8214596497756474e-16
2.7755575615628914e-17
-2.949029909160572e-17
-1.3877787807814457e-17
-2.6020852139652106e-17
-3.8163916471489756e-17
2.0816681711721685e-17
1.9081958235744878e-17
0.7071067811865465
-3.2959746043559335e-17
0.4999999999999993
6.938893903907228e-18
4.5102810375396984e-17
0.9999999999999989
-2.0816681711721685e-17
-5.204170427930421e-18
-2.7755575615628914e-17
1.734723475976807e-17
-1.1449174941446927e-16
2.6020852139652106e-16
-0.9999999999999996
1.0408340855860843e-16
0.49999999999999917
0.7071067811865467
1.8041124150158794e-16
1.3877787807814457e-17
1.0755285551056204e-16
-3.0357660829594124e-18
-0.7071067811865466
-0.35355339059327306
7.28583859910259e-17
2.0816681711721685e-17
6.938893903907228e-18
-2.7755575615628914e-17
-2.7755575615628914e-17
-0.7071067811865467
-6.938893903907228e-18
6.938893903907228e-18
-3.122502256758253e-17
9.540979117872439e-17
-3.8163916471489756e-17
6.245004513516506e-17
-1.3877787807814457e-17
-0.7071067811865469
1.0408340855860843e-17
-5.551115123125783e-17
6.938893903907228e-18
-1.4224732503009818e-16
8.673617379884035e-18
-6.591949208711867e-17
-6.938893903907228e-17
-2.775557561562891e-17
0.7071067811865469
3.469446951953615e-18
4.163336342344337e-17
1.040834085586084e-17
0.7071067811865466
-0.9999999999999993
-4.163336342344337e-17
-6.591949208711867e-17
-0.7071067811865465
-0.9999999999999988
0.7071067811865468
0.4999999999999993
8.326672684688674e-17
-0.9999999999999997
-0.9999999999999997
-1.3877787807814457e-17
