1.0
1.0408340855860843e-17
5.440752092893941e-33
-1.387778780781445e-17
1.0408340855860843e-17
0.0
-3.4694469519536134e-18
6.938893903907228e-18
-4.336808689942018e-18
-2.0816681711721685e-17
3.469446951953614e-18
4.5102810375396984e-17
1.0408340855860843e-17
3.0531133177191805e-16
-2.6020852139652106e-17
-1.1449174941446927e-16
7.979727989493313e-17
-1.0408340855860843e-17
-3.469446951953614e-18
1.0408340855860843e-17
5.898059818321144e-17
1.3877787807814457e-17
-1.0408340855860843e-17
-2.949029909160572e-17
1.734723475976807e-17
5.898059818321144e-17
-8.673617379884035e-18
-1.214306433183765e-16
2.0816681711721685e-17
-1.0408340855860843e-17
7.19910242530375e-17
-2.7755575615628907e-17
1.0061396160665481e-16
-2.0816681711721685e-16
1.7347234759768046e-18
-1.0408340855860843e-17
-1.474514954580286e-17
-1.734723475976807e-18
4.597017211338539e-17
-1.214306433183765e-16
6.938893903907228e-18
-3.8163916471489756e-17
-8.6736173798840345e-19
-6.938893903907228e-18
-1.5265566588595902e-16
2.6020852139652106e-18
-2.7755575615628914e-17
1.3877787807814455e-17
-3.8101154171722776e-33
-3.469446951953614e-18
8.326672684688674e-17
-2.6020852139652106e-17
-1.5092094240998222e-16
4.5102810375396984e-17
-4.336808689942018e-18
3.2959746043559335e-17
-2.7755575615628914e-17
1.5612511283791264e-17
2.168404344971009e-17
-2.42861286636753e-17
-1.0408340855860843e-17
-6.250475599282214e-36
1.3010426069826053e-17
-1.7347234759768065e-18
-4.336808689942018e-18
-3.469446951953614e-18
-2.0816681711721685e-17
6.938893903907228e-18
2.2902436974635877e-33
-6.591949208711867e-17
-8.673617379884035e-18
-7.806255641895632e-18
1.0755285551056204e-16
6.9388939039072276e-18
8.331540289193601e-35
1.3877787807814449e-17
-4.336808689942015e-18
1.0408340855860843e-17
-5.204170427930421e-18
1.0408340855860843e-17
-9.020562075079397e-17
3.8163916471489756e-17
-1.474514954580286e-17
1.8041124150158794e-16
2.2551405187698492e-17
2.0816681711721685e-17
-6.071532165918825e-17
2.7755575615628914e-17
-3.469446951953614e-17
-1.214306433183765e-17
1.5612511283791264e-17
-3.469446951953615e-18
-6.9388939039072276e-18
1.3877787807814455e-17
6.938893903907226e-18
-2.0816681711721685e-17
-6.938893903907228e-18
1.0408340855860843e-17
-1.734723475976807e-17
6.938893903907228e-18
1.0865276309523206e-32
6.93889390390723e-18
-2.2551405187698492e-17
1.0408340855860843e-17
-1.0408340855860843e-17
2.168404344971009e-17
-4.336808689942018e-18
6.071532165918825e-18
2.177077962350893e-16
3.469446951953614e-18
-2.688821387764051e-17
5.204170427930421e-18
-1.734723475976807e-17
2.6020852139652106e-18
6.071532165918825e-18
3.8163916471489756e-17
2.7755575615628914e-17
1.6479873021779667e-17
-1.734723475976807e-16
5.377642775528102e-17
5.204170427930421e-17
-2.0816681711721685e-17
1.734723475976807e-18
-4.336808689942018e-18
4.163336342344337e-17
-5.204170427930421e-18
1.734723475976807e-18
6.93889390390723e-18
5.551115123125782e-17
-3.469446951953614e-18
4.336808689942018e-18
-2.5153490401663703e-17
-6.071532165918825e-18
3.122502256758253e-17
-1.3010426069826053e-17
1.0408340855860843e-17
9.540979117872439e-18
2.7755575615628914e-17
8.673617379884035e-18
-4.163336342344337e-17
8.673617379884035e-19
1.0408340855860843e-17
-5.204170427930421e-18
4.163336342344337e-17
1.734723475976807e-17
1.2750217548429532e-16
1.3877787807814457e-17
1.0408340855860843e-17
1.734723475976807e-18
1.734723475976807e-18
2.949029909160572e-17
2.1382117680737565e-49
-1.0408340855860843e-17
-1.3877787807814463e-17
1.734723475976807e-17
3.122502256758253e-17
6.981496048403729e-33
3.469446951953614e-18
1.1275702593849246e-17
3.469446951953614e-18
2.5153490401663703e-17
1.3877787807814457e-17
-2.42861286636753e-17
-8.673617379884035e-18
-1.7520707107365752e-16
-1.3010426069826053e-17
1.3877787807814457e-17
1.1275702593849246e-17
-1.1275702593849246e-17
-1.2836953722228372e-16
9.020562075079397e-17
6.9388939039072276e-18
2.42861286636753e-17
4.5102810375396997e-17
5.204170427930421e-18
6.938893903907228e-17
-1.2836953722228372e-16
3.9898639947466563e-17
2.0816681711721685e-17
-5.204170427930421e-18
7.892991815694472e-17
-1.8214596497756474e-17
1.734723475976807e-17
1.6479873021779667e-17
-4.336808689942018e-18
4.336808689942018e-17
-1.8214596497756474e-17
-9.540979117872439e-18
2.42861286636753e-17
-4.417039905501974e-33
3.469446951953614e-17
1.0408340855860843e-17
-6.938893903907228e-18
2.6020852139652106e-18
-3.4211388289180104e-49
-4.163336342344337e-17
3.4694469519536123e-18
0.0
3.122502256758253e-17
1.0408340855860855e-17
1.3877787807814457e-16
-1.734723475976807e-17
-2.498001805406602e-16
1.3010426069826053e-17
2.3418766925686896e-17
-3.469446951953614e-17
-1.127570259384925e-17
8.673617379884035e-18
8.673617379884035e-18
2.0816681711721685e-17
-3.469446951953614e-18
2.0816681711721685e-17
6.938893903907228e-18
-4.5102810375396984e-17
2.0816681711721685e-17
3.8163916471489756e-17
2.949029909160572e-17
-3.8163916471489756e-17
-1.734723475976807e-18
-1.1275702593849246e-17
8.673617379884035e-18
4.336808689942018e-18
3.8163916471489756e-17
3.8163916471489756e-17
8.326672684688674e-17
-2.081668171172168e-17
-1.0408340855860843e-17
5.898059818321144e-17
-3.18122750462948e-33
-2.949029909160572e-17
9.020562075079397e-17
1.1102230246251565e-16
-3.122502256758253e-17
-1.3010426069826053e-17
-5.204170427930421e-18
-1.9081958235744878e-17
-2.7755575615628914e-17
-1.5612511283791264e-17
-1.6306400674181987e-16
3.469446951953614e-18
-2.3418766925686896e-17
1.214306433183765e-17
1.734723475976807e-17
2.42861286636753e-17
1.734723475976807e-17
-2.0816681711721688e-17
-2.3592239273284576e-16
-1.734723475976807e-17
-6.245004513516506e-17
4.492018645002268e-65
-2.3418766925686896e-17
2.6020852139652106e-18
1.6653345369377348e-16
6.938893903907228e-18
2.7755575615628914e-17
-4.163336342344337e-17
1.734723475976807e-17
1.5265566588595902e-16
-1.4251881588465545e-32
7.632783294297951e-17
2.0816681711721685e-17
-1.734723475976807e-17
-4.336808689942018e-18
1.3877787807814457e-17
1.7347234759768068e-17
-5.204170427930421e-17
-7.806255641895632e-18
6.93889390390723e-18
-3.642919299551295e-17
-3.469446951953614e-17
4.0766001685454967e-17
3.469446951953614e-18
-6.071532165918825e-18
-3.469446951953617e-18
-1.9949319973733282e-17
-3.122502256758253e-17
-1.9949319973733282e-17
3.4694469519536138e-18
-1.3877787807814454e-17
5.204170427930421e-18
-6.93889390390723e-18
6.938893903907228e-18
-8.673617379884035e-17
-3.469446951953614e-18
-3.2959746043559335e-17
-2.7755575615628926e-17
1.3877787807814457e-16
3.469446951953614e-18
1.474514954580286e-17
-1.1102230246251565e-16
5.0306980803327406e-17
1.734723475976807e-17
1.0408340855860843e-17
-1.6479873021779667e-17
-1.734723475976807e-18
-3.469446951953614e-18
2.42861286636753e-17
-5.2909066017292616e-17
-2.0816681711721682e-17
4.163336342344337e-17
-1.0408340855860841e-17
-1.5612511283791264e-17
0.9999999999999999
1.0408340855860843e-17
-4.336808689942018e-18
1.0408340855860844e-17
-2.4286128663675296e-17
-8.673617379884034e-19
2.42861286636753e-17
8.673617379884035e-19
-1.3877787807814455e-17
-2.775557561562891e-17
1.6479873021779667e-17
3.4694469519536165e-18
-2.5153490401663703e-17
1.7694179454963432e-16
-2.168404344971009e-17
-6.071532165918825e-18
1.387778780781446e-17
6.938893903907228e-18
1.0408340855860843e-17
-1.3877787807814457e-17
1.734723475976807e-17
-6.938893903907226e-18
-2.6020852139652106e-18
2.7755575615628914e-17
6.938893903907228e-18
2.6020852139652106e-18
1.040834085586084e-17
-7.806255641895632e-18
1.0408340855860843e-17
-1.0408340855860844e-17
1.0408340855860843e-17
-1.040834085586084e-17
-1.5612511283791264e-17
1.734723475976807e-18
1.214306433183765e-17
6.071532165918825e-18
1.1275702593849246e-17
2.6020852139652106e-17
1.1796119636642288e-16
0.9999999999999998
-1.3877787807814457e-17
2.3418766925686896e-17
1.0408340855860836e-17
-9.36750677027476e-17
5.858436651022875e-35
9.540979117872439e-18
4.2500725161431774e-17
-1.0408340855860843e-17
-2.7755575615628914e-17
3.209238430557093e-17
-1.0408340855860843e-17
-1.1102230246251565e-16
3.469446951953614e-18
-6.938893903907228e-18
2.42861286636753e-17
1.3877787807814457e-17
-5.204170427930421e-18
-1.491862189340054e-16
-3.469446951953614e-17
-2.6020852139652106e-17
-1.7347234759768074e-17
2.0816681711721685e-17
-3.469446951953614e-18
9.540979117872439e-18
1.9081958235744878e-17
-1.3877787807814457e-17
2.42861286636753e-17
-5.204170427930421e-18
-3.8163916471489756e-17
2.7755575615628904e-17
4.5102810375396984e-17
3.4694469519536123e-18
-7.806255641895632e-18
-3.469446951953618e-18
1.0408340855860843e-16
-1.8214596497756474e-17
1.0408340855860846e-17
-8.673617379884035e-19
-2.6020852139652106e-18
1.0408340855860843e-17
4.163336342344337e-17
1.3877787807814457e-17
-8.673617379884035e-18
-3.122502256758253e-17
0.9999999999999999
1.8214596497756474e-17
8.673617379884035e-18
-1.3877787807814457e-17
2.949029909160572e-17
-8.673617379884035e-19
-2.6020852139652106e-17
1.0408340855860843e-17
2.0816681711721685e-17
-1.214306433183765e-17
-3.469446951953614e-18
-2.6020852139652106e-18
-1.249000902703301e-16
-1.8214596497756474e-17
-7.28583859910259e-17
3.469446951953615e-18
-2.4286128663675302e-17
1.214306433183765e-17
4.336808689942018e-18
6.938893903907228e-18
5.204170427930421e-18
6.938893903907228e-17
2.7755575615628914e-17
1.734723475976807e-17
-3.642919299551295e-17
4.336808689942018e-18
-4.8148248609680875e-35
2.7755575615628914e-17
3.122502256758253e-17
-3.8163916471489756e-17
1.1275702593849246e-17
-6.938893903907228e-18
-2.3418766925686896e-17
-1.9949319973733282e-17
-2.6020852139652106e-17
6.938893903907228e-17
-1.5612511283791264e-17
-9.540979117872439e-18
-1.0408340855860846e-17
2.0816681711721685e-17
2.0816681711721685e-17
-3.5561831257524545e-17
-1.0408340855860846e-17
5.551115123125783e-17
6.938893903907228e-18
-4.85722573273506e-17
-1.4136232621684188e-33
-3.469446951953614e-18
-1.3877787807814455e-17
-4.423544863740858e-17
-9.020562075079397e-17
2.688821387764051e-17
1.3877787807814449e-17
-2.7755575615628914e-17
-1.1449174941446927e-16
2.42861286636753e-17
-1.474514954580286e-17
-1.0408340855860843e-17
-2.3592239273284576e-16
6.938893903907228e-17
-5.551115123125783e-17
-1.1275702593849245e-17
-3.469446951953614e-17
2.0816681711721685e-17
3.8163916471489756e-17
2.42861286636753e-17
1.3877787807814457e-17
1.734723475976807e-17
3.4694469519536136e-17
-5.204170427930421e-17
5.204170427930421e-18
2.0816681711721685e-17
-2.6020852139652106e-18
-3.8163916471489756e-17
3.469446951953614e-18
-1.205632815803881e-16
-5.2909066017292616e-17
1.8214596497756474e-17
-3.8163916471489756e-17
4.336808689942018e-18
-3.122502256758253e-17
2.0816681711721685e-17
1.3877787807814457e-17
-6.938893903907228e-18
5.204170427930421e-18
-6.938893903907228e-18
-1.263891526004123e-33
-3.0357660829594124e-17
3.469446951953616e-18
4.5102810375396984e-17
-8.326672684688674e-17
1.3010426069826053e-17
2.3433746604091534e-34
-1.734723475976807e-17
-4.5102810375396984e-17
-2.2934126707841262e-33
1.734723475976807e-17
-2.0816681711721685e-17
5.204170427930422e-18
1.8388068845354155e-16
-9.367506770274758e-17
-1.214306433183765e-17
1.5612511283791264e-17
6.938893903907228e-17
2.42861286636753e-17
-5.4643789493269423e-17
1.1275702593849246e-17
6.071532165918825e-18
8.673617379884035e-18
-4.248847104521535e-34
3.4694469519536134e-18
-6.938893903907226e-18
-2.0816681711721685e-17
-1.0408340855860843e-17
2.6020852139652106e-18
5.551115123125783e-17
2.7755575615628914e-17
-1.8214596497756474e-17
-2.7755575615628914e-17
-1.1102230246251565e-16
1.214306433183765e-17
-2.7755575615628907e-17
0.0
2.0816681711721685e-17
-6.938893903907228e-18
-6.591949208711867e-17
-8.673617379884035e-19
2.2551405187698492e-17
-4.163336342344337e-17
6.9388939039072276e-18
6.938893903907228e-18
-2.7755575615628914e-17
-5.204170427930421e-18
-1.3183898417423734e-16
-1.8214596497756474e-17
-2.7755575615628914e-17
-9.020562075079397e-17
2.2551405187698492e-17
1.3877787807814457e-17
-5.204170427930421e-18
3.382710778154774e-17
-2.6020852139652106e-17
-1.3877787807814455e-17
6.938893903907228e-18
-1.3877787807814457e-17
6.938893903907228e-18
6.938893903907228e-18
-7.671792476966549e-34
1.0408340855860846e-17
2.0816681711721685e-17
-1.0408340855860843e-17
-2.42861286636753e-17
5.551115123125783e-17
1.214306433183765e-17
1.734723475976807e-17
2.7755575615628914e-17
-2.2551405187698492e-17
5.898059818321144e-17
-1.734723475976807e-17
6.245004513516506e-17
1.734723475976807e-18
-1.387778780781446e-17
-1.0408340855860843e-17
3.469446951953613e-18
-5.204170427930421e-18
1.3877787807814457e-17
1.3877787807814457e-17
-1.4967482376516296e-49
-6.938893903907228e-18
-1.5612511283791264e-17
4.5102810375396984e-17
1.3877787807814457e-17
-1.0408340855860843e-17
-2.0816681711721685e-16
-5.204170427930421e-18
-5.898059818321144e-17
1.3877787807814457e-17
4.163336342344337e-17
3.469446951953614e-18
3.4694469519536138e-18
-2.7755575615628907e-17
-3.469446951953614e-18
7.979727989493313e-17
9.71445146547012e-17
5.204170427930421e-17
1.1275702593849246e-17
-2.7755575615628914e-17
1.3877787807814457e-17
-1.734723475976807e-17
-9.540979117872439e-18
6.938893903907226e-18
3.469446951953614e-18
4.163336342344337e-17
2.688821387764051e-17
1.9259299443872365e-33
-1.6653345369377348e-16
-1.9081958235744878e-17
8.673617379884035e-19
1.3877787807814457e-17
1.387778780781447e-17
2.96637714392034e-16
2.2148194360453216e-33
-2.7755575615628914e-17
-1.5612511283791264e-17
0.0
0.0
-1.0408340855860843e-17
-4.85722573273506e-17
2.0816681711721685e-17
-1.700029006457271e-16
-1.3877787807814454e-17
-1.214306433183765e-16
-0.9999999999999999
-0.9999999999999998
6.938893903907228e-18
0.9999999999999998
1.1275702593849246e-17
1.6653345369377348e-16
-4.163336342344337e-17
-0.9999999999999998
-0.9999999999999998
-1.3877787807814457e-16
-0.9999999999999996
-1.734723475976807e-17
-0.9999999999999998
-0.9999999999999999
-1.0408340855860843e-17
-0.9999999999999996
2.7755575615628914e-17
-0.9999999999999999
-2.2551405187698492e-17
-0.9999999999999993
-0.9999999999999996
-0.9999999999999992
7.979727989493313e-17
1.0408340855860843e-17
-0.9999999999999998
-0.9999999999999998
-0.9999999999999998
-6.938893903907228e-17
-1.1275702593849246e-17
1.3877787807814454e-17
-0.9999999999999998
-0.9999999999999998
2.7755575615628914e-17
1.3010426069826053e-17
-2.3592239273284576e-16
-2.0816681711721685e-17
-0.9999999999999998
-1.3877787807814457e-16
-0.9999999999999999
-0.9999999999999999
-2.1382117680737565e-50
8.673617379884039e-18
3.469446951953614e-18
-1.0
-0.9999999999999999
-0.9999999999999994
-0.9999999999999998
-0.9999999999999999
-2.7755575615628914e-17
-0.9999999999999998
-9.71445146547012e-17
-1.0
-4.163336342344337e-17
-0.9999999999999998
-0.9999999999999996
-0.9999999999999997
-1.942890293094024e-16
5.551115123125783e-17
-0.9999999999999997
-0.9999999999999998
1.1102230246251565e-16
-0.9999999999999998
-0.9999999999999999
-0.9999999999999998
-0.9999999999999998
-0.9999999999999998
-1.0
-0.9999999999999994
-0.9999999999999998
4.0766001685454967e-17
8.326672684688674e-17
-0.9999999999999998
-0.9999999999999997
-0.9999999999999998
-0.9999999999999999
5.204170427930421e-18
-0.9999999999999998
-0.9999999999999997
-0.9999999999999996
-1.0
-1.9949319973733282e-17
-0.9999999999999998
-0.9999999999999996
-5.551115123125782e-17
-5.898059818321144e-17
-1.734723475976807e-17
-0.9999999999999998
-1.6653345369377348e-16
-0.9999999999999997
1.734723475976807e-17
1.734723475976807e-17
-1.0
-0.9999999999999998
-0.9999999999999998
-0.9999999999999998
0.9999999999999998
-0.9999999999999998
-0.9999999999999998
-0.9999999999999998
-1.1102230246251565e-16
1.66265556075911e-33
3.816391647148976e-17
-0.9999999999999997
-0.9999999999999997
-0.9999999999999999
1.1102230246251564e-16
0.9999999999999998
-0.9999999999999998
5.551115123125783e-17
-0.9999999999999998
-0.9999999999999994
-2.7755575615628914e-17
-4.8572257327350586e-17
0.9999999999999998
-1.0
-0.9999999999999998
-0.9999999999999997
-0.9999999999999997
3.8163916471489756e-17
-1.0
0.9999999999999999
3.469446951953614e-17
1.3877787807814463e-17
-0.9999999999999998
-8.6736173798840345e-19
4.163336342344337e-17
-0.9999999999999998
-0.9999999999999998
1.0
-0.9999999999999998
-1.759396213900918e-33
-0.9999999999999997
-1.0
-0.9999999999999998
-0.9999999999999999
-0.9999999999999998
-0.9999999999999998
6.938893903907227e-18
-0.9999999999999999
0.9999999999999998
-1.3877787807814452e-17
-1.0
-0.9999999999999996
-0.9999999999999999
-0.9999999999999999
-6.938893903907228e-18
-0.9999999999999997
-1.0
-0.9999999999999998
-0.9999999999999996
-0.9999999999999999
-3.0357660829594124e-17
-0.9999999999999998
-0.9999999999999999
1.3877787807814457e-16
-2.775557561562891e-17
-0.9999999999999999
-3.8163916471489756e-17
-1.734723475976807e-17
-0.9999999999999997
-0.9999999999999999
9.71445146547012e-17
-0.9999999999999998
-0.9999999999999999
-0.9999999999999996
-3.8163916471489756e-17
-0.9999999999999998
-1.3877787807814452e-17
-3.8163916471489756e-17
-3.469446951953614e-17
1.1102230246251565e-16
-0.9999999999999998
-0.9999999999999998
-0.9999999999999998
-0.9999999999999998
-0.9999999999999999
-1.0
1.3877787807814455e-17
1.1102230246251565e-16
-6.418476861114186e-17
-0.9999999999999996
-0.9999999999999997
-3.469446951953614e-18
-0.9999999999999997
-0.9999999999999997
-0.9999999999999997
-0.9999999999999998
-0.9999999999999998
-0.9999999999999998
-0.9999999999999999
3.469446951953614e-17
-1.0
1.0928757898653885e-16
-1.0
-2.42861286636753e-17
-0.9999999999999996
-1.6653345369377348e-16
-0.9999999999999998
6.93889390390723e-18
-1.0
-0.9999999999999998
-0.9999999999999998
-0.9999999999999996
3.741870594129074e-50
-0.9999999999999996
-1.0
-0.9999999999999996
-0.9999999999999998
-0.9999999999999999
-0.9999999999999994
-0.9999999999999998
-0.9999999999999999
-0.9999999999999999
-0.9999999999999999
-0.9999999999999998
-0.9999999999999998
-0.9999999999999998
-1.6653345369377348e-16
-0.9999999999999997
-0.9999999999999998
-0.9999999999999998
1.214306433183765e-17
-0.9999999999999999
-1.0
-0.9999999999999998
-0.9999999999999999
-0.9999999999999999
-0.9999999999999998
-0.9999999999999998
-1.3530843112619095e-16
-0.9999999999999997
-0.9999999999999998
-0.9999999999999999
-1.249000902703301e-16
-0.9999999999999997
-1.0408340855860843e-17
-1.0
-8.552847072295026e-50
-0.9999999999999999
-2.7755575615628898e-17
-1.0
-0.9999999999999999
-0.9999999999999999
-5.5511151231257815e-17
-1.0
-0.9999999999999999
-0.9999999999999994
-1.3877787807814457e-16
-2.0816681711721685e-17
0.9999999999999996
-0.9999999999999998
-0.9999999999999998
-0.9999999999999999
-1.0
-7.806255641895632e-18
0.9999999999999998
-1.0
-0.9999999999999998
5.551115123125783e-17
-0.9999999999999999
-0.9999999999999999
1.0
-0.9999999999999998
-3.0531133177191805e-16
-0.9999999999999999
-0.9999999999999998
-1.3877787807814457e-16
-0.9999999999999998
-0.9999999999999994
-1.0
-0.9999999999999998
-1.0
-0.9999999999999998
-0.9999999999999998
6.245004513516506e-17
-0.9999999999999999
-0.9999999999999999
-1.0
-1.0000000000000002
-0.9999999999999998
-0.9999999999999997
-2.0816681711721685e-16
-0.9999999999999998
-0.9999999999999999
-1.0
-1.0
-0.9999999999999999
-1.4224732503009818e-16
-0.9999999999999997
-0.9999999999999999
-1.0
-1.0
6.938893903907228e-17
-1.0
6.938893903907228e-17
-1.0000000000000002
-0.9999999999999998
-0.9999999999999999
-1.0
-1.0000000000000002
-0.9999999999999999
-0.9999999999999998
-1.0
-0.9999999999999999
-1.0
-0.9999999999999997
-0.9999999999999998
-0.9999999999999999
-1.5265566588595902e-16
-1.0
-1.0
-0.9999999999999999
-0.9999999999999999
-0.9999999999999999
-0.9999999999999998
-0.9999999999999997
-1.0000000000000002
-1.0000000000000002
-0.9999999999999996
-0.9999999999999998
-0.9999999999999998
-1.0
-1.0408340855860843e-17
8.673617379884035e-19
-0.9999999999999998
-1.0
-1.0
-8.673617379884035e-18
-0.9999999999999999
-1.0
-0.9999999999999999
-1.0
-1.0
-5.551115123125783e-17
-1.0
2.7755575615628914e-17
-5.551115123125783e-17
-1.0
-1.5265566588595902e-16
-0.9999999999999998
-0.9999999999999999
-1.0000000000000002
-0.9999999999999999
-1.0
-0.9999999999999999
-1.0
-0.9999999999999998
-1.0000000000000004
-0.9999999999999998
-1.0
-1.0
-0.9999999999999999
-1.0000000000000004
-1.0
-1.1102230246251565e-16
-1.0000000000000002
-0.9999999999999998
1.0
-1.1716873302045767e-34
-6.938893903907228e-17
0.9999999999999999
1.7347234759768082e-18
-0.9999999999999998
-0.9999999999999998
-2.636779683484747e-16
-2.0469737016526324e-16
-0.9999999999999998
-0.9999999999999998
-1.0
-1.3877787807814457e-16
-1.0
-8.326672684688674e-17
-0.9999999999999996
-1.0000000000000002
-1.3877787807814457e-16
-8.326672684688674e-17
1.491862189340054e-16
-1.0000000000000002
-1.0
-0.9999999999999998
-2.7755575615628914e-17
-1.0000000000000002
-1.0
1.0408340855860843e-17
-0.9999999999999998
-1.700029006457271e-16
-0.9999999999999998
-1.0000000000000002
-1.0
-0.9999999999999999
-1.0000000000000002
-1.1102230246251565e-16
-0.9999999999999999
3.608224830031759e-16
-1.0000000000000002
1.1102230246251565e-16
-1.0
-1.0
-1.0
-1.0
-1.0
-1.0000000000000004
