0.9999999999999984
-1.3877787807814449e-17
-1.387778780781446e-17
4.163336342344337e-17
8.673617379884035e-19
6.938893903907228e-18
-2.949029909160572e-17
-4.336808689942018e-18
1.3010426069826053e-17
4.228388472693467e-17
-1.83772268236293e-17
7.979727989493313e-17
0.7071067811865476
-2.7755575615628914e-16
-9.540979117872439e-18
0.0
-2.0816681711721685e-17
6.9388939039072276e-18
-1.5612511283791264e-17
-4.336808689942018e-18
1.734723475976807e-18
-1.734723475976807e-17
-1.3877787807814457e-17
2.0599841277224584e-17
1.8431436932253575e-17
-3.469446951953614e-18
-2.5153490401663703e-17
1.1796119636642288e-16
0.0
-8.673617379884035e-18
1.3010426069826053e-17
8.673617379884035e-18
-5.204170427930421e-18
3.469446951953614e-17
3.122502256758253e-17
4.336808689942018e-18
-2.2551405187698492e-17
-1.0408340855860843e-17
1.2576745200831851e-17
2.2985086056692694e-17
-1.734723475976807e-18
-5.204170427930421e-18
-4.163336342344337e-17
-1.1102230246251565e-16
1.734723475976807e-18
-2.5153490401663703e-17
-4.336808689942018e-18
-4.965288137873326e-34
-1.6046192152785466e-17
1.734723475976807e-17
9.540979117872439e-18
1.3877787807814457e-17
0.7071067811865467
-1.734723475976807e-17
-6.938893903907228e-18
-1.5612511283791264e-17
3.577867169202165e-18
-2.0816681711721685e-17
1.0408340855860843e-17
8.673617379884035e-18
-0.9999999999999991
-8.673617379884035e-18
-3.2959746043559335e-17
6.938893903907228e-18
6.938893903907228e-18
5.898059818321144e-17
1.1275702593849246e-16
-1.0755285551056204e-16
-2.6020852139652106e-18
-1.7347234759768048e-18
6.938893903907228e-18
6.938893903907228e-18
-2.0816681711721685e-17
-1.734723475976807e-17
1.0842021724855037e-17
-6.5052130349130266e-18
-1.1275702593849246e-17
-2.0427695059059534e-33
-6.93889390390723e-18
-0.707106781186547
-4.336808689942018e-18
7.222237291451878e-35
-3.469446951953614e-18
-3.729655473350135e-17
-1.0191500421363742e-17
1.0408340855860843e-16
1.3877787807814457e-16
-7.37257477290143e-17
8.673617379884035e-19
-0.7071067811865469
-4.336808689942018e-17
3.469446951953614e-17
-5.2041704279304205e-18
1.0408340855860843e-17
-6.938893903907228e-18
1.0755285551056204e-16
-8.673617379884035e-19
1.5612511283791264e-16
-7.589415207398531e-18
-3.4694469519536138e-18
3.382710778154774e-17
5.204170427930421e-17
9.540979117872439e-18
5.0306980803327406e-17
8.673617379884035e-18
1.1275702593849246e-17
-1.0408340855860843e-17
5.204170427930421e-18
1.0408340855860843e-17
1.6479873021779667e-17
9.020562075079397e-17
-9.020562075079397e-17
-2.3418766925686896e-17
-3.122502256758253e-17
-1.1102230246251565e-16
-4.683753385137379e-17
-1.734723475976807e-17
-1.214306433183765e-16
2.7321894746634712e-17
1.1275702593849246e-17
6.071532165918825e-18
-2.688821387764051e-17
6.071532165918825e-18
-6.158268339717665e-17
4.9439619065339e-17
6.071532165918825e-18
-2.42861286636753e-17
1.5612511283791264e-17
-6.071532165918825e-18
-8.673617379884037e-19
1.3877787807814457e-17
2.6020852139652106e-18
-1.5352302762394743e-16
3.0357660829594124e-17
1.474514954580286e-17
3.2959746043559335e-17
-3.382710778154774e-17
1.8431436932253575e-17
-5.551115123125783e-17
1.3877787807814457e-16
-4.163336342344337e-17
2.0816681711721685e-17
-4.336808689942018e-18
3.469446951953615e-18
-4.163336342344337e-17
9.540979117872439e-18
-1.929879867024198e-17
2.7755575615628914e-17
3.4694469519536084e-18
-1.3877787807814457e-17
-2.0816681711721685e-17
-1.3010426069826053e-17
2.1510571102112408e-16
1.734723475976807e-18
-8.673617379884035e-18
2.970713952610282e-17
-4.336808689942018e-18
4.85722573273506e-17
-1.0842021724855044e-16
1.3877787807814457e-17
1.647987302177967e-17
-3.5778671692021646e-17
8.673617379884035e-18
0.9999999999999994
8.673617379884035e-18
-1.3444106938820255e-17
-5.0306980803327406e-17
-2.6020852139651983e-18
-1.8214596497756474e-17
3.469446951953614e-18
3.0357660829594124e-17
1.734723475976807e-17
9.540979117872439e-18
-6.245004513516506e-17
8.673617379884035e-18
5.85843665102287e-35
-1.214306433183765e-17
3.4694469519536138e-18
4.163336342344337e-17
3.469446951953614e-18
-3.4694469519536136e-17
1.214306433183765e-17
-0.7071067811865469
6.938893903907231e-18
-6.938893903907228e-18
-2.0816681711721685e-17
5.117434254131581e-17
1.0842021724855044e-17
-1.3877787807814455e-17
-8.413408858487514e-17
1.457167719820518e-16
-3.4694469519536138e-18
1.6479873021779667e-17
8.326672684688674e-17
3.122502256758253e-17
-1.1796119636642288e-16
4.7271214720367993e-17
1.249000902703301e-16
-3.469446951953614e-17
4.85722573273506e-17
-1.2836953722228372e-16
-8.673617379884032e-18
-2.949029909160572e-17
-5.984795992119984e-17
5.204170427930421e-18
-2.688821387764051e-17
2.0816681711721685e-16
-1.5612511283791264e-17
0.0
-3.469446951953614e-18
3.7730235602495554e-17
2.6020852139652106e-18
-6.591949208711867e-17
-1.734723475976807e-18
-6.938893903907228e-18
-4.2500725161431774e-17
2.6020852139652106e-18
2.42861286636753e-17
-1.908195823574488e-17
5.854691731421724e-18
-4.85722573273506e-17
3.469446951953614e-18
4.336808689942018e-17
-2.3111159332646823e-33
2.6020852139652106e-18
5.204170427930421e-17
-2.168404344971008e-18
3.8163916471489756e-17
3.4694469519536126e-18
8.673617379884035e-18
-5.204170427930421e-18
-1.9949319973733282e-17
-3.9898639947466563e-17
-2.4340338772299575e-17
2.7755575615628914e-17
4.336808689942018e-17
1.0408340855860843e-16
-2.883977778811442e-17
2.0816681711721688e-17
5.204170427930425e-18
-5.984795992119984e-17
-3.469446951953614e-18
2.0816681711721685e-17
3.8163916471489756e-17
3.469446951953614e-18
4.163336342344337e-17
-1.6132928326584306e-16
9.107298248878237e-18
-3.469446951953614e-18
1.8041124150158794e-16
1.734723475976807e-18
1.9081958235744878e-17
4.276423536147513e-49
-3.8163916471489756e-17
3.9898639947466563e-17
-3.903127820947816e-17
7.979727989493313e-17
5.204170427930421e-17
1.3183898417423734e-16
-3.469446951953614e-18
2.42861286636753e-17
2.6020852139652106e-18
-1.0408340855860843e-17
2.42861286636753e-17
-5.204170427930421e-18
-5.0306980803327406e-17
2.42861286636753e-17
6.938893903907228e-17
-4.7704895589362195e-18
-6.938893903907228e-18
8.67361737988405e-19
1.2836953722228372e-16
-6.9388939039072276e-18
1.474514954580286e-17
-1.0408340855860843e-16
-0.7071067811865471
-5.20417042793042e-17
-2.0816681711721685e-17
2.42861286636753e-17
-1.214306433183765e-17
6.938893903907228e-17
-1.8214596497756474e-17
3.5990815835736484e-33
1.3877787807814457e-17
1.734723475976807e-17
6.938893903907228e-18
-6.028164079019405e-17
6.938893903907228e-18
1.214306433183765e-17
2.7755575615628914e-17
1.691355389077387e-17
5.2909066017292616e-17
-5.898059818321144e-17
0.9999999999999999
-8.673617379884035e-18
-1.0408340855860843e-17
-9.540979117872439e-18
-2.688821387764051e-17
8.760353553682876e-17
1.249000902703301e-16
-9.71445146547012e-17
3.0357660829594124e-17
6.418476861114186e-17
-1.9949319973733282e-17
2.6020852139652106e-18
-4.336808689942018e-18
5.204170427930421e-17
2.0816681711721685e-17
2.4286128663675305e-17
6.071532165918826e-18
1.474514954580286e-17
-2.862293735361732e-17
9.974659986866641e-18
-1.0408340855860841e-17
3.469446951953614e-18
5.551115123125783e-17
-6.071532165918825e-18
1.1102230246251565e-16
-1.9081958235744878e-17
-1.3877787807814455e-17
4.85722573273506e-17
-0.49999999999999956
-7.632783294297951e-17
3.469446951953614e-17
1.3877787807814457e-17
-7.28583859910259e-17
-2.1033522146218786e-17
1.1275702593849246e-17
1.942890293094024e-16
-2.3418766925686896e-17
6.938893903907223e-18
-6.938893903907228e-18
1.8214596497756474e-17
-1.734723475976807e-17
3.122502256758253e-17
2.7755575615628914e-17
3.903127820947816e-18
-1.7997756063259374e-17
-1.474514954580286e-17
-1.3791051634015616e-16
-4.5102810375396984e-17
4.1633363423443364e-17
1.0408340855860843e-17
-3.469446951953614e-18
-4.85722573273506e-17
-6.9388939039072276e-18
1.6479873021779667e-17
-2.0816681711721685e-17
-1.3877787807814452e-17
-5.551115123125783e-17
2.3947971802426073e-48
3.469446951953614e-17
-1.1600963245594897e-17
-3.469446951953614e-17
9.540979117872439e-18
-8.500145032286355e-17
1.734723475976807e-18
-2.7755575615628914e-17
1.7997756063259374e-17
-9.97465998686664e-18
5.4643789493269423e-17
-7.806255641895632e-18
-3.5561831257524545e-17
1.5178830414797062e-17
-1.7347234759768074e-17
-2.0816681711721685e-17
-2.7755575615628914e-17
9.540979117872439e-18
1.1492543028346347e-17
7.979727989493313e-17
1.1275702593849246e-17
-2.3418766925686896e-17
6.938893903907228e-18
4.163336342344337e-17
1.7347234759768074e-17
1.3877787807814457e-17
7.632783294297951e-17
5.767955557622884e-17
-2.7755575615628926e-17
-2.168404344971009e-17
-1.3877787807814454e-17
-0.9999999999999993
4.336808689942018e-18
1.3010426069826053e-17
-3.469446951953614e-18
3.686287386450715e-18
-4.539734811598244e-33
-1.3877787807814457e-17
-9.540979117872439e-18
-2.7755575615628914e-17
1.3877787807814452e-17
-5.551115123125782e-17
-5.637851296924623e-17
9.367506770274758e-17
-1.929879867024198e-17
-6.938893903907228e-17
0.0
1.5655879370690684e-16
-1.7347234759768133e-18
-5.204170427930421e-18
-5.984795992119984e-17
1.734723475976807e-18
3.469446951953614e-17
-2.775557561562891e-17
-1.8214596497756474e-17
0.7071067811865487
-6.938893903907225e-18
-1.7347234759768065e-17
-1.5407439555097873e-33
1.6479873021779667e-17
-8.673617379884035e-19
0.0
-2.5587171270657905e-17
-2.2551405187698492e-17
0.0
-5.2041704279304205e-18
4.9439619065339e-17
-2.2551405187698492e-17
-1.3010426069826053e-17
-3.4694469519536138e-18
2.775557561562891e-17
1.474514954580286e-17
3.0791341698588326e-17
-4.336808689942018e-18
6.938893903907228e-17
-3.469446951953614e-17
-2.862293735361732e-17
0.49999999999999956
5.204170427930421e-18
-0.7071067811865466
-4.85722573273506e-17
-1.1275702593849246e-17
-5.551115123125783e-17
-2.6020852139652106e-18
6.938893903907228e-18
1.3877787807814457e-17
-7.806255641895632e-18
-7.892991815694472e-17
3.4694469519536096e-18
2.740863092043355e-16
-3.4694469519536138e-18
6.938893903907228e-18
5.204170427930421e-17
3.469446951953614e-17
-2.168404344971009e-17
-9.540979117872439e-18
-1.0408340855860843e-17
-5.898059818321144e-17
1.0408340855860843e-17
-2.4421653935235987e-17
2.0816681711721685e-17
5.377642775528102e-17
-1.474514954580286e-17
2.393918396847994e-16
-1.3877787807814457e-17
8.326672684688674e-17
-0.7071067811865467
1.7347234759768067e-18
6.0486237315911575e-34
2.862293735361732e-17
-6.938893903907228e-18
-1.48318857196017e-16
-6.9388939039072276e-18
2.6020852139652106e-17
-5.204170427930421e-18
-3.122502256758253e-17
-6.071532165918825e-18
3.469446951953614e-18
-2.42861286636753e-17
-1.0408340855860843e-17
-3.5344990823027445e-17
3.469446951953614e-17
1.3877787807814457e-17
1.0408340855860843e-17
3.642919299551295e-17
3.469446951953614e-18
3.122502256758253e-17
8.673617379884035e-19
-5.204170427930421e-18
4.5102810375396984e-17
2.0816681711721685e-17
1.1275702593849246e-17
9.540979117872439e-18
-3.5561831257524545e-17
1.717376241217039e-16
-2.3418766925686896e-17
1.7780915628762273e-17
-1.214306433183765e-17
-2.42861286636753e-17
1.3877787807814457e-17
2.0383000842727483e-16
1.387778780781446e-17
9.540979117872439e-18
1.0408340855860843e-17
3.469446951953614e-18
-2.6020852139652106e-17
0.0
-7.025630077706069e-17
1.3877787807814444e-17
2.7755575615628914e-17
7.806255641895632e-17
-6.938893903907227e-18
-3.469446951953614e-17
1.8214596497756474e-17
1.734723475976807e-17
3.816391647148976e-17
4.3021142204224816e-16
-8.673617379884035e-19
-0.9999999999999991
-1.1102230246251565e-16
6.071532165918825e-18
2.688821387764051e-17
-1.2663481374630692e-16
3.0140820395097023e-17
1.214306433183765e-17
0.7071067811865462
4.5102810375396984e-17
1.734723475976807e-17
-1.1796119636642288e-16
3.122502256758253e-17
1.0061396160665481e-16
1.1449174941446927e-16
-4.336808689942018e-18
-0.7071067811865466
1.3877787807814457e-17
-0.9999999999999993
-0.4999999999999997
0.49999999999999983
-6.938893903907228e-18
-6.938893903907228e-18
2.775557561562892e-17
-2.42861286636753e-17
6.938893903907228e-18
2.6020852139652106e-17
3.469446951953614e-17
0.49999999999999917
1.1275702593849246e-17
1.6479873021779667e-17
-1.4224732503009818e-16
2.949029909160572e-17
-1.3877787807814457e-16
-1.8214596497756474e-16
-0.7071067811865462
-1.5265566588595902e-16
-0.7071067811865466
1.734723475976807e-18
9.540979117872439e-17
4.336808689942021e-18
-0.9999999999999996
-5.204170427930421e-18
-1.1102230246251565e-16
0.9999999999999997
-0.9999999999999993
-1.3877787807814457e-16
1.8041124150158794e-16
-4.163336342344337e-17
0.4999999999999995
1.700029006457271e-16
-3.8163916471489756e-17
0.7071067811865471
0.9999999999999987
4.336808689942018e-18
-3.5561831257524545e-17
-0.9999999999999996
0.7071067811865471
8.673617379884037e-18
-2.0816681711721685e-17
-1.3877787807814457e-17
-0.9999999999999992
-2.949029909160572e-17
1.9081958235744878e-17
-2.0816681711721685e-16
0.9999999999999997
-2.7755575615628914e-17
-0.9999999999999986
4.336808689942018e-17
-1.0061396160665481e-16
0.7071067811865479
1.6653345369377348e-16
8.536367771357235e-35
1.97758476261356e-16
-4.5102810375396984e-17
1.734723475976807e-18
-0.9999999999999994
-4.85722573273506e-17
-1.0408340855860843e-16
-1.0755285551056204e-16
-0.9999999999999994
-5.204170427930421e-17
2.185751579730777e-16
-1.0061396160665481e-16
0.0
0.707106781186547
4.85722573273506e-17
-1.6653345369377348e-16
-0.7071067811865467
-0.7071067811865466
-5.204170427930421e-17
0.9999999999999996
-1.0625181290357943e-16
-7.45931094670027e-17
-2.185751579730777e-16
2.220446049250313e-16
-0.9999999999999998
-2.42861286636753e-17
-1.97758476261356e-16
0.9999999999999998
-0.9999999999999999
-9.627715291671279e-17
-5.898059818321144e-17
5.551115123125783e-17
7.632783294297951e-17
-0.9999999999999987
9.107298248878237e-18
1.8041124150158794e-16
-0.9999999999999987
-6.071532165918825e-18
1.474514954580286e-17
-1.5612511283791264e-17
-3.4694469519536138e-18
6.245004513516506e-17
-8.673617379884035e-17
-9.540979117872439e-18
1.734723475976807e-17
-1.8388068845354155e-16
8.326672684688673e-17
-4.1633363423443364e-17
2.6020852139652106e-18
3.469446951953614e-18
-3.8163916471489756e-17
-3.452099717193846e-16
5.551115123125783e-17
1.8041124150158794e-16
1.5612511283791264e-17
1.3877787807814457e-17
-7.589415207398531e-18
1.942890293094024e-16
-0.7071067811865467
-0.7071067811865468
-1.0061396160665481e-16
-4.163336342344337e-17
-0.4999999999999998
3.469446951953614e-17
-0.9999999999999998
-1.040834085586084e-17
-1.717376241217039e-16
1.3877787807814457e-17
-2.3245294578089215e-16
1.5612511283791264e-17
-2.7755575615628914e-17
-1.457167719820518e-16
1.8388068845354155e-16
-1.9949319973733282e-17
0.9999999999999998
-0.9999999999999993
0.9999999999999996
-0.7071067811865465
0.999999999999999
-1.9081958235744878e-16
1.0
-0.9999999999999999
0.9999999999999999
9.877081791342945e-17
-1.457167719820518e-16
-3.8163916471489756e-17
1.1058862159352145e-17
1.2836953722228372e-16
-8.673617379884035e-18
1.734723475976807e-17
-0.9999999999999998
7.39425881635114e-17
1.734723475976807e-17
6.071532165918825e-18
-0.9999999999999999
0.7071067811865468
5.5077470362263625e-17
-1.734723475976807e-17
-2.862293735361732e-17
8.586881206085195e-17
-0.9999999999999998
1.8214596497756474e-17
-2.6020852139652106e-17
2.463307335887066e-16
-4.9439619065339e-17
-2.3332030751888055e-16
0.9999999999999996
0.9999999999999998
-1.3877787807814457e-17
3.469446951953614e-18
7.806255641895632e-18
1.942890293094024e-16
-0.7071067811865496
1.3877787807814457e-17
4.336808689942016e-18
-0.7071067811865467
-1.0408340855860843e-16
-0.9999999999999989
2.0816681711721654e-17
-2.42861286636753e-16
-1.0408340855860843e-17
-1.3877787807814457e-17
0.9999999999999991
8.673617379884035e-17
-0.9999999999999991
-1.457167719820518e-16
-1.5959455978986625e-16
-0.9999999999999994
-1.1275702593849246e-17
0.4999999999999988
0.9999999999999989
0.9999999999999999
0.9999999999999991
-0.9999999999999997
0.9999999999999997
-0.7071067811865468
-0.7071067811865474
0.9999999999999986
-2.4286128663675302e-17
8.933825901280557e-17
1.1275702593849246e-17
6.071532165918825e-18
-1.5959455978986625e-16
-3.9898639947466563e-17
8.673617379884035e-19
1.249000902703301e-16
-2.42861286636753e-17
-3.8163916471489756e-17
1.5265566588595902e-16
-8.673617379884035e-19
-1.734723475976807e-17
1.1015494072452725e-16
1.214306433183765e-17
-9.367506770274758e-17
1.942890293094024e-16
-9.367506770274758e-17
1.5265566588595902e-16
-2.688821387764051e-17
-6.938893903907228e-18
-9.71445146547012e-17
1.0061396160665481e-16
3.729655473350135e-17
-4.0766001685454967e-17
-0.7071067811865496
6.938893903907228e-18
-7.15573433840433e-18
-3.469446951953614e-18
-2.0816681711721685e-17
-2.47198095326695e-17
-2.983724378680108e-16
-9.540979117872439e-18
5.898059818321144e-17
1.942890293094024e-16
-1.249000902703301e-16
-0.9999999999999988
7.28583859910259e-17
-0.9999999999999992
4.163336342344337e-17
-1.951563910473908e-17
-6.591949208711867e-17
-8.239936510889834e-17
1.5785983631388945e-16
4.5102810375396984e-17
1.3010426069826053e-17
0.9999999999999993
1.3877787807814457e-17
-0.7071067811865468
1.3010426069826053e-16
-2.949029909160572e-16
2.949029909160572e-17
-4.5102810375396984e-17
1.1102230246251565e-16
0.9999999999999996
-5.551115123125783e-17
-9.540979117872439e-17
-1.0408340855860843e-16
-2.220446049250313e-16
-6.9388939039072276e-18
-1.0321604682062002e-16
-2.0990154059319366e-16
-2.0816681711721685e-17
8.153200337090993e-17
-1.3877787807814457e-17
-1.0408340855860843e-17
3.8163916471489756e-17
3.469446951953614e-18
-1.700029006457271e-16
-1.3877787807814457e-17
1.3877787807814457e-17
-1.0
0.7071067811865464
1.3010426069826053e-17
1.734723475976807e-18
3.642919299551295e-17
-9.71445146547012e-17
1.9081958235744878e-17
-2.42861286636753e-17
5.139118297581291e-17
-2.914335439641036e-16
1.3877787807814457e-17
2.949029909160572e-17
-1.0755285551056204e-16
-9.540979117872439e-18
-0.9999999999999998
1.474514954580286e-17
-0.9999999999999999
-1.3877787807814455e-17
-4.36282954208167e-16
-3.8163916471489756e-17
0.7071067811865465
1.8821749714348357e-16
2.688821387764051e-17
0.9999999999999989
-1.726049858596923e-16
-0.7071067811865462
-4.5102810375396984e-17
-2.220446049250313e-16
1.6306400674181987e-16
-1.8735013540549517e-16
-1.6046192152785466e-16
-0.4999999999999998
-0.9999999999999999
-1.6570161132360348e-34
-1.3530843112619095e-16
-1.734723475976807e-16
9.540979117872439e-18
-1.249000902703301e-16
1.0668549377257364e-16
4.336808689942018e-18
-1.249000902703301e-16
0.9999999999999998
0.9999999999999998
1.196959198423997e-16
-3.209238430557093e-17
-3.3306690738754696e-16
-0.9999999999999999
1.8388068845354155e-16
0.7071067811865476
-0.9999999999999999
1.1275702593849246e-17
0.9999999999999997
-1.457167719820518e-16
-1.0408340855860843e-17
0.7071067811865478
-9.020562075079397e-17
-3.95516952522712e-16
1.2663481374630692e-16
2.6020852139652106e-18
-1.5612511283791264e-17
-0.9999999999999999
-1.8995222061946038e-16
3.469446951953614e-18
1.3877787807814457e-17
-5.204170427930421e-17
-1.6479873021779667e-17
-2.0599841277224584e-17
-0.49999999999999944
9.540979117872439e-18
4.5102810375396984e-17
-1.0
-4.5102810375396984e-17
0.9999999999999997
-0.7071067811865467
-1.7694179454963432e-16
-3.122502256758253e-17
1.3877787807814457e-17
-3.235259282696745e-16
-1.6479873021779667e-17
1.5612511283791264e-16
1.6306400674181987e-16
-9.71445146547012e-17
-2.47198095326695e-17
-3.4694469519536138e-18
-2.5153490401663703e-17
-3.165870343657673e-17
-0.9999999999999997
-3.209238430557093e-17
-1.457167719820518e-16
-2.185751579730777e-16
2.6020852139652106e-18
-0.9999999999999958
8.521829075736065e-17
9.71445146547012e-17
-0.9999999999999999
1.0408340855860843e-17
1.2663481374630692e-16
0.49999999999999867
1.2836953722228372e-16
0.7071067811865466
1.1449174941446927e-16
0.9999999999999999
8.066464163292153e-17
-3.0357660829594124e-17
1.5178830414797062e-16
1.9949319973733282e-17
-0.9999999999999998
0.7071067811865491
0.9999999999999999
0.9999999999999997
1.457167719820518e-16
-2.168404344971009e-17
-0.9999999999999999
-0.7071067811865466
0.9999999999999996
-1.3183898417423734e-16
0.49999999999999967
-1.5612511283791264e-17
-1.6566609195578508e-16
9.367506770274758e-17
0.7071067811865468
-0.9999999999999999
2.3418766925686896e-17
6.418476861114186e-17
5.377642775528102e-17
-4.163336342344337e-17
-0.9999999999999999
0.7071067811865468
0.9999999999999992
2.6020852139652106e-18
1.7433970933566911e-16
7.806255641895641e-18
0.9999999999999998
0.7071067811865479
-1.0148132334464322e-16
0.7071067811865467
-7.45931094670027e-17
-0.7071067811865457
2.3158558404290375e-16
-9.540979117872439e-17
-5.637851296924623e-17
3.122502256758253e-17
-0.9999999999999999
2.0816681711721685e-17
-1.457167719820518e-16
-1.3877787807814457e-17
2.688821387764051e-17
-0.7071067811865475
0.9999999999999992
-1.0408340855860843e-17
-5.204170427930421e-18
-0.7071067811865465
-1.3877787807814457e-16
-0.9999999999999998
-1.734723475976807e-17
-0.7071067811865467
-0.9999999999999998
-0.4999999999999999
-1.3877787807814454e-17
-3.469446951953614e-17
-1.457167719820518e-16
-8.803721640582296e-17
-4.336808689942018e-18
-0.9999999999999997
6.938893903907228e-17
-1.9168694409543718e-16
-1.214306433183765e-17
2.6020852139652106e-18
2.983724378680108e-16
-1.249000902703301e-16
8.326672684688674e-17
1.3877787807814457e-16
-0.9999999999999999
5.898059818321144e-17
-0.7071067811865466
1.2576745200831851e-17
1.3010426069826053e-17
-3.122502256758253e-17
-0.9999999999999999
-3.4694469519536138e-18
-9.540979117872439e-18
3.599551212651875e-17
-1.0408340855860843e-17
-0.24999999999999994
1.0408340855860843e-17
-6.591949208711867e-17
-0.9999999999999997
-0.7071067811865481
1.691355389077387e-17
5.204170427930421e-18
-0.9999999999999999
-3.0357660829594124e-17
-0.9999999999999998
0.7071067811865466
3.469446951953614e-17
-1.700029006457271e-16
-5.204170427930421e-18
3.0357660829594124e-17
0.7071067811865493
-1.0
1.734723475976807e-16
1.5525775109992423e-16
-3.729655473350135e-17
-0.9999999999999953
3.469446951953614e-18
0.3535533905932727
0.7071067811865492
1.7694179454963432e-16
-0.9999999999999968
1.1275702593849246e-17
0.9999999999999999
-0.9999999999999997
