0.42427924930095884
-6.938893903907228e-18
3.9898639947466563e-17
-4.85722573273506e-17
-4.163336342344337e-17
-6.331740687315346e-17
2.7755575615628914e-16
-3.122502256758252e-17
2.0816681711721685e-17
5.204170427930421e-17
-1.474514954580286e-17
1.0408340855860843e-17
-3.469446951953614e-18
2.7755575615628914e-17
9.71445146547012e-17
9.71445146547012e-17
4.85722573273506e-17
5.204170427930421e-18
-4.336808689942018e-18
-1.1102230246251565e-16
-3.642919299551295e-17
-9.540979117872439e-18
-5.412337245047638e-16
8.673617379884035e-18
-4.5102810375396984e-17
-4.5102810375396984e-17
-2.0816681711721685e-17
-1.734723475976807e-17
-6.9388939039072276e-18
4.336808689942018e-18
2.2551405187698492e-17
5.681219383824043e-17
-2.42861286636753e-17
2.7755575615628914e-17
2.6020852139652106e-18
-5.551115123125783e-17
-1.5612511283791264e-16
-1.8214596497756474e-17
-2.0816681711721685e-17
6.938893903907227e-18
0.9999999999999998
-9.974659986866641e-18
7.806255641895632e-18
1.1102230246251565e-16
2.7755575615628914e-17
-7.979727989493313e-17
-3.469446951953614e-18
-1.0408340855860843e-17
6.93889390390723e-18
-2.463307335887066e-16
2.42861286636753e-17
-3.469446951953614e-18
1.9081958235744878e-17
-9.540979117872439e-18
6.7220534694101275e-18
-5.204170427930421e-17
1.3877787807814454e-17
-9.540979117872439e-18
-1.0408340855860843e-17
-3.469446951953614e-17
-1.0408340855860843e-17
-3.5561831257524545e-17
-8.847089727481716e-17
3.122502256758253e-17
-0.49999999999999933
-1.3877787807814457e-17
1.5178830414797062e-17
3.0357660829594124e-17
8.239936510889834e-18
-2.237793284010081e-16
-1.1275702593849245e-17
3.469446951953614e-18
2.5153490401663703e-17
4.85722573273506e-17
3.9898639947466563e-17
1.3010426069826053e-17
1.734723475976807e-18
-4.2500725161431774e-17
-5.204170427930421e-18
5.551115123125783e-17
-1.2359904766334747e-17
6.938893903907228e-18
5.204170427930421e-17
1.3877787807814457e-17
-2.3852447794681098e-18
1.734723475976807e-17
-1.0408340855860843e-17
-2.42861286636753e-17
-1.0928757898653885e-16
-2.6454533008646308e-17
-1.5612511283791264e-17
-2.0816681711721676e-17
-3.2959746043559335e-17
8.673617379884035e-18
2.233456475320139e-17
-2.7755575615628914e-17
-0.70710678118655
-1.5005358067199381e-16
7.502679033599691e-17
-3.3393426912553537e-17
1.1102230246251565e-16
-4.85722573273506e-17
-1.3877787807814457e-17
3.4694469519536126e-18
3.469446951953614e-18
-1.1275702593849246e-17
-6.071532165918825e-18
-5.2041704279304236e-18
1.8908485888147197e-16
3.3142282405143226e-49
5.898059818321144e-17
2.0816681711721685e-17
8.673617379884035e-19
3.8163916471489756e-17
1.734723475976807e-18
2.7755575615628914e-17
3.5144990713905297e-66
1.1275702593849246e-17
1.0408340855860843e-17
-3.469446951953614e-18
-1.723881454251952e-17
9.71445146547012e-17
-2.42861286636753e-17
-7.28583859910259e-17
-6.591949208711867e-17
4.336808689942018e-17
6.938893903907228e-18
-1.474514954580286e-17
1.0581813203458523e-16
-1.0408340855860843e-17
-4.2500725161431774e-17
-6.071532165918825e-18
-3.469446951953614e-18
-1.3227266504323154e-17
-9.75781955236954e-18
2.7755575615628914e-17
1.97758476261356e-16
6.071532165918825e-18
1.1275702593849246e-17
-2.0816681711721682e-17
-2.6020852139652106e-18
-1.3877787807814455e-17
6.938893903907228e-18
2.168404344971009e-17
1.205632815803881e-16
6.938893903907228e-17
-3.426078865054194e-17
6.938893903907228e-18
-4.7704895589362195e-18
-6.071532165918825e-18
1.0408340855860843e-17
-2.6020852139652106e-17
-1.3877787807814457e-17
0.0
-2.42861286636753e-17
9.540979117872439e-18
-1.1449174941446927e-16
-1.734723475976807e-17
-4.163336342344337e-17
5.2909066017292616e-17
-1.9949319973733282e-17
-1.3877787807814457e-17
-1.3877787807814457e-17
-1.5612511283791264e-16
-5.713745448998608e-17
1.5178830414797062e-18
1.9081958235744878e-17
0.0
-9.020562075079397e-17
4.336808689942018e-18
-8.673617379884032e-19
3.122502256758253e-17
-1.214306433183765e-17
-6.938893903907228e-18
6.071532165918825e-18
-6.938893903907228e-18
2.3418766925686896e-17
-1.3877787807814457e-17
-8.673617379884035e-19
-3.8163916471489756e-17
-1.0755285551056204e-16
5.117434254131581e-17
-4.336808689942016e-18
5.204170427930421e-17
2.7755575615628914e-17
-6.938893903907228e-18
-8.673617379884035e-19
3.642919299551295e-17
-4.336808689942021e-18
-1.734723475976807e-17
6.938893903907228e-18
3.2959746043559335e-17
-1.1449174941446927e-16
1.5612511283791264e-16
-2.108773225484306e-17
-1.734723475976807e-18
1.3660947373317356e-17
2.7755575615628914e-17
5.204170427930421e-18
8.673617379884035e-18
8.673617379884035e-17
2.2985086056692694e-17
-1.3877787807814457e-17
5.204170427930421e-18
4.336808689942018e-18
1.9081958235744878e-17
1.214306433183765e-16
-3.8163916471489756e-17
4.2500725161431774e-17
-1.8865117801247777e-16
-3.469446951953614e-18
2.42861286636753e-17
-4.336808689942018e-18
8.890457814381136e-18
2.927345865710862e-17
2.6020852139652106e-18
3.469446951953614e-18
-9.627715291671279e-17
1.43982048506075e-16
-3.8163916471489756e-17
1.734723475976807e-17
1.5612511283791264e-17
-3.1225022567582534e-17
2.0816681711721685e-17
-8.673617379884037e-18
-3.469446951953614e-17
3.469446951953614e-18
-5.637851296924623e-17
-1.3877787807814457e-17
-2.5153490401663703e-17
-1.1102230246251565e-16
4.163336342344337e-17
-5.4643789493269423e-17
1.6479873021779667e-17
8.673617379884035e-18
1.3010426069826053e-17
1.0950441942103595e-16
-3.8163916471489756e-17
5.204170427930421e-18
-8.326672684688674e-17
5.898059818321144e-17
1.3010426069826053e-17
-6.071532165918825e-17
4.5102810375396984e-17
5.117434254131581e-17
-6.591949208711867e-17
2.0816681711721685e-16
6.938893903907228e-17
3.729655473350135e-17
-6.765421556309548e-17
1.3010426069826053e-18
3.9898639947466563e-17
-4.163336342344337e-17
-1.0408340855860843e-17
-1.3877787807814457e-17
-3.469446951953614e-18
3.816391647148976e-17
1.3877787807814457e-17
1.457167719820518e-16
2.2551405187698492e-17
-3.469446951953614e-17
-1.9081958235744878e-17
-4.163336342344337e-17
-1.6479873021779667e-16
-4.700016417724662e-17
-1.5612511283791264e-17
6.591949208711867e-17
-2.6020852139652106e-18
2.7755575615628914e-17
-5.898059818321144e-17
7.632783294297951e-17
3.8163916471489756e-17
-3.469446951953614e-18
-1.2576745200831851e-17
1.734723475976807e-17
6.938893903907228e-18
-2.42861286636753e-17
4.163336342344337e-17
8.500145032286355e-17
1.3877787807814455e-17
6.071532165918825e-17
1.3010426069826053e-17
-2.42861286636753e-17
1.5612511283791264e-17
3.469446951953614e-18
1.1275702593849246e-17
1.3877787807814454e-17
-1.734723475976807e-17
1.5612511283791264e-17
-2.42861286636753e-17
3.469446951953614e-18
3.469446951953614e-17
9.540979117872439e-18
-2.2551405187698492e-17
1.431146867680866e-17
-1.3877787807814455e-17
-1.0408340855860843e-17
5.0306980803327406e-17
-6.591949208711867e-17
-1.734723475976807e-18
6.938893903907228e-18
3.729655473350135e-17
1.734723475976807e-18
3.9898639947466563e-17
-2.688821387764051e-17
6.938893903907228e-18
2.6020852139652106e-17
-3.0092655381050464e-35
-1.3660947373317356e-17
1.0408340855860843e-17
6.071532165918825e-18
-5.117434254131581e-17
7.37257477290143e-18
6.41463530422127e-50
6.9388939039072276e-18
-5.551115123125783e-17
1.3877787807814457e-17
-1.474514954580286e-17
-3.469446951953614e-18
1.0061396160665481e-16
5.551115123125783e-17
-1.0408340855860843e-17
-1.5612511283791264e-17
0.70710678118655
-1.8865117801247777e-17
2.7755575615628914e-17
-0.7071067811865465
1.3877787807814457e-17
2.6020852139652106e-17
1.3010426069826053e-18
-6.743737512859838e-17
-9.71445146547012e-17
5.854691731421724e-18
-6.938893903907225e-18
-2.7755575615628914e-17
8.673617379884035e-19
-6.938893903907227e-18
-9.540979117872439e-18
-1.249000902703301e-16
5.204170427930421e-18
-1.734723475976807e-17
6.071532165918825e-18
1.700029006457271e-16
-2.6020852139652106e-18
-3.346303278372822e-33
4.85722573273506e-17
-5.898059818321144e-17
7.762887554996212e-17
-2.0816681711721685e-17
-1.3877787807814457e-17
-2.7755575615628914e-17
5.551115123125783e-17
-2.8189256484623115e-18
-1.734723475976807e-17
-9.71445146547012e-17
-1.0408340855860843e-17
-3.8163916471489756e-17
-3.122502256758253e-17
-1.3877787807814455e-17
-2.3418766925686896e-17
-2.081668171172169e-17
6.938893903907228e-18
-8.673617379884035e-19
8.673617379884035e-19
-1.0408340855860843e-17
6.5052130349130266e-18
4.119968255444917e-17
-1.734723475976807e-17
1.9081958235744878e-16
3.642919299551295e-17
-2.42861286636753e-17
-1.5265566588595902e-16
-3.729655473350135e-17
6.938893903907228e-18
-6.071532165918825e-18
1.5612511283791267e-17
3.729655473350135e-17
1.0408340855860843e-17
-3.252606517456513e-17
6.938893903907228e-18
-4.163336342344337e-17
-2.0816681711721685e-17
1.734723475976807e-17
-9.71445146547012e-17
-9.75781955236954e-18
-1.6479873021779667e-17
4.90059381963448e-17
1.3877787807814455e-17
-0.9999999999999999
-1.3877787807814457e-17
-1.734723475976807e-18
2.0383000842727483e-17
-1.1275702593849248e-17
-4.336808689942018e-18
4.2934406030425976e-17
4.7704895589362195e-18
6.071532165918825e-18
2.5153490401663703e-17
1.734723475976807e-17
1.9081958235744878e-17
1.3877787807814457e-17
-2.4286128663675296e-17
1.951563910473908e-17
-1.3877787807814457e-17
2.211772431870429e-17
-4.2500725161431774e-17
3.469446951953614e-17
2.775557561562891e-17
-2.949029909160572e-17
6.071532165918825e-18
-1.6653345369377348e-16
-8.239936510889834e-17
-1.7347234759768067e-18
-3.469446951953614e-17
-1.8735013540549517e-16
-8.326672684688674e-17
6.9388939039072276e-18
6.938893903907228e-18
-1.9949319973733282e-17
3.469446951953618e-18
-7.806255641895632e-18
3.122502256758253e-17
-1.0408340855860843e-17
-1.6653345369377348e-16
1.387778780781446e-17
2.1684043449710086e-17
-2.0816681711721685e-17
-1.3010426069826053e-17
-1.3877787807814463e-17
2.8189256484623115e-17
7.806255641895632e-18
2.949029909160572e-17
1.3010426069826053e-18
2.42861286636753e-17
-1.3877787807814455e-17
6.071532165918825e-18
-1.3877787807814455e-17
0.0
-9.324138683375338e-18
2.42861286636753e-17
-2.949029909160572e-17
1.734723475976807e-18
2.0122792321330962e-16
3.8163916471489756e-17
-3.165870343657673e-17
5.204170427930421e-17
1.2706849461530112e-16
-2.5587171270657905e-17
5.898059818321144e-17
5.5511151231257815e-17
-8.673617379884035e-19
6.938893903907228e-18
3.707971429900425e-17
8.673617379884035e-19
-3.903127820947816e-18
6.398827558252644e-34
4.336808689942018e-18
-2.220446049250313e-16
5.898059818321144e-17
3.469446951953614e-18
6.591949208711867e-17
1.734723475976807e-17
-1.3877787807814457e-17
1.5612511283791264e-17
1.5265566588595902e-16
-2.5153490401663703e-17
1.3877787807814457e-17
1.734723475976807e-17
8.326672684688672e-17
-7.632783294297951e-17
-4.5102810375396984e-17
4.466912950640278e-17
-3.122502256758253e-17
-6.938893903907228e-18
-3.8163916471489756e-17
4.163336342344337e-17
5.898059818321144e-17
5.551115123125783e-17
-9.540979117872439e-18
2.7755575615628914e-17
8.673617379884035e-19
-1.734723475976807e-17
-3.469446951953614e-18
-6.938893903907228e-18
-1.474514954580286e-17
-5.117434254131581e-17
3.469446951953614e-18
1.0408340855860843e-17
1.3877787807814455e-17
-4.336808689942017e-17
-9.540979117872439e-18
3.3306690738754696e-16
7.589415207398531e-19
1.0408340855860843e-17
-2.42861286636753e-17
1.3010426069826053e-17
-4.85722573273506e-17
1.9949319973733282e-17
-4.0245584642661925e-16
1.249000902703301e-16
-1.9081958235744878e-17
-3.469446951953614e-18
4.336808689942018e-18
-3.122502256758253e-17
5.551115123125783e-17
2.7755575615628914e-17
1.5959455978986625e-16
-0.7071067811865465
8.673617379884035e-18
-8.500145032286355e-17
-8.153200337090993e-17
-1.474514954580286e-17
6.938893903907228e-18
-7.112366251504909e-17
2.6020852139652106e-18
1.734723475976807e-18
-4.163336342344337e-17
9.540979117872439e-18
-1.205632815803881e-16
-1.48318857196017e-16
-1.0408340855860843e-16
-6.938893903907228e-18
-3.469446951953614e-18
-8.239936510889834e-17
3.469446951953614e-18
-7.37257477290143e-18
-2.706168622523819e-16
1.734723475976807e-18
-1.3877787807814457e-17
1.6263032587282567e-17
4.0766001685454967e-17
2.437286483747414e-16
1.734723475976807e-17
-1.5612511283791264e-17
1.3877787807814457e-17
9.540979117872439e-18
1.734723475976807e-17
2.688821387764051e-17
-2.3765711620882257e-16
-3.469446951953614e-18
-4.336808689942018e-18
2.5153490401663703e-17
-0.9999999999999999
-3.469446951953614e-18
2.0643209364124004e-16
-7.806255641895632e-18
2.5587171270657905e-17
1.1275702593849246e-17
8.673617379884035e-19
0.24999999999999956
-6.071532165918825e-18
0.0
-1.3530843112619095e-16
-2.3418766925686896e-17
6.938893903907228e-18
-7.632783294297951e-17
-1.0538445116559103e-16
0.9999999999999992
1.5265566588595902e-16
1.1449174941446927e-16
1.4224732503009818e-16
0.7071067811865467
4.336808689942018e-17
1.3357370765021415e-16
1.0061396160665481e-16
-2.6020852139652106e-18
-1.3097162243624894e-16
-7.632783294297951e-17
2.42861286636753e-17
1.143520904479924e-34
3.5561831257524545e-17
5.204170427930421e-17
-3.469446951953614e-18
1.0408340855860843e-17
6.505213034913027e-17
1.3010426069826053e-17
7.806255641895632e-18
1.214306433183765e-17
1.0061396160665481e-16
-1.214306433183765e-17
-0.9999999999999993
-0.9999999999999993
-1.0408340855860844e-17
0.9999999999999981
0.9999999999999983
-3.122502256758253e-17
2.5587171270657905e-17
-1.3183898417423734e-16
1.3010426069826053e-17
-1.2869479787402938e-16
1.474514954580286e-17
1.452830911130576e-17
-1.1709383462843448e-17
-1.2576745200831851e-17
-6.938893903907228e-18
1.9081958235744878e-17
5.204170427930421e-18
-1.7607443281164592e-16
2.2551405187698492e-17
1.734723475976807e-16
-2.5326962749261384e-16
5.204170427930421e-18
4.971066960846038e-17
0.9999999999999992
-8.673617379884035e-19
6.938893903907228e-17
-1.8908485888147197e-16
-1.1275702593849246e-17
-1.7780915628762273e-16
-1.3877787807814457e-17
-0.9999999999999997
-9.974659986866641e-17
-2.42861286636753e-17
-1.0842021724855044e-18
8.673617379884035e-19
-6.938893903907228e-17
-6.938893903907228e-18
-0.9999999999999996
-2.4286128663675302e-17
1.5612511283791264e-17
6.938893903907228e-18
2.7755575615628914e-17
1.700029006457271e-16
1.3183898417423734e-16
9.194034422677078e-17
2.42861286636753e-17
-6.9388939039072245e-18
-8.370040771588094e-17
-2.8449465006019636e-16
-0.9999999999999989
3.9898639947466563e-17
3.122502256758253e-17
-2.2551405187698492e-17
-2.6888213877640513e-17
-0.7071067811865467
1.214306433183765e-17
1.3877787807814454e-17
-2.602085213965213e-18
2.0816681711721685e-17
-1.0408340855860843e-17
-3.209238430557094e-17
1.3877787807814457e-17
-1.491862189340054e-16
-5.2909066017292616e-17
-0.9999999999999991
-1.214306433183765e-17
3.8163916471489756e-17
8.546314128218339e-34
-1.1102230246251565e-16
-1.251169307048272e-16
1.0408340855860843e-17
5.0306980803327406e-17
-1.214306433183765e-17
-0.7071067811865468
2.0816681711721685e-17
-3.4694469519536134e-18
6.591949208711867e-17
-2.1250362580715887e-17
-1.5612511283791264e-17
-9.540979117872437e-18
1.0234868508263162e-16
-0.9999999999999991
4.7704895589362195e-17
-9.974659986866641e-18
-5.204170427930421e-18
-7.925517880869037e-17
-0.9999999999999989
-1.0408340855860843e-17
1.1622647289044608e-16
-2.0816681711721685e-16
3.003240017784847e-17
-4.5102810375396984e-17
-5.377642775528102e-17
-1.951563910473908e-17
2.463307335887066e-16
4.163336342344337e-17
-1.3877787807814457e-16
-2.42861286636753e-17
5.204170427930421e-18
2.2551405187698486e-17
6.938893903907227e-18
-3.4694469519536136e-17
8.500145032286355e-17
2.0816681711721685e-17
1.0408340855860843e-17
4.683753385137379e-17
-1.1275702593849246e-17
-2.7755575615628914e-17
-0.7071067811865465
-0.9999999999999994
4.1633363423443376e-17
-2.7755575615628914e-17
3.8163916471489756e-17
2.7755575615628914e-17
-2.7755575615628914e-17
3.469446951953614e-17
-1.3877787807814457e-17
-1.040834085586084e-17
-8.673617379884035e-19
-0.9999999999999993
-6.591949208711867e-17
0.7071067811865476
5.377642775528102e-17
2.2551405187698492e-17
-0.9999999999999984
-8.673617379884035e-19
-3.469446951953614e-18
-2.7755575615628926e-17
1.7453740121009327e-34
1.734723475976807e-18
3.642919299551295e-17
-0.999999999999999
-4.7704895589362195e-18
-7.654467337747661e-17
-7.177418381854039e-17
-3.469446951953614e-17
-4.0766001685454967e-17
3.469446951953614e-17
1.5178830414797062e-17
-0.9999999999999994
-1.1275702593849246e-17
4.510281037539698e-17
5.898059818321144e-17
-7.025630077706069e-17
-2.970713952610282e-17
1.1796119636642288e-16
-3.198396408832238e-17
3.903127820947816e-17
-2.671474153004283e-16
3.903127820947816e-17
-2.0816681711721685e-17
2.1684043449710086e-17
-6.678685382510707e-17
4.401860820291148e-17
1.0451708942760263e-16
5.204170427930424e-18
4.85722573273506e-17
3.7296554733501346e-17
1.387778780781446e-17
1.0408340855860843e-16
-1.734723475976807e-18
-0.4999999999999989
-1.3877787807814457e-17
-2.0816681711721685e-17
-4.336808689942018e-18
-3.469446951953614e-17
2.775557561562892e-17
9.269928574751063e-17
-0.49999999999999933
0.999999999999999
3.599551212651875e-17
3.2742905609062234e-17
-7.806255641895632e-18
1.0408340855860843e-17
1.0842021724855044e-17
-2.949029909160572e-17
-1.457167719820518e-16
4.85722573273506e-17
-1.0408340855860843e-17
2.6020852139652116e-17
-2.3201926491189795e-17
-1.3877787807814463e-17
-1.734723475976807e-17
6.245004513516506e-17
2.3418766925686896e-17
1.4224732503009818e-16
-7.28583859910259e-17
4.0332320816460765e-17
3.903127820947816e-17
-1.734723475976807e-18
-6.938893903907228e-18
-3.469446951953614e-17
5.3776427755281045e-17
-3.4694469519536138e-18
3.4694469519536138e-18
-1.0408340855860843e-17
0.7071067811865467
-0.7071067811865466
-2.7755575615628914e-17
4.163336342344337e-17
-1.1188966420050406e-16
-8.673617379884035e-19
-2.4286128663675296e-17
-1.214306433183765e-17
-0.9999999999999987
1.734723475976807e-18
2.6020852139652106e-18
2.7755575615628914e-17
5.204170427930421e-18
-6.245004513516506e-17
-1.9949319973733282e-17
1.6306400674181987e-16
-2.0816681711721685e-17
-8.673617379884035e-19
4.336808689942018e-18
-3.469446951953614e-17
0.7071067811865468
-4.5102810375396984e-17
-3.469446951953613e-18
1.3877787807814457e-17
3.608224830031759e-16
-5.551115123125783e-17
5.323432666903827e-17
5.204170427930421e-18
-2.3310346708438345e-18
1.734723475976807e-17
-4.336808689942018e-18
-9.540979117872439e-18
4.336808689942022e-18
1.8214596497756474e-17
1.0408340855860843e-17
1.0755285551056204e-16
-8.673617379884034e-18
-3.469446951953614e-18
-2.42861286636753e-17
-3.8163916471489756e-17
5.2041704279304174e-18
-2.7755575615628914e-17
1.0408340855860843e-16
-3.122502256758253e-17
-7.15573433840433e-18
-1.6479873021779667e-17
3.122502256758253e-17
1.3877787807814457e-16
2.0816681711721685e-17
8.673617379884035e-18
2.42861286636753e-17
1.3877787807814454e-17
-4.0332320816460765e-17
1.0408340855860843e-17
1.0408340855860836e-17
2.0816681711721685e-17
-1.3010426069826053e-17
-4.7704895589362195e-18
4.163336342344337e-17
7.28583859910259e-17
1.7347234759768074e-17
1.0111132208032988e-33
1.3877787807814454e-17
2.42861286636753e-17
0.9999999999999993
-1.3877787807814457e-17
2.914335439641036e-16
3.4694469519536126e-18
-0.7071067811865466
-1.1709383462843448e-16
2.7755575615628914e-17
-2.2551405187698492e-17
-6.071532165918825e-18
2.7755575615628914e-17
8.673617379884035e-19
-0.9999999999999993
-2.8189256484623115e-17
-2.7321894746634712e-17
2.3418766925686896e-17
7.806255641895632e-18
6.071532165918825e-18
-0.707106781186546
6.071532165918825e-18
-0.7071067811865466
-0.7071067811865467
3.469446951953614e-18
-6.938893903907228e-18
4.85722573273506e-17
2.7755575615628914e-17
6.03900610074426e-17
1.0408340855860843e-17
1.6696713456276768e-17
3.122502256758252e-17
-1.0408340855860843e-17
-3.469446951953614e-18
-1.734723475976807e-18
3.469446951953614e-18
4.3368086899420185e-18
7.112366251504909e-17
-4.163336342344337e-17
1.0570971181733668e-17
-6.938893903907231e-18
-2.688821387764051e-17
-8.673617379884035e-18
1.0668549377257364e-16
3.729655473350135e-17
-1.9949319973733282e-17
3.209238430557093e-17
-1.3877787807814457e-17
-5.811323644522304e-17
-2.775557561562891e-17
4.163336342344337e-17
1.474514954580286e-17
-1.1622647289044608e-16
-2.42861286636753e-17
2.2551405187698492e-17
3.469446951953614e-18
-1.4224732503009818e-16
2.461138931542095e-17
2.168404344971009e-19
2.42861286636753e-17
2.0729945537922845e-16
-3.9898639947466563e-17
-9.540979117872439e-18
2.0599841277224584e-17
-1.0928757898653885e-16
2.0816681711721685e-17
-0.9999999999999991
4.163336342344337e-17
-2.0816681711721685e-17
-0.49999999999999933
6.982261990806649e-17
-1.1275702593849246e-17
-7.589415207398531e-18
-0.9999999999999989
-3.469446951953614e-18
5.4643789493269423e-17
-1.0408340855860843e-17
0.9999999999999996
2.081668171172169e-17
3.122502256758253e-17
-3.2959746043559335e-17
2.6020852139652106e-17
1.7347234759768068e-17
1.734723475976807e-17
1.3877787807814455e-17
-2.081668171172169e-17
-3.8163916471489756e-17
8.673617379884035e-19
3.469446951953614e-18
1.1275702593849246e-17
-0.49999999999999956
2.6020852139652106e-18
2.42861286636753e-17
1.7347234759768056e-18
9.540979117872439e-18
8.673617379884035e-19
0.9999999999999996
4.336808689942018e-18
7.28583859910259e-17
6.938893903907225e-18
-1.3877787807814457e-17
-2.0816681711721685e-17
-5.551115123125783e-17
-1.3010426069826052e-17
2.7755575615628914e-17
3.382710778154774e-17
-1.734723475976807e-17
-1.0408340855860843e-17
-5.204170427930421e-18
2.0816681711721685e-17
2.42861286636753e-17
2.0816681711721685e-16
-2.7321894746634712e-17
-1.734723475976807e-18
-4.163336342344337e-17
-1.9949319973733282e-17
1.734723475976807e-17
-1.0408340855860849e-17
-2.42861286636753e-17
2.4286128663675293e-17
3.8163916471489756e-17
-1.2836953722228372e-16
-7.806255641895632e-18
-4.683753385137379e-17
-1.9949319973733282e-17
4.83554168928535e-17
8.673617379884034e-18
-0.9999999999999992
1.3877787807814457e-17
3.122502256758253e-17
0.9999999999999989
3.816391647148977e-17
-5.2909066017292616e-17
7.979727989493313e-17
0.0
-9.974659986866641e-17
-1.214306433183765e-17
3.0357660829594124e-18
-1.734723475976807e-18
3.209238430557093e-17
1.7347234759768062e-17
1.3010426069826053e-17
6.938893903907228e-17
5.551115123125783e-17
-7.632783294297951e-17
5.117434254131581e-17
-0.999999999999999
1.9081958235744878e-17
9.714451465470118e-17
-8.326672684688674e-17
-3.122502256758253e-17
2.6020852139652106e-17
3.469446951953614e-18
1.3010426069826053e-17
-6.938893903907227e-18
-1.3877787807814457e-17
1.3444106938820255e-17
-2.428612866367534e-17
7.28583859910259e-17
1.734723475976807e-18
0.999999999999999
1.1384122811097797e-16
-9.71445146547012e-17
