0.9999999999999996
-2.498001805406602e-16
-1.1275702593849246e-17
-3.469446951953624e-18
1.7347234759768069e-18
1.0408340855860843e-17
-8.847089727481716e-17
-4.686749320818298e-34
-1.0755285551056204e-16
4.163336342344337e-17
-3.903127820947816e-17
1.0191500421363742e-17
-2.949029909160572e-17
-2.42861286636753e-17
-1.214306433183765e-17
2.775557561562891e-17
-4.336808689942018e-18
-4.5102810375396984e-17
8.760353553682876e-17
1.3877787807814457e-17
-3.122502256758253e-17
1.93421667571414e-16
-1.0408340855860843e-17
1.0408340855860843e-17
-2.7755575615628914e-17
-1.734723475976807e-17
-3.8163916471489756e-17
-3.469446951953614e-17
-4.336808689942018e-17
-6.938893903907228e-18
-3.469446951953614e-18
3.122502256758253e-17
3.469446951953614e-18
-1.734723475976807e-17
-1.734723475976807e-18
-4.96564594998361e-17
-8.673617379884035e-18
5.204170427930421e-18
-3.469446951953614e-18
-2.0816681711721685e-17
6.9388939039072276e-18
-2.168404344971009e-17
2.7755575615628914e-17
-1.3010426069826053e-17
-3.426078865054194e-17
3.122502256758253e-17
2.7755575615628944e-17
2.42861286636753e-17
2.0816681711721682e-17
7.28583859910259e-17
-2.862293735361732e-17
-1.3877787807814457e-16
-1.951563910473908e-17
4.85722573273506e-17
-2.6020852139652106e-18
1.0408340855860843e-17
1.1668427124002348e-33
6.071532165918825e-18
6.938893903907228e-18
1.734723475976807e-17
-9.540979117872439e-18
-9.540979117872439e-17
2.983724378680108e-16
-5.551115123125783e-17
-3.469446951953614e-18
4.5102810375396984e-17
8.673617379884035e-18
1.214306433183765e-17
-1.3877787807814457e-17
-3.469446951953614e-17
1.726049858596923e-16
4.423544863740858e-17
0.4999999999999994
1.734723475976807e-17
2.42861286636753e-17
-6.938893903907228e-18
1.491862189340054e-16
1.6479873021779667e-16
-3.2959746043559335e-17
-1.5612511283791264e-17
2.862293735361732e-17
-1.734723475976807e-17
-7.28583859910259e-17
-1.3877787807814457e-17
2.0816681711721685e-17
2.7755575615628914e-17
-8.500145032286355e-17
8.326672684688674e-17
0.0
2.949029909160572e-17
3.686287386450715e-17
4.383201518817885e-34
-7.979727989493313e-17
6.071532165918825e-18
-4.336808689942018e-18
-6.938893903907228e-18
6.071532165918825e-18
2.0599841277224584e-18
2.0816681711721685e-17
-4.3021142204224816e-16
-2.0816681711721685e-17
-6.938893903907228e-18
6.591949208711867e-17
7.37257477290143e-18
-2.179246366695864e-17
6.938893903907228e-18
-1.9081958235744878e-17
1.3530843112619095e-16
-1.734723475976807e-17
-1.3877787807814457e-17
-6.938893903907228e-17
6.071532165918825e-18
-4.85722573273506e-17
-5.551115123125783e-17
-2.42861286636753e-17
1.8214596497756474e-17
-2.0816681711721685e-17
3.469446951953614e-17
-2.5153490401663703e-17
5.204170427930421e-18
-7.48099499014998e-17
-5.898059818321144e-17
-6.938893903907228e-18
8.673617379884035e-19
4.683753385137379e-17
-1.5612511283791264e-17
4.7704895589362195e-18
2.6020852139652106e-17
2.2551405187698492e-17
1.6479873021779667e-17
3.469446951953614e-18
6.071532165918825e-18
3.469446951953615e-18
5.204170427930421e-18
-4.163336342344337e-17
5.204170427930421e-18
1.3877787807814457e-17
1.734723475976807e-18
2.6020852139652106e-18
-8.326672684688674e-17
0.0
2.42861286636753e-17
5.204170427930421e-18
0.0
1.3010426069826053e-17
9.540979117872439e-18
4.336808689942018e-17
3.469446951953614e-18
-3.469446951953614e-17
5.377642775528102e-17
1.700029006457271e-16
3.469446951953614e-18
-1.3877787807814457e-17
1.3877787807814457e-17
3.729655473350135e-17
3.5561831257524545e-17
-2.7755575615628914e-17
-5.204170427930421e-18
2.0816681711721685e-17
-2.6346112791397758e-17
0.0
-2.5673907444456745e-16
-1.0408340855860843e-17
-1.1709383462843448e-17
-4.336808689942018e-17
2.42861286636753e-17
-1.734723475976807e-18
2.5153490401663703e-17
-1.214306433183765e-17
1.474514954580286e-17
-3.469446951953614e-18
1.3530843112619095e-16
-4.8572257327350586e-17
-2.42861286636753e-17
-2.688821387764051e-17
4.5102810375396984e-17
-3.469446951953614e-17
-1.1709383462843448e-17
-3.85185988877447e-33
-9.020562075079397e-17
-1.734723475976808e-18
3.122502256758253e-17
-2.498001805406602e-16
0.0
8.673617379884034e-18
1.3314002678121994e-16
8.673617379884035e-17
-2.775557561562891e-17
-1.0408340855860843e-17
-3.469446951953614e-17
-8.673617379884035e-18
-6.591949208711867e-17
-3.469446951953614e-18
-3.8163916471489756e-17
-5.204170427930421e-18
4.336808689942018e-18
0.0
-2.6020852139652106e-17
2.3418766925686896e-17
8.673617379884035e-19
-2.7755575615628914e-17
-8.890457814381136e-18
-0.4267766952966365
1.2793585635328952e-16
-4.336808689942018e-18
-6.071532165918825e-18
-2.636779683484747e-16
-4.336808689942018e-19
-4.597017211338539e-17
-8.673617379884035e-18
2.0816681711721685e-17
-3.642919299551295e-17
1.3877787807814457e-17
-8.673617379884035e-18
4.85722573273506e-17
1.9081958235744878e-17
-2.1510571102112408e-16
-3.226585665316861e-16
-2.42861286636753e-17
-1.9081958235744878e-17
-6.071532165918825e-18
-4.163336342344337e-17
-7.45931094670027e-17
1.6132928326584306e-16
2.7755575615628914e-17
6.938893903907228e-18
-3.469446951953614e-18
-4.5102810375396984e-17
1.0408340855860843e-17
3.2959746043559335e-17
7.806255641895632e-18
-7.979727989493313e-17
1.4051260155412137e-16
-6.591949208711867e-17
-2.2551405187698492e-17
2.970713952610282e-17
3.4694469519536138e-18
4.163336342344337e-17
-4.85722573273506e-17
1.5872719805187785e-16
-6.071532165918825e-18
-6.071532165918825e-18
-6.852157730108388e-17
3.2959746043559335e-17
1.734723475976807e-18
4.85722573273506e-17
7.806255641895632e-18
-1.7347234759768063e-18
6.938893903907228e-18
-1.5612511283791264e-17
1.0408340855860843e-17
6.938893903907228e-18
2.42861286636753e-17
-0.49999999999999956
-4.2500725161431774e-17
-8.673617379884035e-19
-6.938893903907228e-17
-1.734723475976807e-18
-3.111660235033398e-17
-3.0357660829594124e-17
-3.469446951953614e-18
6.071532165918825e-18
-6.938893903907228e-18
-1.734723475976807e-18
1.387778780781446e-17
1.3877787807814457e-17
4.7704895589362195e-17
1.8388068845354155e-16
-7.632783294297951e-17
1.3877787807814457e-17
-2.7755575615628914e-17
0.0
-4.90059381963448e-17
2.0816681711721685e-17
-4.423544863740858e-17
2.7755575615628914e-17
-3.469446951953614e-17
1.7347234759768069e-18
2.7755575615628914e-17
-8.326672684688674e-17
-1.0408340855860843e-17
1.5612511283791264e-17
-6.071532165918825e-17
3.122502256758253e-17
1.9949319973733282e-17
1.214306433183765e-16
4.163336342344337e-17
-1.5612511283791264e-17
2.498001805406602e-16
-8.673617379884035e-18
-6.071532165918825e-18
7.28583859910259e-17
-1.734723475976807e-17
-8.673617379884035e-19
-1.3877787807814457e-16
1.491862189340054e-16
-2.0816681711721685e-17
5.204170427930421e-18
-1.214306433183765e-17
2.6020852139652106e-18
6.071532165918825e-17
4.9439619065339e-17
2.6020852139652106e-18
-6.938893903907228e-17
1.561251128379127e-17
-3.382710778154774e-17
1.9081958235744878e-17
1.3877787807814457e-17
-3.0357660829594124e-18
-3.8163916471489756e-17
0.9999999999999996
-5.414505649392609e-16
-7.632783294297951e-17
1.1579279202145187e-16
1.9081958235744878e-17
-0.7071067811865491
5.117434254131581e-17
-3.0357660829594124e-18
-2.862293735361732e-17
-5.551115123125783e-17
2.42861286636753e-17
-1.4159680372660688e-16
4.85722573273506e-17
4.85722573273506e-17
-9.974659986866641e-18
-4.0766001685454967e-17
-5.551115123125783e-17
-3.642919299551295e-17
0.4999999999999999
-4.85722573273506e-17
-6.938893903907228e-18
6.938893903907228e-18
-2.0816681711721685e-17
5.854691731421724e-18
4.7704895589362195e-18
1.3270634591222574e-16
6.938893903907228e-18
-2.42861286636753e-17
1.734723475976807e-17
-1.1102230246251565e-16
-5.204170427930421e-18
1.6036588260553174e-50
-1.6479873021779667e-17
9.974659986866641e-17
-1.5612511283791264e-16
1.8214596497756474e-17
4.163336342344337e-17
-7.806255641895632e-18
6.071532165918825e-18
-3.8163916471489756e-17
-1.214306433183765e-16
0.3535533905932733
-6.591949208711867e-17
-7.979727989493313e-17
-9.6710833785707e-17
7.28583859910259e-17
0.0
1.734723475976807e-18
3.5561831257524545e-17
1.734723475976807e-18
-1.1275702593849246e-17
7.632783294297951e-17
-1.5265566588595902e-16
-4.336808689942018e-17
1.1275702593849246e-17
1.8648277366750676e-17
-1.3877787807814457e-17
6.938893903907228e-18
4.163336342344337e-17
8.239936510889834e-18
-1.9949319973733282e-17
6.7220534694101275e-18
5.204170427930421e-18
-5.551115123125783e-17
2.0816681711721685e-17
-1.9081958235744878e-17
3.469446951953614e-18
-2.6020852139652106e-17
-9.974659986866641e-18
-5.898059818321144e-17
6.331740687315346e-17
-1.8388068845354155e-16
-1.9949319973733282e-16
-5.0306980803327406e-17
1.9081958235744878e-17
8.673617379884035e-19
-6.938893903907224e-18
1.942890293094024e-16
-6.938893903907228e-17
1.3877787807814457e-17
-5.551115123125783e-17
-1.1579279202145187e-16
-3.4694469519536138e-18
2.5370330836160804e-17
-8.673617379884035e-18
4.163336342344337e-17
8.673617379884035e-19
-2.0816681711721688e-17
-1.0408340855860843e-17
8.066464163292153e-17
3.469446951953614e-18
-5.204170427930421e-17
-7.22078646875346e-17
4.85722573273506e-17
8.673617379884035e-18
2.498001805406602e-16
-1.97758476261356e-16
1.9081958235744884e-17
-4.85722573273506e-17
2.6020852139652106e-17
-0.999999999999999
1.734723475976807e-17
-0.24999999999999978
3.469446951953615e-18
5.551115123125783e-17
-3.469446951953611e-18
-1.3877787807814455e-17
-1.214306433183765e-16
-1.1449174941446927e-16
-6.9388939039072276e-18
-2.0816681711721685e-17
-1.0408340855860843e-16
2.3418766925686896e-17
3.469446951953614e-18
-5.637851296924623e-17
6.5052130349130266e-18
-1.9949319973733282e-17
-1.734723475976807e-16
-7.632783294297951e-17
-1.0581813203458523e-16
2.9292183255114396e-35
-1.734723475976807e-17
4.2500725161431774e-17
2.42861286636753e-17
4.5102810375396984e-17
1.734723475976807e-17
4.0766001685454967e-17
3.469446951953614e-18
1.734723475976807e-18
8.196568423990414e-17
-2.2551405187698492e-17
3.469446951953614e-18
-4.163336342344337e-17
1.5612511283791264e-17
-2.949029909160572e-17
6.071532165918825e-18
1.734723475976807e-18
-1.5699247457590104e-16
7.806255641895632e-18
7.806255641895632e-18
8.413408858487514e-17
1.0755285551056204e-16
3.8163916471489756e-17
-3.642919299551295e-17
0.7071067811865474
1.5395670849294163e-16
5.377642775528102e-17
-1.452830911130576e-17
4.163336342344337e-17
-2.3418766925686896e-17
0.49999999999999933
3.8163916471489756e-17
-4.336808689942018e-18
6.938893903907228e-18
-1.713039432527097e-17
1.734723475976807e-18
5.4643789493269423e-17
1.8431436932253575e-17
5.204170427930421e-18
2.0816681711721694e-17
5.637851296924622e-18
1.3877787807814457e-17
-1.0408340855860843e-17
2.740863092043355e-16
9.020562075079397e-17
2.6020852139652106e-18
-0.7071067811865472
-5.637851296924623e-18
4.336808689942018e-18
9.540979117872439e-18
-2.0816681711721685e-17
-2.4286128663675296e-17
9.540979117872439e-18
-2.1033522146218786e-17
5.160802341031001e-17
1.235990476633475e-17
-3.0357660829594124e-17
4.336808689942018e-18
-6.938893903907228e-18
-9.540979117872439e-18
0.0
-3.9898639947466563e-17
3.469446951953615e-18
-6.938893903907228e-17
-4.686749320818305e-34
4.336808689942018e-17
1.9081958235744878e-17
-5.204170427930421e-18
1.5612511283791264e-17
3.0357660829594124e-17
4.336808689942018e-18
8.673617379884035e-17
3.122502256758253e-17
-1.8388068845354155e-16
-0.9999999999999993
1.97758476261356e-16
2.1467203015212988e-17
-1.1449174941446927e-16
1.7694179454963432e-16
-1.734723475976807e-16
-1.8041124150158794e-16
-2.0469737016526324e-16
-1.3183898417423734e-16
-1.3877787807814457e-16
2.6020852139652106e-18
-9.454242944073599e-17
1.6046192152785466e-16
1.6653345369377348e-16
-4.5102810375396984e-17
3.469446951953614e-17
-1.4224732503009818e-16
1.3530843112619095e-16
-0.9999999999999991
-1.734723475976807e-16
-1.9081958235744878e-16
-3.0184188481996443e-16
-1.2663481374630692e-16
-1.5699247457590104e-16
2.862293735361732e-17
2.0816681711721685e-17
2.220446049250313e-16
1.0408340855860843e-17
0.0
-1.6306400674181987e-16
-1.3617579286417936e-16
0.9999999999999993
-1.5612511283791264e-16
-9.974659986866641e-17
1.491862189340054e-16
-1.2576745200831851e-16
-1.5872719805187785e-16
2.1163626406917047e-16
-1.6306400674181987e-16
-1.5612511283791264e-16
-1.3617579286417936e-16
-4.2500725161431774e-17
-2.0469737016526324e-16
-0.999999999999999
1.214306433183765e-16
-0.9999999999999998
1.3270634591222574e-16
1.6306400674181987e-16
-6.938893903907228e-17
-1.6306400674181987e-16
1.457167719820518e-16
-1.3530843112619095e-16
1.3010426069826053e-16
-1.5265566588595902e-16
-7.19910242530375e-17
-1.6653345369377348e-16
1.9255430583342559e-16
-1.682681771697503e-16
-1.700029006457271e-16
0.999999999999999
1.0408340855860843e-17
0.9999999999999993
-1.5785983631388945e-16
0.707106781186547
-1.7694179454963432e-16
-1.734723475976807e-16
-1.6653345369377348e-16
-1.3942839938163587e-16
-1.3140530330524314e-16
-0.9999999999999992
-6.938893903907228e-18
-4.6867493208183025e-34
2.7755575615628914e-17
-1.8041124150158794e-16
-1.8301332671555315e-16
-0.9999999999999983
-1.7780915628762273e-17
1.3183898417423734e-16
-1.1882855810441129e-16
-2.862293735361732e-17
1.448494102440634e-16
-1.7694179454963432e-16
1.2836953722228372e-16
-3.122502256758253e-17
-1.4311468676808659e-16
-1.2923689896027213e-16
-4.163336342344337e-17
-1.2576745200831851e-16
1.0408340855860843e-17
2.6020852139652106e-17
-1.2750217548429532e-16
-0.9999999999999992
-2.0816681711721676e-17
1.3877787807814457e-17
0.9999999999999997
1.0408340855860843e-16
-1.1449174941446927e-16
0.9999999999999996
-1.5612511283791264e-16
1.6306400674181987e-16
1.6566609195578508e-16
-1.2750217548429532e-16
1.5612511283791264e-16
1.5612511283791264e-16
1.8388068845354155e-16
1.5699247457590104e-16
-2.185751579730777e-16
-1.5352302762394743e-16
-1.3183898417423734e-16
1.2836953722228372e-16
-1.700029006457271e-16
1.700029006457271e-16
-2.0036056147532122e-16
-1.4224732503009818e-16
-1.457167719820518e-16
1.700029006457271e-16
1.700029006457271e-16
-1.734723475976807e-16
-3.469446951953614e-18
1.0408340855860843e-17
-0.9999999999999994
-2.5673907444456745e-16
-1.5612511283791264e-16
1.5612511283791264e-16
-2.3245294578089215e-16
-1.5265566588595902e-16
-1.3617579286417936e-16
-1.0408340855860843e-17
0.9999999999999991
2.5153490401663703e-17
-0.9999999999999997
1.1275702593849249e-17
-4.163336342344337e-17
-4.119968255444917e-18
-1.0408340855860849e-17
-9.020562075079397e-17
-0.9999999999999997
1.9949319973733282e-17
-1.0408340855860843e-17
-6.938893903907212e-18
3.122502256758253e-17
-3.469446951953614e-18
6.071532165918825e-18
-1.6740081543176188e-16
-6.938893903907228e-18
1.457167719820518e-16
1.3227266504323154e-17
1.214306433183765e-17
-1.5785983631388945e-16
0.7071067811865468
3.2959746043559335e-17
0.3535533905932731
0.9999999999999972
-5.204170427930421e-17
-0.7071067811865495
-4.5102810375396984e-17
-1.6653345369377348e-16
1.1275702593849246e-17
5.204170427930421e-18
2.0816681711721685e-17
1.1709383462843448e-16
-0.9999999999999996
-1.5612511283791264e-16
-9.540979117872437e-18
1.6653345369377348e-16
6.5052130349130266e-18
-1.5178830414797062e-16
-4.5102810375396984e-17
2.6020852139652106e-18
-1.4224732503009818e-16
0.7071067811865467
-2.0122792321330962e-16
3.469446951953614e-18
-1.5439038936193583e-16
4.163336342344337e-17
-1.3010426069826053e-16
5.117434254131581e-17
0.9999999999999986
1.7954387976359953e-16
-2.220446049250313e-16
1.7520707107365752e-16
-1.734723475976807e-18
0.9999999999999986
-1.8041124150158794e-16
0.9999999999999997
-0.9999999999999992
-1.3877787807814457e-17
-1.734723475976807e-17
0.0
-0.9999999999999987
-1.214306433183765e-17
-1.700029006457271e-16
1.3183898417423734e-16
6.9388939039072276e-18
-2.0816681711721685e-17
-1.5959455978986625e-16
2.1510571102112408e-16
3.469446951953614e-17
0.9999999999999992
-2.6020852139652106e-18
-0.999999999999999
7.806255641895632e-18
1.1362438767648086e-16
-0.9999999999999998
0.9999999999999991
2.42861286636753e-17
-1.0408340855860843e-17
1.0408340855860843e-17
-1.6219664500383146e-16
-1.6653345369377348e-16
1.5265566588595902e-16
-0.9999999999999998
0.9999999999999999
2.255140518769849e-16
-0.9999999999999997
1.734723475976807e-18
-3.8163916471489756e-17
-1.3877787807814457e-17
1.387778780781445e-17
0.9999999999999999
-0.9999999999999997
1.9949319973733282e-17
0.9999999999999993
1.4745149545802863e-17
3.122502256758253e-17
-0.9999999999999996
-0.9999999999999994
-1.3877787807814457e-17
-1.734723475976807e-16
-0.9999999999999989
-3.469446951953614e-17
-0.9999999999999988
0.9999999999999997
-0.9999999999999986
0.9999999999999996
0.9999999999999998
0.9999999999999996
0.9999999999999998
-0.9999999999999991
-0.9999999999999998
1.0408340855860843e-17
1.734723475976807e-18
-0.9999999999999989
1.3877787807814457e-16
3.469446951953614e-17
-4.0766001685454967e-17
-0.9999999999999994
-0.9999999999999996
-0.999999999999999
-0.9999999999999991
-4.597017211338539e-17
-0.9999999999999997
-0.9999999999999993
-0.9999999999999997
-0.9999999999999991
0.9999999999999992
-3.122502256758253e-17
4.336808689942018e-18
-0.9999999999999989
0.9999999999999989
-0.9999999999999988
-0.9999999999999994
1.0755285551056204e-16
0.9999999999999991
0.9999999999999988
-0.9999999999999994
-0.9999999999999992
0.9999999999999997
-0.9999999999999991
-1.6132928326584306e-16
-0.9999999999999994
-0.9999999999999996
-5.377642775528102e-17
-0.9999999999999988
-8.673617379884037e-19
-0.999999999999999
-0.9999999999999993
-0.9999999999999996
1.0408340855860843e-16
-0.9999999999999997
-0.9999999999999996
0.9999999999999996
-0.9999999999999996
-0.9999999999999996
-0.9999999999999999
-0.9999999999999994
-0.9999999999999996
-0.9999999999999991
-0.9999999999999988
-0.9999999999999992
0.9999999999999997
0.9999999999999996
-6.938893903907228e-18
0.9999999999999998
5.724587470723463e-17
-0.9999999999999996
-0.9999999999999991
0.9999999999999992
-0.9999999999999992
-0.9999999999999992
0.9999999999999989
-0.9999999999999989
-0.9999999999999998
-0.9999999999999991
-0.9999999999999992
-0.9999999999999991
0.9999999999999997
1.3877787807814454e-17
3.469446951953614e-17
-0.9999999999999997
0.9999999999999993
-0.9999999999999983
0.9999999999999997
7.632783294297951e-17
-1.0408340855860843e-17
0.9999999999999999
-0.999999999999999
-0.9999999999999991
-0.9999999999999992
-1.6219664500383146e-16
1.6349768761081407e-16
-7.28583859910259e-17
-0.9999999999999996
0.9999999999999997
-0.9999999999999997
1.4137996329210978e-16
6.591949208711867e-17
-0.9999999999999996
-3.3393426912553537e-17
-0.9999999999999998
-0.9999999999999996
-0.9999999999999997
-0.9999999999999997
-0.9999999999999996
5.551115123125783e-17
1.6653345369377348e-16
-4.5102810375396984e-17
-0.9999999999999993
-0.9999999999999989
-0.9999999999999984
0.9999999999999996
-0.9999999999999999
0.9999999999999988
-0.9999999999999996
-0.9999999999999988
0.9999999999999991
-0.9999999999999996
-0.9999999999999988
-0.9999999999999991
-0.999999999999999
-0.9999999999999988
-2.489328188026718e-16
-0.9999999999999994
-0.9999999999999988
-0.9999999999999993
0.9999999999999993
-0.9999999999999994
-0.9999999999999987
-0.9999999999999992
0.9999999999999996
-0.9999999999999997
1.3877787807814457e-17
-0.999999999999999
7.806255641895632e-18
3.469446951953614e-17
-0.9999999999999998
-0.9999999999999991
-0.9999999999999989
-0.999999999999999
-0.9999999999999992
-0.9999999999999991
-0.9999999999999991
-0.9999999999999988
0.9999999999999997
-0.9999999999999973
-0.9999999999999992
1.3877787807814457e-17
-0.9999999999999993
-0.9999999999999992
-0.9999999999999998
0.9999999999999991
-0.9999999999999991
-0.9999999999999989
-0.9999999999999992
0.9999999999999993
0.9999999999999998
0.9999999999999993
-0.9999999999999992
-0.9999999999999991
-0.9999999999999986
0.9999999999999996
-0.9999999999999997
-0.999999999999999
-0.9999999999999993
0.9999999999999992
3.2959746043559335e-17
0.9999999999999993
-0.9999999999999996
-0.9999999999999997
-0.9999999999999991
-0.9999999999999987
-0.9999999999999991
-0.9999999999999991
0.9999999999999998
0.9999999999999991
-0.9999999999999988
-2.34337466040915e-34
0.9999999999999991
-1.8431436932253575e-18
-0.9999999999999996
-0.9999999999999998
0.9999999999999999
-1.8648277366750676e-17
-0.9999999999999992
-1.8041124150158794e-16
-0.9999999999999991
-0.9999999999999984
0.9999999999999998
-0.9999999999999991
-0.9999999999999991
-0.9999999999999993
0.9999999999999989
-2.0816681711721685e-17
-0.9999999999999998
-0.9999999999999993
-0.9999999999999997
0.9999999999999999
-0.9999999999999998
0.9999999999999992
-0.9999999999999994
-0.9999999999999996
-0.9999999999999988
9.540979117872439e-18
-0.999999999999999
0.9999999999999994
-0.9999999999999996
0.9999999999999996
-0.9999999999999991
-0.9999999999999992
0.999999999999999
-0.9999999999999996
-0.9999999999999996
-0.999999999999999
-0.9999999999999998
-0.9999999999999997
-0.9999999999999994
0.9999999999999988
-0.9999999999999996
-0.9999999999999987
3.469446951953614e-18
1.0408340855860843e-17
-0.9999999999999998
-0.9999999999999991
-0.9999999999999997
0.9999999999999996
-0.9999999999999993
-0.9999999999999998
-0.9999999999999997
-0.9999999999999996
-0.9999999999999996
0.9999999999999994
1.0
-6.938893903907228e-18
-5.204170427930421e-17
-0.9999999999999991
-0.9999999999999984
0.9999999999999994
1.0
-0.9999999999999996
0.9999999999999991
-0.9999999999999996
-0.9999999999999993
-1.734723475976807e-17
-0.9999999999999993
-0.9999999999999998
-0.9999999999999987
3.9898639947466563e-17
-0.9999999999999996
1.3877787807814457e-17
-0.9999999999999992
6.9388939039072276e-18
0.9999999999999998
-0.9999999999999996
-0.9999999999999989
-0.9999999999999996
0.9999999999999996
-0.9999999999999998
-0.9999999999999993
-0.9999999999999996
-0.9999999999999989
0.9999999999999992
6.938893903907228e-18
-8.326672684688674e-17
-0.9999999999999989
0.9999999999999998
0.9999999999999998
