1.0
-1.734723475976807e-17
-7.806255641895632e-18
-2.3418766925686896e-17
-6.938893903907228e-18
-1.3010426069826053e-17
-0.9999999999999997
-2.0816681711721685e-17
1.734723475976807e-18
1.0408340855860843e-17
2.2551405187698492e-17
1.0408340855860843e-17
-6.938893903907228e-18
-1.734723475976807e-17
-6.938893903907228e-18
6.9388939039072276e-18
1.3877787807814457e-17
3.469446951953613e-18
1.7347234759768074e-17
-1.734723475976807e-17
4.163336342344337e-17
6.938893903907228e-18
1.734723475976807e-17
-4.336808689942018e-18
-1.5612511283791264e-17
-1.6566609195578508e-16
1.734723475976807e-17
-1.0408340855860843e-17
-3.8163916471489756e-17
6.071532165918826e-18
-3.469446951953616e-18
8.673617379884035e-19
1.9081958235744878e-17
-1.6479873021779667e-17
4.5102810375396984e-17
2.0816681711721685e-17
3.8163916471489756e-17
8.673617379884035e-18
6.938893903907231e-18
-3.3142282405143226e-49
6.071532165918825e-18
-8.326672684688675e-17
1.0408340855860843e-17
1.9081958235744878e-16
1.3010426069826053e-17
1.3877787807814457e-17
-2.2551405187698492e-17
1.8041124150158794e-16
-7.632783294297951e-17
6.938893903907228e-18
-2.6020852139652106e-17
-2.42861286636753e-16
-2.6020852139652106e-18
1.9949319973733282e-17
-3.122502256758253e-17
2.0816681711721685e-17
-4.163336342344337e-17
6.938893903907228e-18
9.71445146547012e-17
6.938893903907228e-18
2.0816681711721685e-17
-1.3877787807814457e-17
3.469446951953614e-18
1.7347234759768068e-17
1.6132928326584306e-16
-2.42861286636753e-17
1.5612511283791264e-17
-3.382710778154774e-17
-0.9999999999999998
3.469446951953614e-18
0.0
-1.0408340855860843e-17
8.673617379884035e-19
-2.688821387764051e-17
-3.469446951953613e-18
-1.5612511283791264e-17
8.673617379884035e-19
3.122502256758253e-17
-2.42861286636753e-17
-2.42861286636753e-17
3.4694469519536088e-18
4.85722573273506e-17
-1.474514954580286e-17
-4.23704587765192e-33
-4.70693234150351e-34
-1.3877787807814457e-17
8.673617379884035e-18
-1.0408340855860843e-17
-3.4694469519536134e-18
-1.3877787807814457e-17
1.5612511283791264e-16
-7.806255641895632e-18
2.42861286636753e-17
-1.0408340855860843e-17
4.336808689942018e-18
2.0816681711721685e-17
9.540979117872439e-18
-4.618537419039314e-48
-2.2551405187698492e-17
8.847089727481716e-17
-6.93889390390723e-18
9.540979117872439e-18
2.3418766925686896e-17
1.0061396160665481e-16
3.209238430557093e-17
1.1015494072452725e-16
1.734723475976807e-17
-2.60208521396521e-18
-7.806255641895632e-18
-3.8163916471489756e-17
-1.491862189340054e-16
1.0408340855860836e-17
1.1275702593849246e-17
-2.0816681711721697e-17
6.071532165918825e-18
1.3877787807814463e-17
4.683753385137379e-17
0.0
-8.673617379884035e-19
2.42861286636753e-17
-9.71445146547012e-17
-5.551115123125783e-17
6.938893903907228e-18
-4.163336342344337e-17
4.5102810375396984e-17
-2.168404344971009e-17
6.938893903907228e-18
6.938893903907228e-18
-1.734723475976807e-17
-1.0408340855860841e-17
1.0408340855860843e-17
-2.0816681711721685e-17
4.336808689942018e-18
7.806255641895632e-18
-4.336808689942018e-18
-3.122502256758253e-17
5.360036038088729e-34
6.938893903907228e-18
-1.474514954580286e-17
8.6736173798840345e-19
1.734723475976807e-18
-2.7755575615628914e-17
-5.204170427930421e-18
-3.469446951953614e-17
-6.071532165918825e-18
7.806255641895632e-18
-1.214306433183765e-17
-2.42861286636753e-17
1.9949319973733282e-17
1.8214596497756474e-17
8.673617379884035e-19
1.5612511283791264e-16
-2.0816681711721685e-17
1.0408340855860843e-17
-3.469446951953614e-18
-2.2551405187698492e-17
6.9388939039072276e-18
-2.42861286636753e-17
1.734723475976807e-18
8.673617379884034e-18
1.249000902703301e-16
5.204170427930421e-18
-3.469446951953614e-18
1.0408340855860843e-17
2.42861286636753e-17
-3.122502256758253e-17
1.0408340855860843e-17
-6.938893903907224e-18
-3.122502256758253e-17
3.4694469519536138e-18
1.0408340855860843e-17
-3.469446951953609e-18
1.8214596497756474e-17
1.734723475976807e-17
-5.204170427930421e-18
5.4643789493269423e-17
-2.42861286636753e-17
-2.7755575615628907e-17
3.4694469519536134e-18
-1.0408340855860843e-16
3.8163916471489756e-17
-2.6020852139652106e-17
-6.9388939039072276e-18
-1.3877787807814457e-17
-6.938893903907223e-18
1.457167719820518e-16
1.0408340855860841e-17
-2.7755575615628914e-17
5.2909066017292616e-17
3.122502256758253e-17
-1.6479873021779667e-17
3.469446951953614e-18
-1.0408340855860843e-17
4.2370458776519216e-33
0.0
1.7347234759768075e-18
-6.071532165918825e-18
1.8214596497756474e-17
-3.469446951953614e-18
-5.204170427930421e-18
8.673617379884034e-19
-5.204170427930421e-18
1.3010426069826053e-17
-0.9999999999999999
2.42861286636753e-17
-6.938893903907227e-18
-6.938893903907228e-18
1.1275702593849246e-17
-1.3010426069826053e-17
-1.9081958235744878e-17
-1.040834085586084e-17
-1.8214596497756474e-17
-1.734723475976807e-18
5.204170427930421e-18
-6.071532165918825e-18
-3.382710778154774e-17
1.6479873021779667e-17
-5.898059818321144e-17
-2.0816681711721676e-17
-3.469446951953614e-18
6.938893903907228e-18
-2.42861286636753e-17
-2.42861286636753e-17
-1.734723475976807e-18
3.4694469519536134e-18
3.2959746043559335e-17
4.0766001685454967e-17
-1.0408340855860843e-17
1.0408340855860843e-17
4.1633363423443376e-17
4.5680650868434744e-33
-8.326672684688674e-17
1.0408340855860843e-17
-1.3010426069826053e-17
-7.979727989493313e-17
-1.0408340855860841e-17
-1.0408340855860843e-17
1.5178830414797062e-16
-0.9999999999999999
3.8163916471489756e-17
-1.1194467801750812e-33
2.7755575615628914e-17
4.163336342344337e-17
-2.7755575615628914e-17
-1.9949319973733282e-17
-6.93889390390723e-18
-2.3418766925686896e-17
-1.3877787807814457e-17
-2.42861286636753e-17
-1.734723475976807e-17
-2.6020852139652106e-17
-5.136137547315454e-33
1.5612511283791264e-17
6.0715321659188256e-18
1.6747525834382835e-33
5.620504062164855e-16
-1.1275702593849246e-17
1.734723475976807e-17
-5.204170427930421e-18
-7.80625564189563e-18
2.688821387764051e-17
-0.9999999999999998
-8.673617379884035e-18
3.469446951953614e-17
-2.168404344971009e-17
2.6020852139652106e-18
3.122502256758253e-17
-8.673617379884035e-18
1.0408340855860843e-17
-4.85722573273506e-17
-5.204170427930421e-17
2.0816681711721685e-17
1.3877787807814457e-17
9.020562075079397e-17
-4.336808689942018e-18
-6.9388939039072276e-18
8.070001136845306e-34
-1.3877787807814457e-17
2.9811590729071573e-33
1.0408340855860843e-17
-9.367506770274758e-17
2.7755575615628914e-17
-1.5612511283791264e-17
-2.7755575615628914e-17
3.469446951953614e-18
3.469446951953614e-17
1.3877787807814457e-17
3.469446951953614e-18
6.938893903907227e-18
-6.057258609363642e-33
2.949029909160572e-17
-6.071532165918825e-18
1.3877787807814457e-17
9.629649721936177e-35
-1.6479873021779667e-17
5.204170427930421e-18
1.1275702593849246e-17
1.7347234759767984e-18
6.071532165918824e-18
4.163336342344337e-17
1.3877787807814455e-17
1.9081958235744878e-17
-4.5102810375396984e-17
8.673617379884035e-19
6.938893903907228e-18
1.1275702593849246e-17
-3.469446951953614e-18
7.806255641895632e-18
0.0
1.734723475976807e-18
-1.0755285551056204e-16
-2.0816681711721685e-17
-4.857225732735059e-17
-3.469446951953614e-18
-9.71445146547012e-17
-1.3877787807814457e-17
5.204170427930421e-17
-3.469446951953614e-17
3.469446951953614e-17
3.0357660829594124e-17
2.42861286636753e-17
-1.249000902703301e-16
3.469446951953614e-18
2.862293735361732e-17
5.551115123125783e-17
6.9388939039072276e-18
-3.4694469519536138e-18
-1.4224732503009818e-16
-3.4694469519536138e-18
-1.7347234759768065e-18
-2.2898349882893854e-16
0.9999999999999998
-4.2500725161431774e-17
-3.469446951953625e-18
-6.071532165918825e-18
5.204170427930421e-18
3.469446951953614e-18
-1.0408340855860843e-17
-1.8214596497756474e-17
6.93889390390723e-18
3.469446951953614e-18
2.6020852139652106e-18
-3.469446951953614e-18
6.938893903907228e-18
6.938893903907228e-18
-3.469446951953614e-17
6.938893903907228e-18
2.0816681711721676e-17
1.9081958235744878e-17
-2.60208521396521e-18
6.938893903907228e-18
1.1796119636642288e-16
-6.93889390390723e-18
-4.163336342344337e-17
1.97758476261356e-16
-5.20417042793042e-18
-1.7954387976359953e-16
-1.249000902703301e-16
1.734723475976807e-17
-1.734723475976807e-17
1.734723475976807e-16
3.469446951953614e-17
-3.469446951953614e-18
1.8214596497756474e-17
-4.96587000896896e-34
2.498001805406602e-16
-1.734723475976807e-18
1.249000902703301e-16
2.862293735361732e-17
1.734723475976807e-17
6.938893903907231e-18
9.540979117872439e-18
-6.938893903907228e-17
1.0408340855860843e-17
1.734723475976807e-18
-1.3877787807814457e-16
2.0816681711721685e-17
1.5612511283791264e-17
-6.591949208711867e-17
6.938893903907228e-18
2.42861286636753e-17
1.5612511283791264e-17
2.0816681711721682e-17
1.0408340855860843e-17
1.7347234759768061e-18
2.775557561562891e-17
1.2061180568978335e-32
3.8163916471489756e-17
-8.326672684688674e-17
2.7755575615628914e-17
6.938893903907228e-18
2.42861286636753e-17
1.5612511283791264e-17
1.0408340855860841e-17
-2.0816681711721685e-17
-9.71445146547012e-17
-1.734723475976807e-18
-5.898059818321144e-17
1.6479873021779667e-17
-1.457167719820518e-16
5.204170427930421e-18
-7.28583859910259e-17
8.673617379884035e-18
-6.938893903907228e-18
-1.8214596497756474e-17
-2.6020852139652106e-18
-2.3418766925686896e-17
3.209238430557093e-17
-1.734723475976807e-17
2.42861286636753e-17
8.673617379884035e-18
-1.1102230246251565e-16
-1.734723475976807e-17
2.775557561562891e-17
-1.3877787807814457e-17
-2.688821387764051e-17
-1.2836953722228372e-16
-2.42861286636753e-17
-6.9388939039072276e-18
1.734723475976807e-18
-1.7347234759768068e-17
-6.071532165918825e-18
-1.3010426069826052e-17
-8.673617379884035e-19
4.163336342344337e-17
-1.1275702593849246e-17
1.3877787807814457e-17
-1.3877787807814457e-17
-3.122502256758252e-17
1.734723475976807e-18
-3.122502256758253e-17
1.0408340855860843e-17
-1.3877787807814457e-17
2.168404344971009e-17
-3.469446951953614e-18
-3.4694469519536115e-18
-2.5153490401663703e-17
3.122502256758253e-17
3.469446951953616e-18
-3.469446951953614e-18
1.3877787807814457e-17
-5.898059818321144e-17
-7.806255641895632e-18
-1.1431665664537431e-33
-1.3877787807814457e-17
-1.3010426069826053e-17
1.734723475976807e-17
-8.673617379884035e-17
8.673617379884035e-18
3.469446951953614e-18
-1.0408340855860843e-17
-1.1275702593849246e-17
-6.938893903907228e-18
2.0816681711721685e-17
-6.071532165918825e-18
-6.938893903907231e-18
3.469446951953614e-18
-1.3010426069826052e-17
-1.9081958235744878e-17
2.949029909160572e-17
2.7755575615628904e-17
2.7755575615628914e-17
-2.688821387764051e-17
-5.551115123125783e-17
2.7755575615628914e-17
4.163336342344337e-17
6.245004513516506e-17
2.7755575615628914e-17
3.469446951953614e-18
3.729655473350135e-17
-5.204170427930421e-18
9.71445146547012e-17
1.3877787807814457e-17
1.6479873021779667e-17
2.498001805406602e-16
1.387778780781446e-17
-1.0408340855860844e-17
3.729655473350135e-17
-1.5439038936193583e-16
-1.1102230246251565e-16
3.469446951953614e-18
-6.938893903907228e-17
1.7347234759768075e-18
-6.938893903907228e-18
-0.9999999999999998
-3.469446951953614e-17
6.938893903907228e-18
-5.204170427930421e-17
-2.1423834928313568e-16
2.7755575615628914e-17
-1.734723475976807e-17
-1.474514954580286e-17
-4.423544863740858e-17
3.469446951953614e-17
3.122502256758253e-17
-4.5102810375396984e-17
-1.0408340855860841e-17
1.5612511283791264e-17
1.1275702593849245e-17
1.734723475976807e-18
1.3877787807814457e-17
4.5102810375396984e-17
1.734723475976807e-16
1.5612511283791264e-16
-1.734723475976807e-18
-1.5612511283791264e-17
-1.7347234759768074e-17
-3.4694469519536115e-18
-1.9081958235744878e-17
-4.8572257327350586e-17
3.469446951953614e-18
2.983724378680108e-16
-1.214306433183765e-17
-5.551115123125783e-17
-1.5612511283791264e-16
5.204170427930421e-18
-1.734723475976807e-17
-0.9999999999999999
1.491862189340054e-16
2.7755575615628914e-17
6.938893903907228e-18
-6.938893903907228e-18
1.1102230246251565e-16
-5.204170427930421e-18
-1.6306400674181987e-16
-0.9999999999999999
1.5612511283791264e-17
3.469446951953614e-18
-1.7347234759768086e-18
1.700029006457271e-16
-2.5153490401663703e-17
-1.040834085586085e-17
5.085658759397546e-34
8.67361737988404e-19
-0.9999999999999999
0.0
4.597017211338539e-17
-3.469446951953614e-18
2.0816681711721685e-17
1.0408340855860841e-17
4.85722573273506e-17
-2.42861286636753e-17
-1.3010426069826053e-17
0.0
-0.9999999999999998
2.949029909160572e-17
2.775557561562892e-17
-8.673617379884035e-18
-3.469446951953614e-17
1.734723475976807e-17
1.1449174941446927e-16
-2.575931300617927e-33
-0.9999999999999999
1.0408340855860844e-17
-0.9999999999999998
-0.9999999999999997
-3.469446951953614e-17
-0.9999999999999998
4.163336342344338e-17
1.6653345369377348e-16
-0.9999999999999999
-6.071532165918825e-18
-0.9999999999999998
-0.9999999999999998
2.168404344971009e-17
-1.1275702593849246e-17
-0.9999999999999998
-0.9999999999999999
-0.9999999999999999
1.9385743760286366e-35
0.9999999999999996
-0.9999999999999998
-1.3877787807814457e-17
-9.71445146547012e-17
-1.0
-1.6306400674181987e-16
-0.9999999999999998
-0.9999999999999998
0.9999999999999998
-1.0408340855860843e-17
-0.9999999999999999
-2.0122792321330962e-16
-0.9999999999999999
-0.9999999999999999
-0.9999999999999998
-8.673617379884037e-18
-1.0
-1.0
0.9999999999999998
2.0816681711721685e-17
9.540979117872439e-18
-0.9999999999999998
2.7755575615628914e-17
-0.9999999999999998
-0.9999999999999998
-0.9999999999999999
-0.9999999999999999
-6.505213034913027e-17
-0.9999999999999999
-0.9999999999999997
-0.9999999999999994
-1.3877787807814463e-17
-0.9999999999999999
-0.9999999999999998
0.9999999999999998
-0.9999999999999999
-0.9999999999999998
-0.9999999999999996
-0.9999999999999999
-0.9999999999999996
-0.9999999999999999
-6.9388939039072276e-18
-8.673617379884035e-18
9.54097911787244e-18
-5.551115123125783e-17
-0.9999999999999998
1.0061396160665481e-16
-0.9999999999999998
-0.9999999999999997
0.9999999999999998
-1.0
-6.245004513516506e-17
2.0816681711721685e-16
-1.734723475976807e-17
-0.9999999999999999
-0.9999999999999999
-0.9999999999999999
0.9999999999999999
-1.0
-0.9999999999999997
-0.9999999999999998
-0.9999999999999999
-1.0
-0.9999999999999999
-1.465841337200402e-16
-1.0
-0.9999999999999999
-0.9999999999999998
-0.9999999999999998
-1.0
4.597017211338539e-17
-0.9999999999999998
-1.0
-0.9999999999999998
-0.9999999999999999
-0.9999999999999999
-1.6653345369377348e-16
-0.9999999999999998
6.938893903907228e-18
-0.9999999999999999
-0.9999999999999999
-1.700029006457271e-16
-1.97758476261356e-16
-0.9999999999999998
-0.9999999999999999
-0.9999999999999999
-0.9999999999999999
-0.9999999999999996
-1.491862189340054e-16
-8.673617379884035e-19
-0.9999999999999999
-0.9999999999999999
-0.9999999999999998
-1.0408340855860843e-16
-0.9999999999999998
-0.9999999999999999
-0.9999999999999999
-6.9388939039072276e-18
5.447031714567174e-16
1.0408340855860843e-17
-0.9999999999999998
-1.0408340855860846e-17
-1.0
-3.469446951953614e-17
-2.168404344971009e-17
2.5410003976073292e-33
-0.9999999999999997
-0.9999999999999997
-0.9999999999999998
-0.9999999999999999
-2.775557561562892e-17
-1.0
-1.0061396160665481e-16
-2.42861286636753e-17
-1.387778780781446e-17
-0.9999999999999999
-0.9999999999999999
4.163336342344336e-17
-0.9999999999999999
-0.9999999999999999
-0.9999999999999999
-1.734723475976807e-18
-0.9999999999999999
-0.9999999999999999
-0.9999999999999999
-0.9999999999999999
-9.540979117872439e-18
-9.540979117872439e-18
-0.9999999999999999
6.018531076210113e-34
-6.938893903907228e-18
-2.5153490401663703e-17
-0.9999999999999999
1.214306433183765e-17
-0.9999999999999997
6.938893903907228e-18
-0.9999999999999999
4.336808689942018e-18
7.632783294297951e-17
3.209238430557093e-17
7.806255641895632e-18
-1.387778780781446e-17
1.0
-0.9999999999999999
-0.9999999999999999
-1.3877787807814457e-17
2.949029909160572e-17
-1.0
-1.0
-0.9999999999999999
-3.122502256758253e-17
-0.9999999999999999
0.0
-0.9999999999999999
1.6566609195578508e-16
-2.7755575615628914e-17
-0.9999999999999999
-1.3964523981613297e-16
-0.9999999999999999
-1.734723475976807e-18
3.469446951953614e-17
-0.9999999999999999
-1.0
-1.3877787807814457e-17
-5.204170427930421e-18
-9.020562075079397e-17
-1.3877787807814457e-16
1.734723475976807e-17
6.93889390390722e-18
-0.9999999999999999
4.163336342344337e-17
1.9081958235744878e-16
2.6020852139652114e-18
-6.938893903907228e-18
-0.9999999999999999
-3.4694469519536107e-18
2.7755575615628914e-17
1.734723475976807e-17
2.3418766925686896e-17
6.938893903907228e-18
7.28583859910259e-17
-1.0408340855860843e-17
4.423544863740858e-17
1.0408340855860843e-17
-4.336808689942018e-17
-0.9999999999999999
-0.9999999999999999
-0.9999999999999999
-0.9999999999999999
9.627715291671279e-17
8.673617379884037e-18
0.9999999999999999
1.0408340855860843e-17
6.938893903907228e-18
1.2836953722228372e-16
-2.0816681711721685e-17
-2.6020852139652106e-18
-0.9999999999999999
-1.3877787807814457e-17
-0.9999999999999999
-1.0
-1.0
0.9999999999999999
-1.9081958235744878e-17
-3.0357660829594124e-17
-0.9999999999999999
-0.9999999999999999
3.4694469519536126e-18
-3.122502256758253e-17
6.938893903907228e-18
8.673617379884035e-19
-1.457167719820518e-16
2.7755575615628914e-17
-6.938893903907228e-17
2.2551405187698492e-17
4.85722573273506e-17
-3.469446951953614e-18
-0.9999999999999997
3.122502256758253e-17
2.42861286636753e-17
-0.9999999999999999
6.938893903907228e-18
-2.0816681711721685e-17
-2.407412430484064e-35
1.0408340855860843e-17
-0.9999999999999999
1.8041124150158794e-16
-3.469446951953614e-18
3.122502256758253e-17
-8.673617379884037e-18
-0.9999999999999999
-0.9999999999999999
-3.469446951953615e-18
6.158268339717665e-17
1.3877787807814457e-17
-1.1275702593849246e-17
-0.9999999999999999
-0.9999999999999998
-0.9999999999999999
-2.3418766925686896e-17
1.6306400674181987e-16
4.686749320818366e-34
3.8163916471489756e-17
-0.9999999999999998
-0.9999999999999999
-0.9999999999999998
6.938893903907228e-17
2.3433746604091525e-34
-4.163336342344337e-17
-0.9999999999999999
-0.9999999999999999
-0.9999999999999999
2.7755575615628914e-17
1.3877787807814457e-17
6.591949208711867e-17
-1.1275702593849246e-17
-3.5561831257524545e-17
1.474514954580286e-17
-8.67361737988404e-19
-3.469446951953613e-18
-0.9999999999999999
-6.591949208711867e-17
-0.9999999999999997
-4.336808689942018e-18
1.734723475976807e-17
-4.336808689942018e-18
-1.0
6.938893903907228e-17
3.122502256758253e-17
-1.734723475976807e-17
-1.0
-8.673617379884035e-18
-3.122502256758253e-17
-0.9999999999999999
2.92921832551144e-34
-1.3010426069826053e-17
-1.8388068845354155e-16
-0.9999999999999999
1.734723475976807e-18
5.551115123125783e-17
-1.0408340855860843e-16
-0.9999999999999999
-0.9999999999999998
9.71445146547012e-17
2.6020852139652106e-18
2.0816681711721685e-17
6.938893903907228e-18
-0.9999999999999999
3.122502256758253e-17
3.469446951953614e-17
-9.714451465470118e-17
-3.469446951953614e-18
-5.160826617288644e-33
-0.9999999999999999
-0.9999999999999999
-6.938893903907228e-18
6.938893903907228e-18
1.0982809598095415e-66
-2.688821387764051e-17
-2.7755575615628907e-17
-0.9999999999999999
-0.9999999999999999
-0.9999999999999999
-1.0408340855860843e-17
-0.9999999999999999
-0.9999999999999999
3.469446951953605e-18
-0.9999999999999999
1.3877787807814457e-17
2.0816681711721685e-17
-2.688821387764051e-17
5.777789833161699e-34
-0.9999999999999999
-1.0
1.3877787807814455e-17
-3.469446951953614e-18
3.9898639947466563e-17
-0.9999999999999999
-5.2041704279304207e-17
-0.9999999999999999
-0.9999999999999998
-0.9999999999999999
3.469446951953615e-18
1.942890293094024e-16
-6.938893903907228e-18
-0.9999999999999999
-0.9999999999999999
-1.3877787807814455e-17
-0.9999999999999998
-0.9999999999999999
2.463307335887066e-16
-6.9388939039072276e-18
3.122502256758253e-17
1.7852755480750549e-34
-7.806255641895632e-18
1.9081958235744878e-17
-8.673617379884035e-18
-0.9999999999999999
-0.9999999999999997
-9.540979117872437e-18
2.5153490401663703e-17
-0.9999999999999998
-0.9999999999999999
-2.2551405187698492e-17
8.265444998521227e-34
-2.1163626406917047e-16
-1.2923689896027213e-16
-1.0
3.608224830031759e-16
-0.9999999999999999
-4.5102810375396984e-17
-0.9999999999999999
-0.9999999999999996
3.4694469519536165e-18
-1.734723475976807e-17
-0.9999999999999998
-0.9999999999999999
6.9388939039072276e-18
-1.0408340855860843e-17
-8.673617379884035e-19
-0.9999999999999999
-0.9999999999999999
-0.9999999999999997
-1.0
-0.9999999999999999
5.204170427930421e-17
-6.008777199664011e-34
-1.0408340855860843e-17
-0.9999999999999998
-0.9999999999999999
-0.9999999999999999
-2.0816681711721685e-17
1.7347234759768036e-18
-0.9999999999999999
2.0816681711721685e-17
-9.020562075079397e-17
1.0408340855860843e-17
-0.9999999999999999
1.3877787807814457e-17
8.673617379884039e-18
-0.9999999999999999
-7.28583859910259e-17
-0.9999999999999998
-2.7755575615628914e-17
-1.5178830414797062e-16
-0.9999999999999999
0.0
-1.0
6.938893903907228e-18
2.4286128663675296e-17
2.0816681711721685e-17
9.540979117872439e-18
6.952965104668521e-34
-0.9999999999999999
-0.9999999999999998
2.0816681711721685e-17
0.0
-0.9999999999999999
-5.204170427930421e-18
1.6479873021779667e-17
-8.673617379884035e-19
0.9999999999999999
-6.245004513516506e-17
-3.469446951953614e-18
-0.9999999999999998
-9.540979117872439e-18
4.0766001685454967e-17
-0.9999999999999999
2.7755575615628914e-17
8.673617379884045e-19
-2.168404344971009e-17
1.3270634591222574e-16
1.3877787807814455e-17
-0.9999999999999999
6.071532165918825e-18
-1.2836953722228372e-16
-5.20417042793042e-18
1.1275702593849246e-17
-2.3418766925686896e-17
0.0
-0.9999999999999999
-0.9999999999999999
-2.42861286636753e-17
-8.673617379884035e-18
-3.382710778154774e-17
-6.938893903907228e-18
1.9081958235744878e-17
-1.249000902703301e-16
-2.42861286636753e-17
-4.163336342344337e-17
