-1.6586209592461092
-1.5496747199984129
-1.6480378362708454
-1.6592362332587813
-1.6325049712818795
-1.578726742575964
-1.6847897084936185
-1.6405124755961598
-1.6339176418581116
-1.569296369003031
-1.5794553593539935
-1.5606285578210493
-1.7217250808709115
-1.566270164428628
-1.6606972068362345
-1.59488130302125
-1.5548944326170038
-1.6453497466289362
-1.6276649834297434
-1.5985903576759442
-1.6863306026926108
-1.589308502809069
-1.5288565677679204
-1.5949042535677935
-1.3773568618265952
-1.6002679698155018
-1.8292730448623895
-1.6582313043292147
-1.6081094224367565
-1.5875076193611528
-1.6235582396394719
-1.7286244339155705
-1.6454344125051008
-1.6192363400207277
-1.6001192816025605
-1.5983973091989447
-1.6136989728919435
-1.6291901278611867
-1.6712598064907047
-1.6081652857566011
-1.6952813361723327
-1.5906989366000042
-1.5985292807707363
-1.614527132750467
-1.4858578909568418
-1.6292122928260502
-1.5948527960144931
-1.6287251710682658
-1.6034211598514854
-1.680304128549216
-1.6606023880160812
-1.540975815649443
-1.642138425898167
-1.5442863667608195
-1.6117094727576486
-1.5251527298873233
-1.630984052224386
-1.664818936078449
-1.5899327645246326
-1.7201010885041441
-1.6695410947293279
-1.6035061370538073
-1.600389695382531
-1.6087836850680417
-1.5901565936178084
-1.5735312292043846
-1.5689973638962993
-1.6703800048946433
-1.6541142265764854
-1.6488984769389101
-1.6522483461965003
-1.5331360602812003
-1.5393627300205903
-1.6501487950591274
-1.6709516775198938
-1.7475383711359354
-1.6109858511794661
-1.622630749051118
-1.6015504923942134
-1.7780204078024695
-1.6341846749637385
-1.546591359345919
-1.65358550865975
-1.63004406809646
-1.7515599445086563
-1.6287896902898265
-1.620509017181113
-1.5850257786632251
-1.5924266784555308
-1.6615259789990853
-1.6720342285412586
-1.5987559926419332
-1.5298073211242689
-1.6240255972337045
-1.6225917582467093
-1.7944431149308993
-1.71534610765258
-1.7186278961904644
-1.57210237859424
-1.711784435075816
-1.6658978797474304
-1.6847888833115676
-1.6727338699268461
-1.603007885917352
-1.706719658653727
-1.6239325296370162
-1.6861922515651606
-1.5828085109661427
-1.65754075105434
-1.5935866117847015
-1.622918310829372
-1.68395443683929
-1.5384683437480584
-1.5675804519105567
-1.5982720178947107
-1.5764437553984316
-1.3075498057381778
-1.7074014714519605
-1.5065078152421731
-1.5880428215885432
-1.6096110862793145
-1.5698579878643306
-1.6134590527000867
-1.639099988877342
-1.705639135784111
-1.5590545452195101
-1.7019075990160828
-1.5803182184684068
-1.5892139515685384
-1.6995421324499178
-1.4766957967253171
-1.619947042037952
-1.59622766294405
-1.627555179415242
-1.6765601833339592
-1.667978274861255
-1.7565011590046227
-1.733610091705663
-1.6065286509497474
-1.5944265822110446
-1.632886969798082
-1.5733791836533908
-1.6015174660276188
-1.5925451939685955
-1.5814544643221662
-1.6151267723948834
-1.573853392258751
-1.6202741387676844
-1.6059639901867462
-1.5858288200356736
-1.5352743342796986
-1.704489227918522
-1.6491846860743573
-1.6620562689072529
-1.5865192922776488
-1.5053445687104126
-1.565465429776224
-1.6023763505914477
-1.5199390059899538
-1.6728205890368737
-1.591790238290673
-1.5566264450773737
-1.6455258711063805
-1.5618239587614797
-1.5620734153992715
-1.512650379046962
-1.6332846542492678
-1.6554111203914
-1.6137926547392185
-1.6317298267198639
-1.6132617111368528
-1.6578125545532874
-1.6069487618661016
-1.5835974067640919
-1.6078384562510328
-1.7130584571070626
-1.683843403699147
-1.7135215718008754
-1.6588496872509078
-1.5628817736673308
-1.5700520100693347
-1.5892022682478701
-1.6243528721614053
-1.5985424742262733
-1.601670173093757
-1.6387899840532243
-1.561194748522144
-1.5960199908217418
-1.6192059516499249
-1.6647298675829019
-1.6367742760268515
-1.6298371604330621
-1.6061269506502602
-1.5871701351385887
-1.52800333422417
-1.5803454668606518
-1.723280242840545
-1.655144638525975
-1.6447578117199473
-1.5927815690542568
-1.6605272368049737
-1.5761781997799198
-1.6431933593274124
-1.6093961345330272
-1.4386073829030197
-1.6089288122009981
-1.650781208184505
-1.4366927006310926
-1.589966872912529
-1.581189393726257
-1.6403370022910193
-1.7987523461548014
-1.5857751778584452
-1.6287727282584255
-1.6404828324437366
-1.4917103846341595
-1.594449299725834
-1.6162027770609548
-1.5628720639988156
-1.7060598413172259
-1.6190954362305552
-1.6446060165526026
-1.6484089395392776
-1.6227016507369496
-1.6305114364273294
-1.6152734634683341
-1.7409795888525994
-1.5934295328127006
-1.6156105270505547
-1.5505440325670123
-1.6263694103041737
-1.6926146012777865
-1.6701437726507675
-1.5742279359067146
-1.6385256275471631
-1.6636634790578355
-1.584650442523306
-1.6035026435827675
-1.589351653537235
-1.5895554799127596
-1.6124769977215636
-1.578112500747669
-1.6011230151056937
-1.6098655896910015
-1.5667773207977478
-1.6975702722585633
-1.596103162168668
-1.670822926489212
-1.5372666080735744
-1.5972381035901473
-1.5226313883673515
-1.5761636166140083
-1.7220463082592086
-1.6656066200855013
-1.6211958826417103
-1.5833383257955198
-1.6470161122476537
-1.5966558537240054
-1.5962061625834374
-1.5866594440977027
-1.4909124486636918
-1.6796449851276232
-1.678275607604797
-1.5596475860896346
-1.6127352413962646
-1.5907028431231431
-1.590618626722471
-1.5245132668025851
-1.7234515819273295
-1.5425348668492214
-1.5381357570476877
-1.6721324994224038
-1.628089404211214
-1.3532111404460276
-1.6557397756731682
-1.5675301214653738
-1.6143614544579492
-1.676205907248452
-1.6157067450655909
-1.635907676631578
-1.5821498382107606
-1.654846787819699
-1.677077118513191
-1.5711177102267446
-1.615810617482588
-1.673619522168393
-1.583974443352517
-1.6484551731456696
-1.7637639458572871
-1.6132617111368528
-1.6074487189819797
-1.6939883767627355
-1.6157153307120635
-1.5343384306576708
-1.6533638501760284
-1.6191465984844693
-1.6890179461196841
-1.6136661065238516
-1.6817136858248585
-1.619064317961403
-1.6230692803402529
-1.676754149737745
-1.7809433372891987
-1.6584420301537275
-1.6631716821224827
-1.6080827476674373
-1.6302089669311115
-1.6472244484541791
-1.597672533616923
-1.603328154268998
-1.567894362530788
-1.3896980683715072
-1.6193435666367182
-1.6143466348168034
-1.6825862405837333
-1.6353316270939227
-1.6708203019665255
-1.648491993140841
-1.7220267012133474
-1.6775158733920292
-1.720859184771108
-1.6108350166366137
-1.6507398487632174
-1.624013049435049
-1.6157333577591892
-1.6098364860399208
-1.4856619267403581
-1.620409127897567
-1.5543599905224696
-1.619280190784248
-1.6257777214563145
-1.6106450798978036
-1.5129216151490321
-1.721646038428308
-1.4617059067565663
-1.6916785493598872
-1.4671078385087664
-1.580588705171637
-1.5761813541556522
-1.6161570421831628
-1.6565664705428045
-1.709893617834293
-1.6002255382635355
-1.5634921896060572
-1.6122854522177479
-1.5306418263117996
-1.6606272600625465
-1.5479842427964023
-1.676551243151419
-1.5974687655924025
-1.3889878968047702
-1.5845565486226745
-1.673643577039685
-1.507380468488884
-1.6535309138026077
-1.6732058464256268
-1.639103326298659
-1.6243624764887896
-1.55056853304923
-1.6482838309276353
-1.7022188368806659
-1.6738344346526475
-1.649973110982783
-1.6596380779555044
-1.5463032781721422
-1.625205946441427
-1.6945283415067052
-1.5281962689020037
-1.616172050614008
-1.6477372496949814
-1.5558100266257564
-1.6271348976757904
-1.5781807408310264
-1.6089136638415593
-1.6600692890324795
-1.6466692125218978
-1.558748848503165
-1.6312081868492816
-1.6425262081155374
-1.6193095102751542
-1.652935018620433
-1.6696491110021063
-1.6487077514583162
-1.619785073584639
-1.5486554596387625
-1.605660823526333
-1.6365542744655932
-1.675309081568618
-1.699509124262869
-1.6305805040835526
-1.645429812617572
-1.644153771173715
-1.6736350776125515
-1.7103895068872197
-1.5597619386712032
-1.5606247234955686
-1.6124766208136683
-1.6386203504473618
-1.588533029497986
-1.581214249371347
-1.53829005241271
-1.6087385989791454
-1.6647789861895808
-1.7505334686636889
-1.7185465936279567
-1.6352740508598875
-1.675242882182774
-1.646814672762641
-1.5604098177469703
-1.6297428724327956
-1.565201275769222
-1.5649281036166567
-1.6311029456505135
-1.6052882140964104
-1.6300690300525007
-1.6204577257571338
-1.6604898126972516
-1.4812711098340303
-1.6503197489391443
-1.6199406266517986
-1.5934626712280242
-1.7675733901821817
-1.5813786135157555
-1.6022318058057956
-1.6080114944326918
-1.6503548084297475
-1.649382777751242
-1.666949478361797
-1.5827814603859742
-1.6275679060787906
-1.6437272550784507
-1.6156402073263063
-1.58801046432247
-1.622432481669489
-1.641770110152308
-1.6510615092431296
-1.374887722393185
-1.6250815865231747
-1.5802247260518607
-1.6450323038555472
-1.6636194144172234
-1.5394492935308963
-1.6241603191575704
-1.5313587756348581
-1.6060840652617894
-1.5726602162988323
-1.525611615737891
-1.6751253366083507
-1.6600763338991318
-1.6708357979419808
-1.7356560147670175
-1.6718597463498621
-1.6160843595148748
-1.679086130075807
-1.6508075691807471
-1.6141083222046597
-1.7413396209732865
-1.7309123753488922
-1.6122975503220571
-1.580993224673847
-1.607704261172497
-1.5915858956282398
-1.6769080147032651
-1.626072287053715
-1.653938474682193
-1.7017395239316724
-1.5896267940750397
-1.6304493109827836
-1.5257960321541173
-1.610536555279984
-1.6271173931026894
-1.6338476283717724
-1.6584207153882404
-1.6694094959836725
-1.527771495616229
-1.6969669405308248
-1.6796092379788707
-1.6002725965984654
-1.599173322315198
-1.6010515945703712
-1.585975663720858
-1.659106180038259
-1.6108096682181596
-1.6239990915643052
-1.7005444553543005
-1.6421946710620192
-1.568106458459125
-1.6129963553934104
-1.5806499837856287
-1.5723116897012694
-1.7307180008929102
-1.6080203041706511
-1.6426698216944413
-1.6000649762956756
-1.624070036555757
-1.5877546451662325
-1.7099127546978516
-1.6772288680516496
-1.514450464744387
-1.6156980778055061
-1.636901182831062
-1.5890516994199617
-1.5770680153428787
-1.5294172396290313
-1.8292730448623895
-1.5533890284049867
-1.585753404642019
-1.5776239524454272
-1.6356654643163822
-1.676145762781109
-1.7095023515123036
-1.6682138604388377
-1.5846063874696135
-1.4756478757006235
-1.5962647488648891
-1.779668212710421
-1.63156833062007
-1.7512606147999537
-1.8023796522525513
-1.6268322314532067
-1.6256587354270062
-1.5195384474034643
-1.5845586587309903
-1.7085171908652985
-1.8292730448623895
-1.6044801562440842
-1.5690240685280297
-1.8406982990804477
-1.5521100122851859
-1.7095023515123036
-1.8406982990804477
-1.82279987021405
-1.8253976337533113
-1.7102443792985624
-1.8406982990804477
-1.553310949860547
-1.842761023442754
-1.6366958259391087
-1.674745729206146
-1.6143531112664873
-1.593433643396874
-1.842761023442754
-1.7414886347765106
-1.71898888441269
-1.5796692761842075
-1.7930181556399418
-1.730844459305437
-1.6999247847166994
-1.70267537763759
-1.805190256717024
-1.842761023442754
-1.842761023442754
-1.6824901261027672
-1.5952167453826256
-1.6447895964103774
-1.772934971281756
-1.8406982990804477
-1.6136754797471131
-1.706096143858079
-1.842761023442754
-1.841466939316245
-1.701321756898273
-1.8570459925807583
-1.8435402734564967
-1.842761023442754
-1.7191891648794098
-1.7354243508352143
-1.8570459925807583
-1.8570459925807583
-1.6849598433565105
-1.5783387753396196
-1.604376276848266
-1.8100017234813754
-1.8661944850607153
-1.5237272176699057
-1.7313111854460974
-1.7413429460485825
-1.8405511725648682
-1.6845391665661225
-1.71898888441269
-1.8661944850607153
-1.8079812795861125
-1.7568874192110449
-1.8754017342425762
-1.8523102300235443
-1.8636961185980603
-1.807440649109659
-1.5726970159472988
-1.6945055483572722
-1.8621714302531225
-1.8140912864460919
-1.6257606882401106
-1.8636961185980603
-1.705241965494016
-1.7331254966667626
-1.8705517117050197
-1.6978617245519325
-1.8570459925807583
-1.854500185119274
-1.848828519378583
-1.8048612124312011
-1.8161337956338501
-1.8567634048348827
-1.8394587421663955
-1.7505501952304434
-1.718553206588317
-1.7399239795679962
-1.5306947035431109
-1.8532275681536197
-1.7106942802873328
-1.855322574706531
-1.8570459925807583
-1.8358214017787475
-1.8580357685604438
-1.8387544747255156
-1.598582410820863
-1.8636961185980603
-1.884832814468409
-1.76138942496774
-1.8570459925807583
-1.7300577381951374
-2.014815038032863
-1.7470712227250274
-1.6511179984624782
-1.5554569321826675
-1.775916182041085
-1.8092987311248563
-1.7302518052671632
-1.8094836696165482
-1.756662247352445
-1.856102673118568
-1.6213918095163886
-2.001242737285138
-1.912382166145156
-2.014815038032863
-1.3319978357889437
-1.0882437248860524
-2.037266425419887
-1.8899634990207304
-2.001242737285138
-1.4238026323167645
-1.5725434157106906
-1.6964670070009542
-1.9642015751317368
-1.6314561918879649
-1.4742955317115314
-1.7499610596355542
-1.6040909406042165
-1.6758213928114059
-1.6876158789606805
-1.580801172261491
-1.6041523012002332
-2.0382147566868865
-1.5929266075067212
-1.7879906811650368
-2.0382147566868865
-1.6041523012002332
-1.9248366038442017
-1.8094033750893725
-2.1441128308884476
-1.5782174308387993
-1.54343156507279
-1.9169734677096437
-1.580692243486077
-2.048115171633602
-1.9146154685213348
-1.9983992024201531
-1.534153644782946
-1.7536709989750625
-1.78653524820419
-1.9642015751317368
-2.048115171633602
-2.0367179869511514
-1.5307989568487397
-1.601911154234453
-1.7778232417432662
-2.055659468217212
-1.9971866126181568
-1.9146154685213348
-2.0054268303808795
-1.5513103722474149
-1.9266594786179543
-1.7590041504720044
-1.9341499864366327
-1.8010457869319327
-1.6851181061542218
-2.1441128308884476
-1.9308582740215687
-1.5720376689592725
-1.7033884508987664
-1.7025276479946738
-2.1943454687247796
-1.6956429932632229
-1.6980355966640786
-1.9308582740215687
-2.051157050644541
-1.6180429264248872
-1.9700842989624123
-1.59523909067411
-1.9201883616489495
-1.6072806553790562
-1.901331522676001
-1.9983992024201531
-1.9634032855824353
-1.8145751282507459
-1.9273433423164927
-1.902268592696311
-1.927555768778621
-1.589202265150251
-2.0009244128082093
-1.828055879579598
-1.8562531328875558
-1.8036127725844127
-1.5941756315686832
-1.8899217168712872
-2.169625783367443
-1.7307135805107126
-2.015635977010474
-1.8296847908121912
-1.7007403539150563
-2.169625783367443
-1.7573265604386548
-1.9368893493630623
-1.9357015292653328
-2.0666618819684643
-1.4897338765209303
-1.891900895672341
-2.134372581553361
-1.555808717959414
-1.8471654604900556
-2.0284404775846356
-1.6343727247399191
-1.656802740913374
-1.9515641605123328
-1.925164421182222
-1.6987020020842172
-2.1441128308884476
-2.0356756579294153
-1.9146154685213348
-1.6305346242400678
-1.9401284210003298
-1.8906430498421432
-2.1547867213888425
-1.9284114240302008
-1.963750325127807
-1.9230900767803822
-2.169625783367443
-1.8121700277464394
-2.0341826873453366
-1.7952983701693135
-1.9492638222505896
-1.9554918929948544
-1.9594729999272364
-1.964734901817652
-2.1943454687247796
-2.0667837090317187
-2.169625783367443
-1.436009683828913
-1.6980584064115078
-1.7017772751632227
-1.842003079933592
-1.589151302676324
-1.9487286012551566
-1.8028177335981779
-1.833046897273783
-2.169625783367443
-2.1441128308884476
-1.9389159151767026
-2.093880193052116
-1.7778232417432662
-1.872581988076716
-1.7875400678076712
-2.1943454687247796
-1.927555768778621
-2.0819574203527176
-2.093880193052116
-1.921944619947342
-2.1943454687247796
-1.9169734677096437
-2.0053262284826303
-2.0009244128082093
-2.1943454687247796
-1.710998706668794
-1.9071213077932117
-2.0396157030558566
-1.916973467709644
-2.1441128308884476
-2.1943454687247796
-1.6332263294984086
-2.118599878409453
-1.814508410023806
-1.706831969930605
-2.1943454687247796
-1.8255966869831233
-2.1441128308884476
-1.9777884066149527
-1.9146154685213348
-1.7260665120788667
-1.9146154685213348
-1.9594729999272364
-2.051157050644541
-1.9232994437480055
-1.9263601348590815
-1.9648481063576666
-1.6341066128444441
-2.064271733746188
-1.6795460929106936
-1.828055879579598
-2.1943454687247796
-2.014126288128522
-2.1943454687247796
-2.1943454687247796
-1.708782852299886
-2.1441128308884476
-2.073121559075787
-1.9316146867635013
-1.8612163510550213
-1.8592736504984948
-1.4822193594437771
-1.914615468521335
-2.1943454687247796
-2.1441128308884476
-1.907968632564302
-1.4645253708414412
-1.7353507439905536
-1.9285241007327756
-2.1441128308884476
-2.093880193052116
-1.6107910622793151
-1.9263126067983547
-2.1943454687247796
-2.1943454687247796
-1.620503158231183
-1.5867638707045926
-2.0112213521909266
-1.8362478157588837
-1.9604652207138649
-2.051157050644541
-2.093880193052116
-2.051157050644541
-1.9515641605123328
-1.6970219095036658
-2.093880193052116
-1.9685139352190113
-2.0618343058693176
-2.1441128308884476
-2.0618343058693176
-1.8825784617211014
-1.5613919868758568
-1.9604652207138649
-2.04215374909295
-1.9381850280904906
-1.9648481063576666
-1.9614574415004933
-2.134372581553361
-1.8135161892371774
-1.9392219493386569
-2.0662652484076354
-1.927555768778621
-1.9146154685213348
-2.1943454687247796
-2.1441128308884476
-2.1441128308884476
-2.1943454687247796
-1.916973467709644
-2.1943454687247796
-1.7893892508343596
-2.1943454687247796
-2.191136877747259
-1.9392219493386569
-2.1943454687247796
-2.1943454687247796
-1.6377235218172679
-1.9275557687786211
-2.0618343058693176
-1.927555768778621
-2.030543149299046
-2.054221286318268
-1.9079686325643022
-1.6655223681774696
-1.6340391220568733
-2.1943454687247796
-1.9381850280904906
-2.118599878409453
-1.4883411301971843
-1.9889940590334896
-2.1441128308884476
-2.0667837090317187
-1.9146154685213348
-2.1943454687247796
-2.1943454687247796
-1.916973467709644
-2.0165510711953862
-2.1943454687247796
-1.689447192595652
-2.1943454687247796
-2.1943454687247796
-1.9392219493386569
-2.1441128308884476
-1.7778232417432662
-2.1441128308884476
-2.118599878409453
-1.6258938381523254
-2.1943454687247796
-2.0494846305651064
-1.9648481063576666
-1.9648481063576666
-2.093880193052116
-2.04215374909295
-2.0662652484076354
-1.63488546831789
-1.7943774478683938
-1.9604652207138649
-1.5854982572179814
-1.7885644795395947
-1.6723026639791227
-1.9079686325643024
-2.1943454687247796
-2.0662652484076354
-1.6576407379063474
-2.134372581553361
-2.1441128308884476
-2.0112213521909266
-1.6176327815702427
-1.914615468521335
-1.6851181061542218
-2.1943454687247796
-1.4617662904344164
-2.1943454687247796
-1.5537615145594876
-2.1441128308884476
-1.8235589300173594
-1.5533482930877704
-2.0387587389950874
-2.1943454687247796
-1.927555768778621
-1.828055879579598
-1.8235589300173594
-1.9648481063576666
-2.1943454687247796
-1.4675125129409603
-1.6032479724573683
-1.9648481063576666
-2.0819574203527176
-1.6632990559430838
-1.9539930471205753
-1.623390912282021
-2.026040731726375
-2.1943454687247796
-2.093880193052116
-2.093880193052116
-2.1943454687247796
-2.1943454687247796
-2.1943454687247796
-2.118599878409453
-1.9614574415004933
-1.9146154685213348
-2.1943454687247796
-1.9599467600897815
-2.1441128308884476
-1.9599467600897815
-2.1441128308884476
-1.9146154685213348
-1.7255480514547836
-1.927555768778621
-2.026977662856363
-2.093880193052116
-1.4800744350301045
-2.1943454687247796
-2.1943454687247796
-2.1943454687247796
-2.051157050644541
-1.6351414304487006
-1.6435705614309652
-2.1943454687247796
-2.1943454687247796
-2.1943454687247796
-2.1943454687247796
-2.1943454687247796
-2.169625783367443
-2.1943454687247796
-2.1943454687247796
-1.9648481063576666
-2.169625783367443
-2.1943454687247796
-1.7319261186563406
-2.0494846305651064
-2.1943454687247796
-1.7097412581841183
-2.1943454687247796
-2.1943454687247796
-2.0277271806295345
-1.938703488714574
-2.1943454687247796
-2.1943454687247796
-2.1943454687247796
-2.1943454687247796
-2.1943454687247796
-2.1943454687247796
-1.6546895905339674
