-1.6586209592461092
-1.6228729966127349
-1.614283355568368
-1.6715252343016198
-1.5869389724540635
-1.669368693342848
-1.6984648829813933
-1.5195373818529538
-1.6406913400162755
-1.65195382972124
-1.6292075401764476
-1.6312675019959786
-1.5814253809402399
-1.6256322003891375
-1.6724620849775953
-1.5993615153181333
-1.7141146482703442
-1.6644291691294542
-1.614873017632572
-1.6526825018283342
-1.7312835204501376
-1.5813567047184927
-1.5932465975543915
-1.659873455931492
-1.606748189558195
-1.6259782640175604
-1.7245621737609533
-1.636327424812172
-1.6148197973082148
-1.5682731328671438
-1.6907077794299838
-1.4332179949768
-1.5834179433205882
-1.6672522193926764
-1.5058094553763304
-1.5326149427925855
-1.5857654974134878
-1.6389596620614153
-1.5040388654068986
-1.6276738737392005
-1.587379627077703
-1.5788678650600063
-1.640423020365349
-1.6949901453873082
-1.5947899034059265
-1.5600288145772638
-1.68394576363062
-1.5930899889497905
-1.6390756690853445
-1.657609744105632
-1.5834744634527769
-1.6015970826298729
-1.6464613993779758
-1.6425876235411812
-1.590501159469765
-1.6170623088136524
-1.6126447448410004
-1.6775587446750486
-1.5700107951208664
-1.5933403387008345
-1.6919352169544677
-1.648458508864687
-1.6606267175733567
-1.6564804181202177
-1.5814126142069442
-1.7258180405164003
-1.6382526420768733
-1.5529416707611439
-1.5510920171566291
-1.6326998907662373
-1.5999357140205028
-1.513397340665648
-1.6641770544488703
-1.5982818997656771
-1.6077003366858102
-1.5879232694470584
-1.6325345804232538
-1.7294115203394191
-1.6358291530721394
-1.567126226712527
-1.7414280517057712
-1.550853434943591
-1.6474806017026986
-1.6080313781195317
-1.5849761890224854
-1.6688085311295626
-1.8112581303520752
-1.61718321952908
-1.624554417141349
-1.6713204122009846
-1.6457567171187713
-1.493324487808282
-1.464348731386088
-1.5220863903054949
-1.6415300262776287
-1.4980479664811075
-1.6009439146429483
-1.5335912393773952
-1.5949796051551495
-1.7998819302421623
-1.633523233956105
-1.6847943727093262
-1.7185815054292932
-1.6235251577224354
-1.6383913145914877
-1.6413617477564857
-1.5045538372409908
-1.6098184045787607
-1.576890981638822
-1.6273229895340964
-1.7341676190368494
-1.551625702645166
-1.613387875831817
-1.662668234796538
-1.6485087298365684
-1.633840648442258
-1.7459972246554067
-1.6086725987415418
-1.608086496807273
-1.6140098993101608
-1.5086135782843142
-1.6232376265608368
-1.654746258137732
-1.5817648562160744
-1.6536336233752567
-1.4831995803085016
-1.6326577385382852
-1.6418034246001634
-1.6104232308321058
-1.5998357941893744
-1.6091275609511366
-1.5566314463799584
-1.6276770300944334
-1.617813915749774
-1.5846372220100502
-1.6482099439765407
-1.6032188013471238
-1.577842027737732
-1.69407892309453
-1.6526884383760105
-1.6813594787030643
-1.6256498028377977
-1.5855419692143036
-1.6397953283535966
-1.5319892990319384
-1.6224501320644402
-1.692852998808027
-1.5939665658314006
-1.5092533014800522
-1.660267547241541
-1.5996332968603726
-1.4778082035266737
-1.482915258667651
-1.612427744541027
-1.5897198912003632
-1.6321843084183083
-1.636660468299724
-1.543350963987634
-1.5933801621567807
-1.5212152854531373
-1.6235762550679325
-1.6322426386513607
-1.638014420363531
-1.5714465619275024
-1.708519611159215
-1.6059845286505063
-1.6221482877513198
-1.581432134327401
-1.621723446026072
-1.641773611782429
-1.6370325184043368
-1.5993793573490938
-1.630380026108498
-1.7604826297531404
-1.6991808507225254
-1.6529226054130897
-1.603388475855867
-1.5954886158512376
-1.7101282990937035
-1.5760599436997054
-1.5953323019326489
-1.660940571164529
-1.5805160928686388
-1.630927273082674
-1.5718076851677953
-1.572357760963291
-1.6090170649359672
-1.5882789923026128
-1.585547260809083
-1.5816676668150036
-1.707595643602831
-1.6512100513642798
-1.746238958042379
-1.623809229326282
-1.658645526344235
-1.65119647164593
-1.6598350133035669
-1.6461256186147135
-1.5975001377011862
-1.6778361172377028
-1.5895525659184706
-1.5984491530544644
-1.6056745164943151
-1.608888967390934
-1.58803487692211
-1.598252277380048
-1.6693556671578536
-1.6142935694095646
-1.5927325999619986
-1.6354635622140776
-1.5200102905136519
-1.724848534224335
-1.6102497601512042
-1.6414748262954506
-1.6197771619019492
-1.6937159686140089
-1.648596169748964
-1.683524228692471
-1.6281352934227686
-1.6827862702159888
-1.5707695322585242
-1.5708957614823755
-1.6424904128340678
-1.6910834338864547
-1.655823459772951
-1.6141061074742564
-1.5470130997046039
-1.7151628541410746
-1.6280121839689685
-1.711677308578094
-1.5967292985173085
-1.5772057039160858
-1.5971336616591363
-1.6035543576641762
-1.6754453473892121
-1.5400928363390958
-1.4793256469362892
-1.6031394159591803
-1.6626479799120386
-1.6873078215184556
-1.6146382501990244
-1.5826860351805938
-1.6265959797169645
-1.624364413192596
-1.616385897467643
-1.5727656536628867
-1.5770866713669145
-1.6765575054529898
-1.613045524381357
-1.709937712049257
-1.6450408119908504
-1.642090584645657
-1.6352074448541254
-1.6787233176392646
-1.5366941068369813
-1.6064818207607905
-1.643021991977835
-1.6991386363457375
-1.52584167895422
-1.593875617443244
-1.8197531828217282
-1.6333399015066916
-1.5824407028231586
-1.6306558093068635
-1.602261206395632
-1.5900867266564385
-1.6885262969880872
-1.6787575842857432
-1.671026365013867
-1.6362425296144838
-1.5917093524487038
-1.5735327523453297
-1.628872324135063
-1.6500947085839552
-1.6546389899397986
-1.675108852210014
-1.466172100141271
-1.5931912525084595
-1.5092812628348469
-1.6481322307127462
-1.6649781654429616
-1.7334426947100627
-1.5534485802576619
-1.6814967157063627
-1.7144828207893807
-1.56951721772896
-1.6435687767552136
-1.6446156361335178
-1.5786450949583364
-1.652520237802155
-1.6001425475995887
-1.557968531109864
-1.5981844582969489
-1.5058966206985027
-1.6456010682109634
-1.6540273175861768
-1.5729110200673035
-1.6509652723413004
-1.617176485955252
-1.6836017218931918
-1.593684966679907
-1.6453577221985087
-1.5334866501395954
-1.5233587828143578
-1.6838277551575904
-1.6110400109937086
-1.6463952028067412
-1.5760598796922918
-1.5616302899703276
-1.60846443263696
-1.5101783817287506
-1.42483473248005
-1.5462759526640886
-1.5496801161477438
-1.5539436790055934
-1.6418066817373596
-1.6150705629134505
-1.569788823514303
-1.6570416004305626
-1.5367405995118517
-1.538451584371741
-1.6320738966756885
-1.6473990266893126
-1.5669461400912275
-1.696916985903166
-1.6098928397205094
-1.467806751697157
-1.4972156035550643
-1.693733823365742
-1.5767466524819422
-1.5798920104465046
-1.6084077622189215
-1.6283033198276569
-1.6948346400026353
-1.551469205001336
-1.5884985337776953
-1.527142768616137
-1.4448241550969922
-1.6318335099787973
-1.5418237365194614
-1.6624393491403118
-1.6152679621171038
-1.681781669363225
-1.5834477040277921
-1.6785903031220668
-1.5272496972839267
-1.61145639764995
-1.6027703013642822
-1.6689487537331105
-1.6201207351219902
-1.6876550943781445
-1.555400798582262
-1.6368969903585582
-1.6522581483634955
-1.6203325965582498
-1.6873354313604734
-1.5031135254309334
-1.4845311791217024
-1.596080358343639
-1.6999804015889899
-1.6475949917159813
-1.5686466442690077
-1.6659061277284872
-1.6447728325893256
-1.6290783397555793
-1.6674822017988598
-1.6537294418356836
-1.627299087735019
-1.583171016548259
-1.595920928565664
-1.64304864943453
-1.6459928955071526
-1.5965944241843735
-1.7275927390111516
-1.6317660834264214
-1.5788168357081738
-1.6603200465444703
-1.661065460724661
-1.76065341541482
-1.6302765611066616
-1.6072506656366394
-1.6074623375063724
-1.5890806695400865
-1.6434449338528778
-1.6537053926958125
-1.6487195187752246
-1.6627462599645464
-1.6073194301783447
-1.6142105769073605
-1.6188322687880619
-1.5764566796193908
-1.552388390991801
-1.6239030960023206
-1.6506827959052535
-1.7147685987485801
-1.6351782672334083
-1.6321333184481648
-1.6674423298724077
-1.5949756329201057
-1.4660327418057033
-1.7058370510526872
-1.5043091346527278
-1.545348704615916
-1.5652423552750516
-1.5276583238187549
-1.6142688679513724
-1.6277235815814048
-1.6778305306263461
-1.7372982409372004
-1.6964322894089456
-1.6305737980148474
-1.6270277910358748
-1.6356995907641736
-1.523702392613881
-1.640487986864043
-1.5566806525077395
-1.5784628273548966
-1.6643930657885284
-1.6021087650686043
-1.487632893869196
-1.6309052387525433
-1.4749101111407124
-1.6060011093558502
-1.600814780291379
-1.4896244290469145
-1.685869163844181
-1.6193412531348848
-1.5068217908582637
-1.6292015199288832
-1.561233199817437
-1.6155973941619792
-1.6101586340449099
-1.629509258231829
-1.56581594667048
-1.6481675121745984
-1.5543623252370873
-1.5382136632878383
-1.6044339116127353
-1.6625409590363618
-1.6416051054127088
-1.635419647338348
-1.6089203988249243
-1.6019863461161155
-1.6231796789353021
-1.5559245727957303
-1.6744981701838462
-1.6290458838573192
-1.620435100687909
-1.7216779826297564
-1.6438577377397237
-1.6260558155087137
-1.5150320356176825
-1.6488436111884763
-1.5469536983121928
-1.640006954298241
-1.697299222564565
-1.6552104423158922
-1.7227535143490402
-1.5796934618977254
-1.670238869097547
-1.6929782652672758
-1.655196600010683
-1.6139368651206896
-1.6412371121272218
-1.769420624907761
-1.6554081211345593
-1.6059573986311833
-1.5545088546670158
-1.6649037209083872
-1.4917713303644975
-1.4703603308693047
-1.736130610017412
-1.5349955466715115
-1.5599716032337163
-1.6349471179457962
-1.5902695700418592
-1.6326763220987424
-1.6217421583226608
-1.6591119570241561
-1.6098732376745424
-1.6569418765667756
-1.6227892948765132
-1.618043210743921
-1.5647625141404435
-1.6261678375605582
-1.5042678547689117
-1.656263365816341
-1.6733970872234054
-1.6563853176386205
-1.575024418795835
-1.5976080380099
-1.658703206527713
-1.660536069890327
-1.5924556005412314
-1.6062032141414149
-1.6054758577911925
-1.5600907611261001
-1.44663674653212
-1.6186688688589237
-1.5947985529596647
-1.6097839984401472
-1.681357116909038
-1.6586663587585708
-1.7321020539396033
-1.6416739956706103
-1.8197531828217282
-1.535421286066458
-1.808100108878764
-1.5989265848979843
-1.6364388185846648
-1.749415919586336
-1.6252139739959055
-1.810595115120915
-1.8279515691502513
-1.6988542107923716
-1.6022040266760462
-1.8308944862812941
-1.5443911321882995
-1.5915817016147515
-1.6176927244384312
-1.8205248582796907
-1.7752596813586077
-1.5939519328973497
-1.7078033480845527
-1.58872388208929
-1.5660781217503974
-1.6556830552109423
-1.6827512701948257
-1.8304504813317664
-1.8450447260193283
-1.8650496776908039
-1.6472423807782475
-1.5439886366762463
-1.8297772557186824
-1.7852689459552498
-1.8650496776908039
-1.6519303734436832
-1.7747706142389896
-1.769574335389219
-1.7980820355075682
-1.8558608510612933
-1.3345739925322802
-1.7411610484949094
-1.5377264314537862
-1.8045832300796925
-1.6074002415652453
-1.8650496776908039
-1.722500907551468
-1.6674388837580092
-1.8219728413825957
-1.8746711415075799
-1.7494216627682158
-1.7920903215850106
-1.8207819800551566
-1.7264190860927824
-1.852563210958437
-1.8012082784913805
-1.651962855369066
-1.8746711415075799
-1.7447641097204696
-1.824638689063638
-1.7283868297888207
-1.7091027437760307
-1.8483789536860336
-1.8448931200761802
-1.5668021137635024
-1.7885939186969682
-1.601382789436779
-1.8746711415075799
-1.7815292693912572
-1.7805560885131901
-1.7805560885131901
-1.7388452227374307
-1.8746711415075799
-1.873310852200385
-1.8746711415075799
-1.5633321570586456
-1.8772349773042614
-1.67813006652182
-1.848416091772054
-1.8100529095585955
-1.6126407677840577
-1.827714550000179
-1.8420109959494526
-1.6785511801712742
-1.873310852200385
-1.8772349773042614
-1.81458377523083
-1.8119146861880067
-1.8429627215418756
-1.3958331045981285
-1.8772349773042614
-1.8772349773042614
-1.8746711415075799
-1.7545365834018753
-1.8772349773042614
-1.7639351459493509
-1.8823057497228428
-1.4754616036206905
-1.8823057497228428
-1.5764564542982202
-1.6788836766717665
-1.6483425192899719
-1.6444451282181372
-1.8117819506466184
-1.7293811020105314
-1.8279472653189766
-1.8823057497228428
-1.8823057497228428
-1.844848669266611
-1.8823057497228428
-1.8772349773042614
-1.695550404970726
-1.8144192364462353
-1.7966530175082827
-1.8182555125193047
-1.718113217590423
-1.6217048843775665
-1.8823057497228428
-1.7293811020105314
-1.8823057497228428
-1.730889230232718
-1.7877580595411875
-1.6401542097252795
-1.8472126616603195
-1.8624217695601357
-1.4034745075811794
-1.8823057497228428
-1.781363348061775
-1.7293811020105312
-1.8823057497228428
-1.7877580595411875
-1.7786941880303455
-1.835031904632015
-1.8823057497228428
-1.835031904632015
-1.8073915888103795
-1.835031904632015
-1.5936803411047569
-1.526610812798138
-1.849176360667929
-1.6877860646147096
-1.8734107917557477
-1.796932150738356
-1.8823057497228428
-1.8823057497228428
-1.7076155126851529
-1.7293811020105314
-1.7785212322059103
-1.8388018215459545
-1.7156489829187693
-1.7773502611610927
-1.675570159489092
-1.7216023175609108
-1.794616178598311
-1.6476186125208374
-1.745954387014594
-1.8823057497228428
-1.8823057497228428
-1.8033207266746611
-1.8653748312651162
-1.35235034515186
-1.8102627842297359
-1.8444575253993496
-1.6347487301037225
-1.8823057497228428
-1.8444575253993496
-1.6788836766717665
-1.8823057497228428
-1.5845623947040162
-1.8098182516390091
-1.8144192364462353
-1.731765598397587
-1.8033207266746611
-1.693041005909225
-1.7678169342734442
-1.7966682753384917
-1.8414032931928956
-1.624373759237809
-1.634083019588748
-1.8033207266746611
-1.7766888625840953
-1.8472126616603195
-1.8823057497228428
-1.8208206028539355
-1.6348279313735778
-1.8098182516390091
-1.685489504857136
-1.7629173477594842
-1.6507449107134562
-1.6103984011279704
-1.5784055360502738
-1.6024100230634397
-1.8823057497228428
-1.8804733801010278
-1.8823057497228428
-1.593816791826888
-1.6642755498231838
-1.7293811020105312
-1.7228235864035497
-1.5689081071365683
-1.6539340739805752
-1.8823057497228428
-1.7293811020105314
-1.56686644474561
-1.829497306153469
-1.7506621928459012
-1.5855743468247225
-1.524004127717081
-1.6049636304035946
-1.8823057497228428
-1.8605186433255863
-1.8223468304093677
-1.885293915509672
-1.7766888625840953
-1.8638962772023269
-1.8823057497228428
-1.5278848655218993
-1.6861907540217058
-1.8823057497228428
-1.859084234983282
-1.878979459527255
-1.7248781752638593
-1.7855838205511905
-1.6211954928262922
-1.8823057497228428
-1.6511438858004992
-1.8033207266746611
-1.7293811020105314
-1.6321284287002635
-1.631121827810023
-1.616654085456271
-1.7759118163260528
-1.7476423093793345
-1.835031904632015
-1.6206909943608971
-1.611133640415397
-1.8823057497228428
-1.8823057497228428
-1.8048830971622436
-1.8208206028539355
-1.6598044601444673
-1.8823057497228428
-1.6099155805333458
-1.7969233418367656
-1.8266710643711064
-1.6956164827272553
-1.7321070526182336
-1.8823057497228428
-1.6742418008559456
-1.6005826108320103
-1.6362871973978668
-1.8966061370197123
-1.9114193447638381
-1.5594491322660995
-1.7957054646283208
-1.8180290138494162
-1.8383922641205641
-1.8966061370197123
-1.8212893027181318
-1.7619878992292801
-1.6388488767841727
-1.9114193447638381
-1.9114193447638381
-1.8745756113061671
-1.8057891404422481
-1.90660861285545
-1.7678859767444297
-1.8966061370197123
-1.691227091357994
-1.8966061370197123
-1.90660861285545
-1.6794541512252665
-1.8981840231962002
-1.7527363485835785
-1.6493889710403158
-1.9203412107056648
-1.895234852880327
-1.890038871299684
-1.7919727289409384
-1.8514778317346134
-1.7893260238439037
-1.7893260238439037
-1.8850928975289356
-1.915530478797277
-1.9107197468888888
-1.766239782300505
-1.8793369717987278
-1.757974278282327
-1.6084707668064648
-1.9107197468888888
-1.5357746949903508
-1.8043249385210651
-1.8862659632026493
-1.8960240214731774
-1.872001771861671
-1.9114193447638381
-1.9041567188221535
-1.915530478797277
-1.730018159140234
-1.7122846639740765
-1.9203412107056648
-1.8514778317346134
-1.9203412107056648
-1.6144308991834317
-1.5809836267703787
-1.6777995831578825
-1.915530478797277
-1.7580592927717098
-1.9203412107056648
-1.609140595132482
-1.743029519303654
-1.9114193447638381
-1.7508437596107131
-1.8848471273723342
-1.9114193447638381
-1.6583108369821424
-1.701527278436435
-1.7923515148645186
-1.743029519303654
-1.7643602116000838
-1.8302111686599585
-1.9203412107056648
-1.7280445721976863
-1.9328915615135585
-1.879803682739719
-1.8589927582466805
-1.8302111686599585
-1.9296006824785124
-1.7807451326209718
-1.8314797832352596
-1.783265806881232
-1.7893260238439037
-1.7662311611151231
-1.9203412107056648
-1.895234852880327
-1.8302111686599585
-1.8561156280941662
-1.7893260238439037
-1.8990651382327683
-1.8412629574571906
-1.8795408229636712
-1.7204541364873644
-1.7684511394204006
-1.8514778317346134
-1.915530478797277
-1.7289416897428216
-1.6807773661539778
-1.9296006824785124
-1.9296006824785124
-1.7805744927791554
-1.880786323231344
-1.7499200030446864
-1.8394674042762393
-1.9203412107056648
-1.9296006824785124
-1.6913115138390884
-1.9328915615135585
-1.9328915615135585
-1.670634500302402
-1.5919273507710896
-1.9296006824785124
-1.8321263708119848
-1.8769876552783125
-1.8429712073688558
-1.8389274809267195
-1.5360522177971905
-1.9296006824785124
-1.907175324666314
-1.8806780056173387
-1.8791955278718648
-1.6351357759894996
-1.8236114114413522
-1.8066839779004047
-1.880161420190496
-1.8896624670408013
-1.7729338603933498
-1.803011902851708
-1.8930588133061497
-1.879803682739719
-1.9296006824785124
-1.8447656244357746
-1.8576090853267053
-1.9296006824785124
-1.7486373956432886
-1.8969856100082256
-1.7674916893989927
-1.765440671139646
-1.8781137661800384
-1.6216887625651217
-1.8950327544312553
-1.8184332998614585
-1.705819106532597
-1.9296006824785124
-1.9120754203869428
-1.8465239497225823
-1.9328915615135585
-1.9207176063996487
-1.8486803963521914
-1.5999525565898756
-1.7694689339832719
-1.7382187873952661
-1.8927829588470304
-1.878712755165795
-1.4085650393435545
-1.8314797832352596
-1.9328915615135585
-1.6050090227374707
-1.689501336571998
-1.8773556369575957
-1.9328915615135585
-1.879665405468031
-1.8563471716162376
-1.7440625152681235
-1.928071679507512
-1.9328915615135585
-1.9041567188221535
-1.6635689338037958
-1.8769876552783125
-1.9275957333634821
-1.7501100042510545
-1.7525856810977374
-1.9041567188221535
-1.9328915615135585
-1.79756572974831
-1.8927829588470304
-1.6488193714678396
-1.9328915615135585
-1.8389274809267195
-1.624222158734321
-1.9328915615135585
-1.879803682739719
-1.7351427833380102
-1.8843805182491387
-1.9328915615135585
-1.9328915615135585
-1.7214483957188962
-1.885909521220139
-1.8843805182491387
-1.8389274809267195
-1.9328915615135585
-1.5147778788084683
-1.9328915615135585
-1.8748334324320526
-1.825979906298874
-1.9296006824785124
-1.4369897971724557
-1.609599197648317
-1.8184332998614587
-1.6700365203746956
-1.861562914221535
-1.8121917205726588
-1.9204031269103266
-1.9328915615135585
-1.8548548645951066
-1.8266728490004616
-1.9263098034434663
-1.885909521220139
-1.9328915615135585
-1.9150478296299052
-1.9907007372045047
-1.8291812566670265
-1.9907007372045047
-1.9879793207891494
-1.8563510982225973
-1.9910571791870149
-1.8614132764646392
-1.9879793207891494
-1.8614132764646392
-1.8849628206434725
-1.9019789870989143
-1.7889479023829822
-1.872654452169632
-1.9907007372045047
-1.8247621500986169
-1.5995444317635412
-1.9907365739555962
-1.6781743308572405
-1.5571157670040288
-1.9907365739555962
-1.6210059498398213
-1.8668512934182866
-1.8883890826363507
-1.5738491525796992
-1.7974033353461776
-1.6700892290826819
-1.9910571791870149
-1.7882109065097835
-1.9186716621531463
-1.8708252953143298
-1.8352550507764644
-1.845234604749887
-1.812597556962004
-1.9910571791870149
-1.86479931923812
-1.9910571791870149
-1.9078623133449983
-1.9601829153094503
-1.9862553032951187
-1.7651701742991126
