0.42427924930095884
-5.898059818321144e-17
-1.3877787807814457e-17
4.336808689942018e-18
5.204170427930423e-18
3.4819128505531895e-33
-1.214306433183765e-17
1.0408340855860841e-17
-2.4286128663675296e-17
8.673617379884035e-18
0.0
-6.071532165918825e-18
2.929218325511439e-35
1.3877787807814457e-17
-1.0408340855860841e-17
1.9081958235744878e-17
2.4286128663675302e-17
1.3877787807814457e-17
-5.551115123125784e-17
-3.122502256758253e-17
3.8163916471489756e-17
-2.0816681711721685e-17
1.3010426069826053e-16
-1.3877787807814457e-17
5.204170427930421e-18
6.938893903907228e-18
-1.1275702593849246e-17
2.4286128663675296e-17
-2.42861286636753e-17
-2.168404344971009e-17
1.0408340855860843e-17
2.949029909160572e-17
8.326672684688674e-17
-6.245004513516506e-17
2.7755575615628914e-17
-5.551115123125783e-17
2.168404344971009e-17
-1.1102230246251565e-16
2.0816681711721685e-17
-4.5102810375396984e-17
2.6020852139652106e-18
-2.42861286636753e-17
3.469446951953614e-18
-3.469446951953614e-18
-1.0408340855860843e-17
3.729655473350135e-17
3.8163916471489756e-17
8.673617379884034e-19
1.3877787807814457e-17
-1.474514954580286e-17
3.4694469519536138e-18
3.4694469519536165e-18
-6.938893903907233e-18
4.336808689942018e-18
1.2143064331837647e-17
-1.734723475976807e-18
2.0816681711721685e-17
6.938893903907228e-18
-3.469446951953614e-18
1.0408340855860844e-17
2.7755575615628914e-17
-1.1275702593849246e-17
2.6020852139652103e-18
-1.0408340855860843e-17
8.673617379884035e-19
-2.0816681711721685e-17
-1.0408340855860843e-17
1.5525775109992423e-16
4.336808689942018e-18
6.938893903907228e-18
-1.1275702593849246e-17
1.734723475976807e-18
-8.673617379884035e-18
2.42861286636753e-17
1.734723475976807e-16
6.938893903907228e-18
9.540979117872439e-18
-1.3877787807814452e-17
-1.6479873021779667e-17
1.0755285551056204e-16
2.688821387764051e-17
-2.42861286636753e-17
1.6306400674181987e-16
1.734723475976807e-18
2.0816681711721685e-17
1.829755036755797e-34
-2.688821387764051e-17
-2.862293735361732e-17
-4.163336342344337e-17
3.469446951953614e-17
-4.5102810375396984e-17
-8.673617379884035e-18
-8.673617379884035e-19
1.3010426069826053e-17
8.673617379884035e-17
1.5612511283791264e-17
3.469446951953615e-18
-2.42861286636753e-17
1.9081958235744878e-17
-1.2836953722228372e-16
0.0
6.245004513516506e-17
-3.9898639947466563e-17
-6.9388939039072245e-18
1.734723475976807e-17
-2.168404344971009e-17
1.3877787807814457e-17
-1.1275702593849246e-17
-8.239936510889834e-17
1.474514954580286e-17
1.5612511283791264e-17
6.938893903907228e-18
-2.7755575615628914e-17
3.4694469519536126e-18
-1.6731516391864108e-33
-2.7755575615628914e-17
-9.540979117872439e-18
1.0408340855860843e-17
-7.806255641895632e-18
-6.938893903907228e-17
1.4224732503009818e-16
-2.688821387764051e-17
-6.071532165918825e-18
-2.428612866367529e-17
-5.204170427930421e-18
3.4694469519536138e-18
-1.0408340855860843e-17
1.1275702593849246e-17
-2.6020852139652106e-18
1.5612511283791264e-17
2.42861286636753e-17
2.775557561562891e-17
-1.0408340855860843e-17
1.734723475976807e-18
-1.0408340855860835e-17
5.204170427930421e-17
-6.938893903907228e-18
-6.071532165918825e-18
-3.469446951953614e-18
6.938893903907228e-17
-2.0816681711721685e-17
1.3877787807814457e-17
1.8214596497756474e-17
1.0408340855860843e-17
-4.686749320818305e-34
1.9081958235744878e-17
-2.2551405187698492e-17
3.122502256758253e-17
8.673617379884035e-19
2.7755575615628914e-17
1.457167719820518e-16
-3.122502256758253e-17
2.0816681711721685e-17
-1.734723475976807e-18
-9.540979117872439e-18
1.0234868508263162e-16
-4.5102810375396984e-17
-3.4694469519536138e-18
3.729655473350135e-17
5.204170427930421e-17
-1.7347234759768075e-18
-8.673617379884035e-18
-6.938893903907226e-18
1.7347234759768065e-18
-1.734723475976807e-18
-2.3418766925686896e-17
-4.85722573273506e-17
-9.367506770274758e-17
8.673617379884035e-19
1.734723475976807e-18
-8.673617379884035e-19
-3.4694469519536138e-18
-3.4694469519536165e-18
6.938893903907227e-18
-8.673617379884035e-18
-2.688821387764051e-17
2.7755575615628914e-17
-5.204170427930421e-18
2.0816681711721685e-17
2.168404344971009e-17
-1.734723475976807e-18
-1.3877787807814457e-17
-1.214306433183765e-16
1.3877787807814457e-17
1.3877787807814457e-17
-6.842277657836021e-49
-3.469446951953614e-17
7.806255641895629e-18
-3.8163916471489756e-17
3.8163916471489756e-17
-3.469446951953615e-18
-3.469446951953614e-17
-2.428612866367531e-17
-1.8995222061946038e-16
-3.2959746043559335e-17
8.673617379884035e-18
0.0
-1.734723475976807e-17
-7.806255641895632e-18
1.0408340855860844e-17
-2.0816681711721685e-17
-3.122502256758253e-17
-1.3877787807814466e-17
-3.209238430557093e-17
-9.540979117872439e-18
5.551115123125781e-17
3.469446951953614e-18
-6.047276820489794e-34
2.7755575615628914e-17
-3.122502256758253e-17
0.0
6.938893903907228e-18
6.071532165918825e-18
2.6020852139652106e-17
1.3010426069826053e-17
-6.938893903907227e-18
-3.469446951953614e-17
1.9949319973733282e-17
-1.214306433183765e-17
-1.429163166792851e-33
2.7755575615628914e-17
1.0408340855860843e-17
3.469446951953614e-17
-1.0408340855860841e-17
-1.8041124150158794e-16
-2.0816681711721685e-17
1.734723475976807e-17
-3.122502256758253e-17
-4.163336342344337e-17
-3.6598880284563666e-35
1.734723475976807e-18
0.0
-5.204170427930421e-18
1.214306433183765e-17
8.673617379884035e-18
-2.0816681711721685e-17
1.3877787807814457e-17
-3.469446951953615e-18
1.3877787807814457e-17
9.540979117872439e-18
-1.0408340855860843e-17
1.3877787807814454e-17
1.734723475976807e-18
-5.551115123125782e-17
-1.474514954580286e-17
2.862293735361732e-17
-2.775557561562891e-17
3.469446951953614e-17
-3.8163916471489756e-17
-6.245004513516506e-17
1.5612511283791264e-17
-1.3877787807814457e-17
-4.336808689942018e-18
3.122502256758253e-17
-6.938893903907228e-18
-1.3010426069826053e-17
-1.734723475976807e-18
1.0408340855860843e-17
-8.673617379884035e-18
-3.469446951953615e-18
-3.469446951953614e-18
-5.204170427930421e-18
1.8214596497756474e-17
9.540979117872439e-18
6.938893903907228e-18
6.938893903907228e-18
6.938893903907228e-18
-9.8879238130678e-17
-7.806255641895632e-18
3.469446951953614e-18
8.326672684688674e-17
4.276423536147513e-50
5.204170427930421e-18
-6.938893903907228e-17
-3.469446951953614e-18
-1.0408340855860843e-17
-2.7755575615628914e-17
-1.457167719820518e-16
-2.168404344971009e-17
-3.469446951953614e-17
6.938893903907238e-18
8.673617379884004e-19
2.888894916580869e-34
0.9999999999999996
1.5612511283791264e-17
-4.163336342344337e-17
1.734723475976807e-18
3.469446951953615e-18
1.3877787807814457e-17
6.938893903907228e-18
-3.4694469519536134e-18
-6.938893903907228e-18
-5.551115123125783e-17
-3.4694469519536138e-18
2.6020852139652106e-18
-1.9949319973733282e-17
-3.469446951953614e-18
-1.734723475976807e-17
6.938893903907228e-18
3.4694469519536084e-18
3.469446951953614e-18
1.9081958235744878e-17
3.4694469519536134e-18
1.0408340855860841e-17
8.673617379884035e-18
-8.673617379884035e-18
-1.2143064331837648e-17
-2.3433746604091534e-34
3.469446951953614e-18
-3.469446951953614e-17
1.734723475976807e-17
-3.122502256758253e-17
1.3877787807814466e-17
-3.469446951953614e-18
-1.0408340855860843e-17
1.3877787807814457e-17
-1.474514954580286e-17
-6.9388939039072276e-18
-5.204170427930421e-17
1.457167719820518e-16
6.591949208711867e-17
-2.0816681711721685e-17
-4.163336342344337e-17
-8.673617379884035e-18
-3.4694469519536138e-18
-6.938893903907225e-18
-8.326672684688674e-17
-6.938893903907228e-18
-6.93889390390723e-18
5.131708243377016e-49
-3.4694469519536138e-18
-6.938893903907228e-18
1.1275702593849246e-17
-8.239936510889834e-17
-6.9388939039072276e-18
-2.0816681711721685e-17
2.4286128663675302e-17
-5.204170427930421e-18
-2.428612866367531e-17
-1.0408340855860843e-16
1.6479873021779667e-17
-0.9999999999999998
-3.4694469519536107e-18
3.729655473350135e-17
1.734723475976807e-17
3.469446951953614e-18
-7.806255641895632e-18
0.0
2.0816681711721685e-17
-2.42861286636753e-17
1.734723475976805e-18
-3.122502256758253e-17
2.7796752984958835e-49
2.7755575615628914e-17
1.734723475976807e-17
0.0
-1.3877787807814457e-16
2.0816681711721685e-17
1.0408340855860843e-17
-1.9081958235744878e-17
-3.469446951953616e-18
4.85722573273506e-17
-4.163336342344337e-17
6.842277657836021e-49
-1.734723475976807e-17
-1.9949319973733282e-17
1.8214596497756474e-17
-3.8163916471489756e-17
1.9081958235744878e-17
-2.5153490401663703e-17
6.245004513516506e-17
-3.122502256758253e-17
-8.673617379884035e-19
1.387778780781445e-17
-3.382710778154774e-17
2.0816681711721685e-17
8.673617379884035e-19
-1.214306433183765e-17
-7.632783294297951e-17
-0.9999999999999999
-4.5259353693100056e-33
1.3877787807814457e-17
-1.0408340855860843e-16
2.6020852139652106e-18
-8.673617379884034e-19
-2.4286128663675293e-17
-1.0408340855860841e-17
-6.938893903907228e-18
1.734723475976807e-17
-2.3418766925686896e-16
6.938893903907228e-18
-1.214306433183765e-17
2.0816681711721685e-17
1.3877787807814466e-17
-5.204170427930421e-18
-1.2143064331837648e-17
-1.3877787807814457e-17
-2.2551405187698492e-17
-1.734723475976807e-18
-0.9999999999999999
-1.3010426069826053e-17
-5.377642775528102e-17
4.5102810375396984e-17
-1.0073742704084404e-34
1.3877787807814457e-17
-3.4694469519536134e-18
-1.474514954580286e-17
-2.949029909160572e-17
-2.688821387764051e-17
-4.85722573273506e-17
1.2836953722228372e-16
-3.9898639947466563e-17
-5.204170427930421e-18
2.5153490401663703e-17
6.071532165918825e-18
-4.163336342344337e-17
5.204170427930421e-18
2.7755575615628914e-17
-4.336808689942018e-18
-1.734723475976807e-17
-4.5102810375396984e-17
4.336808689942018e-18
-1.6653345369377348e-16
-6.245004513516506e-17
-4.3368086899420185e-18
1.3877787807814457e-17
-6.071532165918825e-18
9.020562075079398e-17
-1.7347234759768074e-17
-5.204170427930421e-18
-1.9081958235744878e-17
-3.785270801004878e-33
5.204170427930421e-18
2.0816681711721685e-17
-2.3418766925686896e-17
-2.498001805406602e-16
5.898059818321144e-17
-1.94914507479602e-33
7.28583859910259e-17
-1.3530843112619095e-16
3.122502256758253e-17
-6.938893903907228e-18
-8.673617379884035e-19
-1.0408340855860841e-17
1.214306433183765e-17
-1.3877787807814457e-17
1.7347234759768068e-17
-3.903127820947816e-17
-6.938893903907227e-18
1.0408340855860843e-17
-1.3877787807814457e-17
-3.469446951953614e-18
-7.806255641895633e-18
-3.469446951953614e-18
8.673617379884035e-19
-6.591949208711867e-17
1.3877787807814457e-17
-2.5153490401663703e-17
1.5612511283791264e-17
1.0408340855860843e-17
3.4694469519536134e-18
-1.0408340855860843e-17
4.5102810375396984e-17
-6.938893903907228e-18
-2.42861286636753e-17
2.688821387764051e-17
3.469446951953614e-17
2.775557561562891e-17
-1.0408340855860843e-17
3.8163916471489756e-17
-4.336808689942018e-18
1.6479873021779667e-17
1.0408340855860844e-17
1.7347234759768069e-18
-1.951563910473908e-16
-1.8214596497756474e-17
-8.673617379884035e-19
9.020562075079397e-17
-1.9081958235744878e-17
-1.0755285551056204e-16
1.734723475976807e-17
8.673617379884037e-18
3.469446951953614e-17
-1.1275702593849246e-17
2.929218325511437e-34
-6.9388939039072276e-18
-4.7704895589362195e-17
1.3010426069826053e-17
2.42861286636753e-17
-1.3877787807814457e-17
2.0816681711721685e-17
6.938893903907228e-18
-5.204170427930421e-18
-1.1622647289044608e-16
-3.469446951953614e-18
-1.3877787807814457e-17
5.551115123125781e-17
1.3877787807814457e-16
-1.734723475976807e-17
-1.0408340855860843e-17
-0.9999999999999999
-1.3877787807814457e-17
-1.0408340855860843e-17
-4.336808689942018e-18
6.071532165918825e-18
-0.9999999999999999
3.729655473350135e-17
-0.9999999999999999
-1.0408340855860843e-17
-0.9999999999999998
-0.9999999999999998
-4.597017211338539e-17
-0.9999999999999999
0.9999999999999999
8.673617379884035e-19
-0.9999999999999999
-3.4694469519536138e-18
1.249000902703301e-16
-0.9999999999999998
-7.28583859910259e-17
1.474514954580286e-17
-0.9999999999999999
-2.1163626406917047e-16
-0.9999999999999999
-6.938893903907228e-18
-0.9999999999999999
-2.0816681711721685e-17
-0.9999999999999999
-0.9999999999999999
1.3877787807814457e-17
-5.204170427930421e-18
1.1716873302045763e-34
1.9081958235744878e-17
-0.9999999999999998
-1.734723475976807e-18
-6.938893903907228e-18
-0.9999999999999999
-0.9999999999999999
9.367506770274758e-17
-0.9999999999999996
-0.9999999999999998
-0.9999999999999998
-6.938893903907228e-18
-0.9999999999999999
-1.3877787807814457e-17
-0.9999999999999998
-0.9999999999999999
3.5561831257524545e-17
0.9999999999999999
-1.3877787807814457e-17
-0.9999999999999999
0.9999999999999999
-1.8388068845354155e-16
-0.9999999999999999
2.42861286636753e-17
-3.469446951953614e-18
-1.4224732503009818e-16
-2.6020852139652106e-18
-1.3704315460216776e-16
-0.9999999999999999
7.632783294297951e-17
-0.9999999999999999
1.1102230246251565e-16
-0.9999999999999998
-1.1102230246251565e-16
-2.7755575615628914e-17
0.9999999999999999
-0.9999999999999999
-3.191891195797325e-16
-7.979727989493313e-17
-0.9999999999999999
7.806255641895632e-18
-0.9999999999999999
-0.9999999999999998
-1.8041124150158794e-16
-0.9999999999999998
0.9999999999999999
-1.3183898417423734e-16
2.42861286636753e-16
-0.9999999999999998
6.071532165918825e-18
-0.9999999999999999
-0.9999999999999998
-0.9999999999999998
-1.1015494072452725e-16
-2.0122792321330962e-16
3.469446951953614e-17
-0.9999999999999999
-2.42861286636753e-17
2.7755575615628914e-17
1.8995222061946038e-16
-0.9999999999999999
-0.9999999999999998
-0.9999999999999999
-0.9999999999999999
-0.9999999999999999
-0.9999999999999996
-8.673617379884035e-17
0.9999999999999999
4.85722573273506e-17
6.158268339717665e-17
2.983724378680108e-16
-0.9999999999999999
-0.9999999999999999
6.245004513516506e-17
-0.9999999999999998
-3.469446951953614e-18
5.551115123125783e-17
-0.9999999999999999
-1.0755285551056204e-16
-0.9999999999999998
0.9999999999999998
-0.9999999999999999
0.9999999999999999
7.806255641895632e-18
-0.9999999999999999
-0.9999999999999998
-1.3877787807814457e-16
-0.9999999999999998
-1.1796119636642288e-16
0.9999999999999999
-2.7755575615628914e-16
-7.632783294297951e-17
0.9999999999999999
-1.0408340855860843e-17
4.163336342344337e-17
-0.9999999999999998
-0.9999999999999999
-0.9999999999999999
-0.9999999999999999
-0.9999999999999999
2.7755575615628914e-17
0.9999999999999999
3.469446951953614e-18
-0.9999999999999997
-0.9999999999999997
2.862293735361732e-17
-0.9999999999999999
-3.122502256758253e-17
-0.9999999999999998
4.163336342344337e-17
-0.9999999999999999
-0.9999999999999999
1.3541694921472754e-34
0.9999999999999999
-0.9999999999999998
0.9999999999999999
-4.336808689942018e-18
-0.9999999999999999
3.0184188481996443e-16
0.9999999999999999
0.9999999999999998
0.9999999999999999
-0.9999999999999998
2.636779683484747e-16
2.081668171172168e-17
-0.9999999999999999
-0.9999999999999999
-0.9999999999999998
-0.9999999999999997
0.9999999999999999
-0.9999999999999998
1.5092094240998222e-16
-3.2786273695961654e-16
-1.249000902703301e-16
3.5041414214731503e-16
-0.9999999999999999
3.122502256758253e-16
-0.9999999999999999
-2.0816681711721685e-17
-0.9999999999999999
-1.3877787807814463e-17
1.474514954580286e-17
1.700029006457271e-16
0.9999999999999999
-0.9999999999999999
-0.9999999999999999
3.122502256758253e-17
-1.8301332671555315e-16
-6.9388939039072245e-18
-0.9999999999999999
1.474514954580286e-17
-0.9999999999999999
-6.071532165918825e-18
-0.9999999999999998
-0.9999999999999999
-4.85722573273506e-17
-0.9999999999999999
-0.9999999999999999
-1.0
-0.9999999999999999
-0.9999999999999999
-0.9999999999999999
3.469446951953614e-17
0.9999999999999999
0.9999999999999998
-0.9999999999999999
-1.0
-0.9999999999999999
-0.9999999999999999
-1.0408340855860843e-17
-0.9999999999999999
-0.9999999999999999
-0.9999999999999999
-1.0
-0.9999999999999999
-1.0
-1.474514954580286e-17
-0.9999999999999999
-0.9999999999999999
-0.9999999999999998
1.0408340855860843e-17
-1.0
-1.5525775109992423e-16
-7.979727989493313e-17
-3.469446951953614e-17
-0.9999999999999999
5.204170427930418e-18
-0.9999999999999998
-0.9999999999999999
-1.0
-0.9999999999999999
-8.552847072295026e-50
4.163336342344337e-17
-0.9999999999999999
-0.9999999999999999
-0.9999999999999999
-0.9999999999999999
-0.9999999999999999
-0.9999999999999999
1.8388068845354155e-16
-2.3592239273284576e-16
-0.9999999999999999
-6.938893903907228e-18
1.1796119636642288e-16
-0.9999999999999998
-1.0
-0.9999999999999999
2.0122792321330962e-16
-0.9999999999999999
-1.0
1.734723475976807e-17
2.949029909160572e-17
-0.9999999999999999
0.9999999999999999
-0.9999999999999997
-0.9999999999999999
-0.9999999999999999
-2.42861286636753e-17
-1.0
-1.0
-1.0
-0.9999999999999999
1.0408340855860843e-17
5.858436651022879e-35
-8.326672684688674e-17
-0.9999999999999999
-5.551115123125783e-17
6.071532165918825e-18
-0.9999999999999999
-0.9999999999999999
-1.0
-0.9999999999999999
-1.0
3.8163916471489756e-17
-5.724587470723463e-17
-0.9999999999999999
-0.9999999999999999
1.1102230246251565e-16
-0.9999999999999999
4.683753385137379e-17
-1.3877787807814457e-16
2.0816681711721685e-17
-0.9999999999999998
-1.1622647289044608e-16
-0.9999999999999999
-2.0816681711721685e-17
-0.9999999999999999
-0.9999999999999994
-9.020562075079397e-17
1.222980050563649e-16
-9.540979117872439e-18
-1.1796119636642288e-16
-0.9999999999999999
-0.9999999999999998
-1.0
-0.9999999999999999
-1.0
-1.0
-0.9999999999999999
1.0
-0.9999999999999999
-0.9999999999999999
-0.9999999999999999
-1.5959455978986625e-16
-0.9999999999999999
-0.9999999999999999
-9.71445146547012e-17
-0.9999999999999999
-6.938893903907228e-17
-0.9999999999999999
-1.0
-0.9999999999999998
-1.682681771697503e-16
-1.0
-1.0
0.9999999999999999
-0.9999999999999999
-1.0
-1.0
0.9999999999999999
-0.9999999999999999
-1.0
-0.9999999999999999
-0.9999999999999999
-1.0
-2.1163626406917047e-16
-1.0
-8.326672684688674e-17
-0.9999999999999999
-1.5265566588595902e-16
-0.9999999999999998
-1.0
1.5959455978986625e-16
-2.0816681711721685e-17
-0.9999999999999999
-1.4224732503009818e-16
-1.0
-1.0
-0.9999999999999999
-5.204170427930421e-18
-0.9999999999999998
-8.673617379884035e-18
-1.0
-0.9999999999999999
-0.9999999999999999
-1.0
-0.9999999999999999
-1.0
2.671474153004283e-16
-0.9999999999999999
-0.9999999999999998
2.7755575615628914e-17
-0.9999999999999999
-0.9999999999999999
-1.0
0.9999999999999999
1.734723475976807e-17
-0.9999999999999999
-2.42861286636753e-17
1.491862189340054e-16
-0.9999999999999999
-0.9999999999999999
-1.0
-0.9999999999999999
-0.9999999999999998
-0.9999999999999999
0.9999999999999999
0.9999999999999999
2.0122792321330962e-16
-0.9999999999999999
-0.9999999999999999
-0.9999999999999999
-9.627715291671279e-17
-0.9999999999999999
-0.9999999999999998
-2.0816681711721685e-17
-0.9999999999999999
-6.245004513516506e-17
3.122502256758253e-17
-0.9999999999999999
-1.0
9.020562075079397e-17
-3.122502256758253e-17
0.9999999999999998
-1.0
-0.9999999999999999
-1.0
-0.9999999999999999
-2.7755575615628914e-17
1.734723475976807e-17
-2.42861286636753e-17
-1.0
-0.9999999999999999
-0.9999999999999999
-0.9999999999999999
-0.9999999999999999
-1.4224732503009818e-16
-1.0
-8.673617379884049e-19
-1.3877787807814457e-17
5.399493021727417e-34
-0.9999999999999999
-0.9999999999999998
-1.1102230246251565e-16
-0.9999999999999994
2.688821387764051e-17
-1.0
-1.040834085586084e-17
-8.326672684688674e-17
-8.673617379884035e-19
-1.0
0.9999999999999999
-1.1015494072452725e-16
-1.3877787807814457e-17
6.245004513516506e-17
-1.6479873021779667e-17
-0.9999999999999999
1.0
1.0
-1.0
-1.0
-0.9999999999999998
-1.942890293094024e-16
1.0
4.230688654655939e-35
-1.0
7.19910242530375e-17
2.168404344971009e-17
-0.9999999999999999
-0.9999999999999998
1.942890293094024e-16
-0.9999999999999999
-0.9999999999999999
-0.9999999999999999
-0.9999999999999998
-1.3183898417423734e-16
-0.9999999999999999
7.806255641895632e-18
-6.938893903907228e-18
-0.9999999999999999
-0.9999999999999997
-0.9999999999999999
-1.3877787807814457e-17
-0.9999999999999999
-0.9999999999999998
-0.9999999999999999
-0.9999999999999999
-1.0
-3.4694469519536134e-18
-1.0
-1.0
-0.9999999999999999
-5.204170427930423e-18
-0.9999999999999999
-0.9999999999999999
0.9999999999999999
-0.9999999999999998
-0.9999999999999999
-0.9999999999999999
-0.9999999999999999
-0.9999999999999998
-0.9999999999999999
3.382710778154774e-17
-0.9999999999999999
-2.6020852139652106e-17
-1.0
-0.9999999999999999
0.9999999999999998
-1.8735013540549517e-16
2.7755575615628907e-17
1.3877787807814457e-17
-0.9999999999999999
-0.9999999999999999
-0.9999999999999999
-1.682681771697503e-16
1.3877787807814457e-17
-0.9999999999999999
-0.9999999999999998
1.0408340855860843e-17
2.7755575615628914e-17
-1.249000902703301e-16
-0.9999999999999999
-1.214306433183765e-17
-5.551115123125783e-17
-0.9999999999999998
-1.5612511283791264e-17
-0.9999999999999999
-0.9999999999999999
3.469446951953614e-17
2.7755575615628914e-17
-2.7755575615628914e-17
-0.9999999999999999
-3.3306690738754696e-16
-9.71445146547012e-17
1.0408340855860843e-17
-4.163336342344337e-17
-0.9999999999999999
-0.9999999999999993
-1.3010426069826053e-17
0.9999999999999999
-0.9999999999999999
-0.9999999999999999
-0.9999999999999998
2.42861286636753e-17
-0.9999999999999999
-0.9999999999999999
-0.9999999999999999
-0.9999999999999998
-0.9999999999999999
