-1.6586209592461092
-1.5891423179013966
-1.6533357715499581
-1.6161375579171011
-1.68359000538306
-1.6097289899971428
-1.5300493798001424
-1.6303903847964594
-1.6201325524020789
-1.6205488157457995
-1.6001815346506065
-1.665423343463817
-1.5524378336260467
-1.609739008056242
-1.6350281304714913
-1.635093703826381
-1.621684089977618
-1.5236632837842654
-1.6120590170734868
-1.6087564767510314
-1.533703244910945
-1.6194040479948588
-1.6191029208761811
-1.64948345011483
-1.589202850519571
-1.6413600927357506
-1.6162309065381064
-1.650809565539847
-1.5402509384889054
-1.6793955942709287
-1.705020357701282
-1.7336968463607134
-1.6694117268583988
-1.6047840319680016
-1.5499479589246579
-1.538680970177853
-1.288665214516937
-1.6393937984743225
-1.6583534877034058
-1.639612823837704
-1.6153398096995277
-1.6373311797739885
-1.7077545395220897
-1.6166509189181368
-1.5736508794076502
-1.6485817436863959
-1.6482530245295604
-1.6297829840185896
-1.6098606151928252
-1.6396275754133853
-1.6267151444977221
-1.6295610919635495
-1.7363944505845603
-1.6353781654465047
-1.4900980676474627
-1.7671414935319452
-1.6683252260459611
-1.6386640492952447
-1.5930634975160864
-1.6456343489437304
-1.5211158189799021
-1.6563293800183723
-1.6430423596744208
-1.7204227698697423
-1.5868940386228818
-1.6000617502502237
-1.6232915705151305
-1.776326201905019
-1.624069358331509
-1.605085458161779
-1.633654096980276
-1.6445785190185376
-1.6952520030104568
-1.6329434274895194
-1.599552753669524
-1.6831788418932454
-1.6199458387927308
-1.707931078488342
-1.5935733889764985
-1.524492506365032
-1.5940060333815018
-1.5727565077925958
-1.594745763566787
-1.5767039899498239
-1.6487252540165704
-1.6662575100750632
-1.6386574607970186
-1.6352009594462231
-1.6716064632323082
-1.6290484340888278
-1.5443937149571423
-1.6510217064163908
-1.537739772993239
-1.7271391309096686
-1.6141525382104007
-1.7199727022373987
-1.635140364317453
-1.6634564399323106
-1.6120826589033757
-1.6427315819074524
-1.6334053018074561
-1.6174263679385097
-1.5816082135176706
-1.6311485506274315
-1.5820836468210324
-1.6581568936478885
-1.6432114097988089
-1.7367646047106748
-1.621142194068003
-1.6901183181706714
-1.629629184709838
-1.5251445929629892
-1.6087614348603592
-1.6269518515346548
-1.6404331790178246
-1.6031232120804373
-1.6360406362501483
-1.6352537598909485
-1.6150940726209302
-1.5991055309260322
-1.5739065637547962
-1.7001093645173397
-1.6504416696863318
-1.622639096454413
-1.6320669925234432
-1.4143270108933468
-1.6389015150130404
-1.5634432126354798
-1.595651655924577
-1.5773310420975952
-1.5225782489057154
-1.596610216650117
-1.6529941907625838
-1.658205597089998
-1.5718470884172426
-1.5402381461417394
-1.6344480335198466
-1.6132406323587094
-1.5516879563724644
-1.750616290489352
-1.606916259839836
-1.5157939005731444
-1.4767172139131888
-1.5020284504035566
-1.6245767687496102
-1.6035114280242513
-1.5749863497020307
-1.6833835779466957
-1.6150443032511481
-1.691851644280716
-1.675550776034453
-1.6734485812880646
-1.5563291796576124
-1.6376445177029706
-1.6681266557420176
-1.7821019871108934
-1.5942670629106974
-1.7165685530173098
-1.6081914899069845
-1.6522184822238293
-1.616833564644487
-1.6302617329569804
-1.560122662038346
-1.4777366559669391
-1.6483577330598145
-1.6704289280154463
-1.6445126490969881
-1.4865332213703826
-1.6369143391744163
-1.5156023084554455
-1.5455319820898783
-1.5956504017182311
-1.6078155219810184
-1.6239831357569043
-1.554518437948666
-1.568988810543905
-1.6255825390604481
-1.7018411190058353
-1.528014035516442
-1.6094020300217264
-1.6337856924069374
-1.5684136747536823
-1.6365015289806342
-1.602619743492954
-1.6215907037758654
-1.6371033309725012
-1.6411559092838504
-1.7733363786780778
-1.541439215179371
-1.724402611996242
-1.5879350298098385
-1.5242004465594619
-1.6224164858499033
-1.6560600923351698
-1.7263568305583175
-1.6620875476026924
-1.6345578884415402
-1.5894927466161357
-1.599179205275042
-1.606484321876021
-1.5506988301623417
-1.6245218080870396
-1.5208668723466023
-1.5727500398429362
-1.451640161408673
-1.6543291433223402
-1.6226939434714327
-1.6333416868206048
-1.652801355930365
-1.5982096053540875
-1.5747636824180278
-1.681740369626495
-1.6766322443055142
-1.6176395099043694
-1.5384110728754943
-1.6840896569350303
-1.6097129944539765
-1.650009058867224
-1.6387114979805373
-1.685182801506604
-1.5798136721645575
-1.6640765859149291
-1.7174817301763627
-1.682199125694452
-1.6152544237494852
-1.6041306932639174
-1.6203848923936857
-1.6763021495167716
-1.636157252886905
-1.5105350596987308
-1.7227846329499832
-1.5652944746799236
-1.669260793795236
-1.6694990578417068
-1.6388892692301487
-1.618842946278289
-1.5379060634245594
-1.7552323052330825
-1.6447335200130964
-1.5948491532751123
-1.5159990040762996
-1.6098153408920948
-1.633851508201635
-1.6155101267193208
-1.5654619413483726
-1.6098448122148066
-1.6749306607745964
-1.5143329147802622
-1.5860574863647645
-1.5899838457278312
-1.5784502438675474
-1.6806111881792507
-1.5815825669363408
-1.6071676442911456
-1.6026649075542687
-1.6259180662559007
-1.5848784851993354
-1.7360444802628812
-1.5909875656340564
-1.6023631533691907
-1.5863370584881367
-1.54990048772573
-1.6140185524960624
-1.6643432175022599
-1.6688634876809523
-1.6518464542168094
-1.608159809396516
-1.7003458464299794
-1.5948574203686632
-1.751204441419552
-1.7452109322022116
-1.58799944970737
-1.6222099781710753
-1.634002055976564
-1.5927365389694363
-1.6025003954070218
-1.7247186086057795
-1.6050913734538026
-1.584274153194617
-1.6322463698307454
-1.5218906884445138
-1.5738703240317
-1.4828067641144607
-1.6435282987670756
-1.6341297318888783
-1.6115864883985307
-1.6241960395228283
-1.6127357284747694
-1.7356152668194584
-1.6017010049861515
-1.618630577211321
-1.6202715744624236
-1.582542484581869
-1.654464067668114
-1.6733841065968873
-1.5975244191804323
-1.6451650632894053
-1.6245621636926049
-1.6475572280130053
-1.7270135471654697
-1.6177323249320974
-1.5993354605172272
-1.6261749557435066
-1.553583982996296
-1.632328165851011
-1.4890536428427419
-1.5683720287455942
-1.5957188752228688
-1.5691675835573435
-1.8031048822745572
-1.6306400342926035
-1.4603524640649912
-1.6483730381998196
-1.6559603198432467
-1.6401834885159903
-1.5989870583077879
-1.5483343391494415
-1.668995373189267
-1.6397629905114124
-1.3913602760883332
-1.6826007413680701
-1.6780540632129495
-1.6555076359092586
-1.6083588991566462
-1.5700017093828513
-1.6529194032523453
-1.6417746042473793
-1.5756029625360872
-1.676374885115217
-1.6585933292706718
-1.4753708939525336
-1.7051325889463687
-1.6371945013701623
-1.5928412346586616
-1.7008435579320733
-1.6371162943185202
-1.7404528652865805
-1.5132919129156388
-1.6394115275676986
-1.540194510495077
-1.6602498164535204
-1.630569272073106
-1.6273000242712663
-1.6621002418570137
-1.6696227671088664
-1.6408101555608854
-1.620634052725275
-1.6240106890151764
-1.6817299216878316
-1.6441003953239284
-1.6218139775810512
-1.6568381283254001
-1.5493789039989494
-1.6731133774694544
-1.498203978375177
-1.6060143521486694
-1.700571783671145
-1.6731411359701112
-1.6013102320424606
-1.560814744827639
-1.592230660561513
-1.681157486673104
-1.688854343228296
-1.6236952800096236
-1.584869637345195
-1.4120327230867384
-1.5672226295764036
-1.6131569023871926
-1.6347631179910451
-1.6510838614572012
-1.564963276818132
-1.663936204789679
-1.645315280105555
-1.6694273472978467
-1.5365189493253997
-1.6680875566939786
-1.6467243321836176
-1.579457315972575
-1.6217341415056812
-1.7209125588794651
-1.5934310560562692
-1.5680854481736755
-1.5783288856185727
-1.6053846974894963
-1.611676702111922
-1.6324820764749917
-1.6016388677768778
-1.5934546176524556
-1.6416956646341716
-1.5621939042209492
-1.5618658719730663
-1.7070234527158568
-1.6516916400185644
-1.6230478203066174
-1.5870710094086444
-1.5822213066920066
-1.5893851939499608
-1.6337808992352807
-1.566442821654868
-1.7065107051910042
-1.633384259084823
-1.6477485040504343
-1.6240625005232476
-1.6103183633809506
-1.673590411180234
-1.683952411892689
-1.613822707124364
-1.7384380045885022
-1.474216708043253
-1.5795514336462235
-1.6439063141323333
-1.6270879545114252
-1.6029155606307424
-1.549832167468291
-1.6169034420910462
-1.5668474794331622
-1.4606475016316378
-1.586513943745114
-1.5365596198785576
-1.6434285371610335
-1.6486788654661466
-1.5703889435683624
-1.5824718150981434
-1.6997346173546783
-1.6331882983834611
-1.621037272450544
-1.689824364878131
-1.662221063260996
-1.5852102285676977
-1.5799424277737262
-1.727909630530762
-1.6510518145035384
-1.6433212697665267
-1.6245476419576066
-1.609733649405928
-1.546757811006695
-1.6275078593937378
-1.5155113002828124
-1.7133352615503266
-1.6873214393109688
-1.6334471577815068
-1.6597041427310828
-1.7086984809519137
-1.6378027628330922
-1.573417680365733
-1.6585339721316548
-1.63744071624515
-1.6269583220002313
-1.5882847904953732
-1.63806407162886
-1.6678764611038583
-1.6754734611186672
-1.5233721920000214
-1.5935742745331216
-1.6565311451627227
-1.6164919377776044
-1.548810522409454
-1.6043000669158807
-1.6182735654976579
-1.6667236529206466
-1.6017276506877267
-1.6522031581138898
-1.566563733936115
-1.595246391783232
-1.6386221065669266
-1.5846808738408267
-1.6709816203776762
-1.6227051662456287
-1.6068329468300084
-1.6793277292720656
-1.6860745209704144
-1.5163677973460636
-1.718448964591217
-1.6754865281152618
-1.6423318840515648
-1.6260369657369844
-1.6288274891657109
-1.62259389280837
-1.653551173551982
-1.5665399355474978
-1.6355132212880634
-1.696856503798919
-1.5932846328916987
-1.61782786951363
-1.634078025073426
-1.5566498948594054
-1.6068579709644635
-1.57263605551279
-1.674840210325167
-1.5192989463652995
-1.683937903562853
-1.5723235992768472
-1.4622265656692899
-1.6132968357424997
-1.6079032269815585
-1.540227193267341
-1.6222295543452159
-1.5326132889416169
-1.6482678689329076
-1.598796680480477
-1.6896962513501703
-1.8031048822745572
-1.794535008965327
-1.7110106424257114
-1.791505302074371
-1.5881527436535123
-1.8372595192945302
-1.638799055273878
-1.8060457762024518
-1.7039380250015121
-1.8166341282421592
-1.796811927759731
-1.816131486526217
-1.6440354003936928
-1.7528734737449618
-1.6859222436646457
-1.8372595192945302
-1.8286896459853
-1.8203646366085595
-1.6051318000540056
-1.7051387994061948
-1.575491550896722
-1.624351349140918
-1.6820446538351002
-1.8799840296237336
-1.6041407776212446
-1.8714141563145033
-1.6691825799813134
-1.6464976524624229
-1.656575636808762
-1.6153036986967244
-1.8166341282421592
-1.7072963164341146
-1.8246839207732195
-1.7832750054852209
-1.722717581832928
-1.6158494701398851
-1.7767780583790191
-1.7533572705721312
-1.8321141297698784
-1.9020505254742655
-1.8408018259884127
-1.6138043641271305
-1.5546864874759887
-1.8174700708514322
-1.5282593439973762
-1.860948510943699
-1.8245281048927364
-1.6785080070432146
-1.5831270009345848
-1.814885686783782
-1.6934684292942555
-1.6933759371256423
-1.740051229715517
-1.8138227100217108
-1.8131483729955353
-1.6307817390160368
-1.6352145674665073
-1.681847153863783
-1.7995769057754734
-1.719973780998431
-1.6589065651556871
-1.611110024692519
-1.8765006963724988
-1.7411260920320368
-1.7721905459173812
-1.771880379873139
-1.5971030414548326
-1.7433192590812827
-1.8233317591566447
-1.8138227100217108
-1.8910989346513805
-1.7123298831230684
-1.8010719922796072
-1.756297310574612
-1.5521530508818842
-1.8910989346513805
-1.832272766331169
-1.8262725650523028
-1.8825290613421501
-1.6399882614845482
-1.6856060354921338
-1.8430305687825437
-1.6581546055340217
-1.8072959782797415
-1.7648846324925878
-1.8110266654810643
-1.8228088402291893
-1.7932685240415374
-1.811026665481064
-1.8024567921718342
-1.6148614674984771
-1.538799975820024
-1.7351847787719292
-1.8910989346513805
-1.8103092225421646
-1.5652359304513488
-1.8363660129138055
-1.6833431806157875
-1.867560606842052
-1.8908958975783625
-1.8799443067554775
-1.8908958975783625
-1.815094377399468
-1.7843453643594525
-1.8910989346513805
-1.88690399358397
-1.7904066840752866
-1.9807127583248478
-1.6540807553419241
-1.7314445478327474
-1.878780463783724
-1.6990497139604537
-1.9899646638762305
-1.6357894592756952
-1.9150730620887455
-1.7377013624054725
-1.865893720888578
-1.6870059415025145
-1.9905081280558083
-1.7059348309309899
-1.9288089983365901
-1.8592971788106216
-1.90461387907862
-1.6766671389362209
-1.945555841810274
-1.7054896230654344
-1.6446294663742982
-1.8377446427055366
-1.723798751549027
-1.7744756341953212
-1.845309253939825
-1.7087263027511683
-1.7819156552607602
-1.845309253939825
-1.8974377096319894
-1.8677775874609215
-1.7547222591432639
-1.9387486603985906
-1.759821273402411
-1.9494073194837733
-1.6850163310039095
-1.6648762807758084
-1.9510537540741713
-1.7145320982842265
-1.9147719991381105
-1.7655826424674326
-1.6123633899483019
-1.9753323149912896
-1.5674397709725683
-1.685366544176202
-1.8243142431395503
-1.9667078354481053
-1.9753323149912896
-1.8271857594501437
-2.0111478957108697
-1.8373367797540303
-1.9854133656327275
-1.7200573317552217
-1.995318491740599
-1.62169292881801
-2.0311936066616276
-1.6165786824888921
-1.7930584078805452
-1.8427612936808162
-2.0325214550640016
-1.7595785081951676
-1.856762875139366
-1.9303695668898289
-1.9675332288125995
-1.8383768257671633
-1.87846914642048
-2.075407465247768
-1.8061583227660483
-1.9247748126164914
-1.8014758730217495
-2.1202059671326303
-2.024475794476779
-1.7817507658951757
-2.0280643084643484
-1.8665330349067921
-2.1202059671326303
-1.6627741400467322
-1.9634759876247574
-2.111924965964815
-1.7018771816541152
-1.6934619769183261
-1.3248767439019429
-2.111924965964815
-1.716701573143913
-1.430030511264209
-1.615727942669677
-1.7400357162821285
-1.6486254871917485
-1.7959283238446155
-1.519109622018867
-1.9707581991601137
-1.8728949355798203
-2.028846828502464
-2.0864156694511813
-1.7191335933394476
-1.4984514042167676
-2.056298814255724
-1.6978802594717268
-1.7635448234146858
-1.469045883011482
-2.111924965964816
-2.111924965964815
-1.6328749298821084
-1.7675193573115755
-1.635386695864144
-1.7808356157431957
-1.983487235831977
-2.0609063729375467
-2.1969183340464395
-1.977623286948027
-2.2040260644516234
-1.6552040588632575
-1.6709521993121264
-1.6873112999177131
-2.145739608757734
-1.6918039013503368
-1.7558191308315023
-1.8613359630937305
-2.072038693085308
-1.7089139740546544
-1.7288414866667123
-2.0779457841905136
-1.8011173464037853
-1.6339657964910859
-1.9645337900634436
-2.0531907040969397
-1.5181428342774628
-2.0638041934461153
-1.9789995930551467
-1.4566450504842952
-1.8592114838450096
-2.072038693085308
-2.077203296706016
-2.113369680055062
-2.079980300071607
-1.9262615788969581
-1.7779747534032884
-2.4206165505866926
-1.6402344215684364
-1.698998577082956
-1.673322364352948
-1.7525877567336532
-2.3330060501313783
-2.207196216410885
-2.0526253717697314
-1.6297745545793965
-1.9708536651249524
-1.6713042465875725
-1.5841516712436567
-2.4206165505866926
-1.5965839292677544
-2.029410347669244
-1.8542513498315834
-2.2054696115970494
-2.3330060501313783
-2.005766037300648
-1.8400668883741007
-2.16275454983605
-1.990322672607406
-2.3046865771231553
-1.2871360297083876
-1.1060943818312685
-1.892585353309613
-2.1291814048992417
-0.9670545595972468
-2.4206165505866926
-1.990322672607406
-1.7892689088523648
-1.8796583171352033
-2.2054696115970494
-1.6136137749715527
-1.5303259498591038
-2.146049922653164
-2.0086002399272234
-1.556988274971297
-2.175170027622808
-2.4206165505866926
-1.946687725558464
-1.7303631840034899
-2.4206165505866926
-2.089794017698095
-1.9615672352208353
-1.9423976836987589
-1.9698185052062591
-2.0505983854050447
-1.5713455738195108
-2.128365387459643
-1.5498614272941404
-2.23685703948665
-1.9720150856365901
-1.8918839381172972
-1.4177621040115183
-2.145334856162799
-1.9515506988725313
-2.338636444469432
-2.338636444469432
-2.3216615107962943
-2.4206165505866926
-2.089794017698095
-1.1466142863702076
-2.338636444469432
-1.6021884963422082
-1.960162368590428
-2.4206165505866926
-1.645924688430764
-1.9136613610092186
-2.3046865771231553
-1.777719959201377
-1.8269158536469183
-1.7876123784576077
-1.9075411104396887
-2.145342828588917
-2.4206165505866926
-1.6633698307770453
-2.4206165505866926
-2.3046865771231553
-2.4206165505866926
-1.4714120289309651
-1.5906243801481252
-1.710120108188866
-1.6483811677212004
-1.6659817333249534
-1.990322672607406
-1.7348775387471242
-2.261614998281889
-2.2227064710058952
-2.0435070011622267
-1.9771029258015282
-2.3046865771231553
-2.146049922653164
-1.9086354043866438
-1.9761525657358228
-2.196597715371942
-1.8844202083868924
-2.025630085631022
-1.8574889484239492
-1.6366463664774418
-1.9475070837900752
-2.098230218789844
-1.5025179198549778
-2.1931785254471636
-1.560783193254568
-2.4206165505866926
-1.9102375044501918
-2.089794017698095
-2.1460499226531646
-2.088642402035181
-1.9615672352208353
-2.089794017698095
-2.089794017698095
-2.4206165505866926
-1.5640111644675643
-1.8144338908167152
-2.3216615107962943
-1.7000323675284243
-2.2054696115970494
-2.1740821837074487
-2.1544231644655336
-2.1291814048992417
-1.7709759084014518
-2.025630085631022
-1.6232826335209234
-2.4206165505866926
-1.5894656608738709
-2.4206165505866926
-2.025630085631022
-1.8700691065911417
-2.4206165505866926
-2.0198648234802015
-1.9303849630497734
-2.1422822091375346
-1.87814788601113
-1.5520349025717242
-2.1931785254471636
-2.146049922653164
-2.4206165505866926
-2.196597715371942
-2.3187052259972627
-2.4206165505866926
-2.4206165505866926
-2.1931785254471636
-2.196597715371942
-2.4206165505866926
-1.9367287850867687
-2.025630085631022
-2.2665311150934526
-2.146049922653164
-1.8844202083868924
-2.4206165505866926
-1.6865069630212093
-2.16275454983605
-2.4206165505866926
-2.1493242249122098
-2.4206165505866926
-2.4206165505866926
-1.6654916764626213
-2.0288353652741398
-2.089794017698095
-2.321928435330097
-2.098230218789844
-1.9676967164015988
-2.4206165505866926
-2.1283653874596427
-2.2227064710058952
-1.6118176784564187
-1.7589714848094975
-2.3960649666944898
-2.2227064710058952
-2.156630852600326
-2.321928435330097
-1.9266750458406234
-1.7893755769314215
-2.261614998281889
-1.951889364789391
-1.9698185052062591
-2.2616149982818894
-2.3246177955953247
-2.194888120409553
-2.3046865771231553
-2.025630085631022
-2.1525183794867924
-2.3216615107962943
-2.4206165505866926
-2.1246046638122493
-2.4206165505866926
-2.175170027622808
-2.164975906780608
-2.4206165505866926
-2.2227064710058952
-1.8938999097224458
-2.1283653874596427
-2.4206165505866926
-2.4206165505866926
-2.4206165505866926
-2.4206165505866926
-1.9691596902324133
-2.3216615107962943
-2.146049922653164
-1.6724709385990173
-2.194888120409553
-2.3216615107962943
-2.4206165505866926
-1.6736791158367286
-2.4206165505866926
-2.15599209170185
-2.1642440326059975
-1.796191695495069
-2.091091119417417
-2.4206165505866926
-2.2227064710058952
-2.2054696115970494
-2.4206165505866926
-1.990322672607406
-2.4206165505866926
-2.3216615107962943
-1.5894259343292945
-1.990322672607406
-1.3230797946616715
-1.494075108126002
-2.4206165505866926
-2.4206165505866926
-2.2227064710058952
-2.0198648234802015
-1.8210558464547006
-2.3216615107962943
-2.4206165505866926
-2.0676438951545584
-2.2054696115970494
-2.164975906780608
-1.9563374344687718
-2.196597715371942
-2.025630085631022
-2.0469777429877603
-2.2054696115970494
-2.3216615107962943
-1.5279775743535824
-2.4206165505866926
-2.146397246532779
-2.027099390080994
-2.3246177955953247
-2.4206165505866926
-2.4206165505866926
-2.055114242853077
-2.15599209170185
-1.5911870100263685
-2.3187052259972627
-2.098230218789844
-2.2594233846882683
-2.4206165505866926
-1.615315718135439
-2.4206165505866926
-2.4206165505866926
-2.4206165505866926
-2.2645313336074366
