-0.9999999999999989
-0.6195141949960657
-0.6195141949960656
-0.6535948072020599
-0.6876754194080541
-0.9999999999999989
-0.687675419408054
-0.6535948072020599
-0.6535948072020599
-0.6195141949960657
-0.6530339113699589
-0.6876754194080541
-0.6535948072020599
-0.9999999999999992
-0.6195141949960657
-0.6535948072020599
-0.9999999999999991
-0.6535948072020599
-0.6535948072020599
-0.687675419408054
-0.6876754194080541
-0.6535948072020599
-0.687675419408054
-0.6195141949960657
-0.6535948072020599
-0.9999999999999989
-0.9301067206887321
-0.9999999999999992
-0.6535948072020599
-0.6535948072020599
-0.9999999999999996
-0.687675419408054
-0.6195141949960657
-0.5848726869579705
-0.6535948072020599
-0.6535948072020599
-0.6530339113699589
-0.6535948072020599
-0.687675419408054
-0.6535948072020599
-0.3770828937153877
-0.6535948072020599
-0.7071067811865472
-0.3776437895474887
-0.6535948072020599
-0.6535948072020599
-0.6876754194080541
-0.6535948072020599
-0.6535948072020599
-0.6195141949960657
-0.9999999999999989
-0.6535948072020599
-0.6876754194080541
-0.6535948072020599
-0.7211951357819473
-0.6535948072020599
-0.6535948072020599
-0.9999999999999996
-0.6876754194080541
-0.687675419408054
-0.6535948072020599
-0.687675419408054
-0.3765219978832868
-0.6195141949960656
-0.7071067811865476
-0.687675419408054
-0.5848726869579705
-0.687675419408054
-0.9999999999999993
-0.6535948072020599
-0.6535948072020599
-0.6876754194080541
-0.3776437895474887
-0.6195141949960656
-0.6535948072020599
-0.7071067811865468
-0.9999999999999996
-0.6195141949960656
-0.6535948072020599
-0.687675419408054
-0.9999999999999996
-0.6876754194080541
-0.9301067206887321
-0.6195141949960657
-0.6195141949960657
-0.6535948072020599
-0.6535948072020599
-0.6535948072020599
-0.687675419408054
-0.6535948072020599
-0.6535948072020599
-0.6535948072020599
-0.6535948072020599
-0.6535948072020599
-0.6535948072020599
-0.687675419408054
-0.9999999999999993
-0.6535948072020599
-0.6195141949960657
-0.6535948072020599
-0.6535948072020599
-0.9999999999999996
-0.6535948072020599
-0.6535948072020599
-0.6535948072020599
-0.6535948072020599
-0.9999999999999992
-0.6535948072020599
-0.687675419408054
-0.3770828937153877
-0.6876754194080541
-0.9301067206887321
-0.6535948072020599
-0.7071067811865472
-0.6535948072020599
-0.49999999999999994
-0.6535948072020599
-0.6535948072020599
-0.6535948072020599
-0.6535948072020599
-0.707106781186547
-0.6535948072020599
-0.9301067206887321
-0.7071067811865469
-0.3770828937153877
-0.6535948072020599
-0.9301067206887321
-0.9999999999999996
-0.6535948072020599
-0.6195141949960656
-0.6195141949960657
-0.3770828937153877
-0.3770828937153877
-0.9999999999999996
-0.3770828937153877
-0.6535948072020599
-0.6535948072020599
-0.6195141949960657
-0.7071067811865469
-0.9999999999999996
-0.9999999999999996
-0.6535948072020599
-0.6195141949960657
-0.3770828937153877
-0.9999999999999996
-0.6195141949960656
-0.6535948072020599
-0.9999999999999996
-0.6535948072020599
-0.9999999999999989
-0.7071067811865475
-0.6541557030341608
-0.6195141949960656
-0.9306676165208331
-0.6535948072020599
-0.6195141949960657
-0.6535948072020599
-0.6195141949960657
-0.9295458248566312
-0.6195141949960656
-0.6535948072020599
-0.9999999999999991
-0.6535948072020599
-0.3770828937153877
-0.6541557030341608
-0.3776437895474887
-0.5848726869579705
-0.687675419408054
-0.687675419408054
-0.6876754194080541
-0.3770828937153877
-0.6195141949960657
-0.6535948072020599
-0.6535948072020599
-0.9999999999999991
-0.6535948072020599
-0.9999999999999989
-0.687675419408054
-0.6535948072020599
-0.6535948072020599
-0.6535948072020599
-0.6541557030341609
-0.6535948072020599
-0.6535948072020599
-0.9999999999999996
-0.9999999999999996
-0.9999999999999993
-0.6535948072020599
-0.9999999999999996
-0.7071067811865469
-0.7211951357819473
-0.6876754194080541
-0.6195141949960657
-0.6541557030341609
-0.9999999999999993
-0.6195141949960656
-0.6535948072020599
-0.6195141949960656
-0.687675419408054
-0.6530339113699589
-0.6195141949960657
-0.6535948072020599
-0.6541557030341609
-0.6535948072020599
-0.9301067206887321
-0.7071067811865472
-0.6535948072020599
-0.3770828937153877
-0.6541557030341609
-0.6535948072020599
-0.3770828937153877
-0.6876754194080541
-0.6195141949960657
-0.9301067206887321
-0.6535948072020599
-0.9301067206887321
-0.6535948072020599
-0.6535948072020599
-0.6535948072020599
-0.6535948072020599
-0.687675419408054
-0.6535948072020599
-0.3770828937153877
-0.9999999999999991
-0.6535948072020599
-0.9999999999999992
-0.6535948072020599
-0.3770828937153877
-0.9999999999999996
-0.6195141949960657
-0.9301067206887321
-0.6535948072020599
-0.6876754194080541
-0.9999999999999992
-0.6535948072020599
-0.6876754194080541
-0.6535948072020599
-0.6535948072020599
-0.9999999999999993
-0.7071067811865468
-0.6195141949960656
-0.9999999999999993
-0.6195141949960656
-0.9301067206887321
-0.707106781186547
-0.6535948072020599
-0.6535948072020599
-0.6535948072020599
-1.0
-0.6535948072020599
-0.687675419408054
-0.6530339113699589
-0.3770828937153877
-0.9301067206887321
-0.9301067206887321
-0.9999999999999996
-0.6535948072020599
-0.9301067206887321
-0.6535948072020599
-0.6535948072020599
-0.6195141949960657
-0.3770828937153877
-0.6535948072020599
-0.6535948072020599
-0.9999999999999996
-0.6876754194080541
-0.6535948072020599
-0.6535948072020599
-0.6535948072020599
-0.6535948072020599
-0.9999999999999992
-0.9999999999999999
-0.6876754194080541
-0.3770828937153877
-0.6535948072020599
-0.6535948072020599
-0.6535948072020599
-0.6535948072020599
-0.687675419408054
-0.6876754194080541
-0.9999999999999996
-0.6535948072020599
-0.6195141949960657
-0.3770828937153877
-0.6195141949960657
-0.9301067206887321
-0.6535948072020599
-1.0
-0.6530339113699589
-0.6535948072020599
-0.687675419408054
-0.9999999999999996
-0.3770828937153877
-0.7071067811865474
-0.9301067206887321
-0.6535948072020599
-0.6541557030341608
-0.6535948072020599
-0.687675419408054
-0.6535948072020599
-0.6535948072020599
-0.6535948072020599
-0.6541557030341608
-0.3770828937153877
-0.7071067811865475
-0.687675419408054
-0.6535948072020599
-0.6535948072020599
-0.7211951357819473
-0.6541557030341608
-0.6535948072020599
-0.6535948072020599
-0.6535948072020599
-0.9999999999999998
-0.6876754194080541
-0.687675419408054
-0.6535948072020599
-0.6535948072020599
-0.6195141949960656
-0.6535948072020599
-0.6876754194080541
-0.6535948072020599
-0.6195141949960656
-0.9301067206887321
-0.6541557030341609
-0.6535948072020599
-0.3770828937153877
-0.9999999999999989
-0.9301067206887321
-0.6535948072020599
-0.6541557030341608
-0.9999999999999993
-0.7071067811865472
-0.6195141949960656
-0.6535948072020599
-0.6876754194080541
-0.6535948072020599
-0.6535948072020599
-0.6195141949960657
-0.3776437895474887
-0.3776437895474887
-0.9999999999999991
-0.6876754194080541
-0.7211951357819473
-0.687675419408054
-0.6535948072020599
-0.6535948072020599
-0.6195141949960656
-0.687675419408054
-0.6535948072020599
-0.9999999999999991
-0.6195141949960657
-0.6535948072020599
-0.3765219978832868
-0.9306676165208331
-0.9999999999999998
-0.6535948072020599
-0.6876754194080541
-0.6535948072020599
-0.9999999999999991
-0.3765219978832868
-0.9999999999999998
-0.6876754194080541
-0.3770828937153877
-0.6535948072020599
-0.6535948072020599
-0.6535948072020599
-0.9301067206887321
-0.6541557030341608
-0.7071067811865468
-0.9999999999999993
-0.6876754194080541
-0.6541557030341609
-0.7071067811865469
-0.6535948072020599
-0.7071067811865469
-0.9301067206887321
-0.6195141949960657
-0.6876754194080541
-0.6535948072020599
-0.3770828937153877
-0.9301067206887321
-0.3770828937153877
-0.6535948072020599
-0.687675419408054
-0.687675419408054
-0.6535948072020599
-0.6530339113699589
-0.6541557030341609
-0.6535948072020599
-0.6541557030341608
-0.7071067811865475
-0.6535948072020599
-0.9999999999999993
-0.6530339113699589
-0.9295458248566312
-0.9999999999999993
-0.9999999999999991
-0.6535948072020599
-0.6535948072020599
-0.9306676165208331
-0.9999999999999996
-0.6195141949960657
-0.7071067811865468
-0.6535948072020599
-0.3770828937153877
-0.9306676165208331
-0.6535948072020599
-0.6195141949960657
-0.3770828937153877
-0.3770828937153877
-0.9999999999999996
-0.6535948072020599
-0.3770828937153877
-0.6535948072020599
-0.3770828937153877
-0.6541557030341609
-0.3770828937153877
-0.687675419408054
-0.6535948072020599
-0.6535948072020599
-0.6535948072020599
-0.3770828937153877
-0.9306676165208331
-0.9999999999999997
-0.6876754194080541
-0.6195141949960656
-0.9295458248566312
-0.6535948072020599
-0.6535948072020599
-0.6535948072020599
-0.3765219978832868
-0.6535948072020599
-0.6535948072020599
-0.6535948072020599
-0.6535948072020599
-0.6535948072020599
-0.6535948072020599
-0.687675419408054
-0.6876754194080541
-0.6195141949960657
-0.6535948072020599
-0.9301067206887321
-0.7071067811865469
-0.6535948072020599
-0.6535948072020599
-0.6535948072020599
-0.6535948072020599
-0.6535948072020599
-0.9999999999999996
-0.6535948072020599
-0.6535948072020599
-0.687675419408054
-0.6535948072020599
-0.6195141949960656
-0.6535948072020599
-0.9999999999999996
-0.6535948072020599
-0.6876754194080541
-0.687675419408054
-0.3770828937153877
-0.6876754194080541
-0.7211951357819473
-0.6535948072020599
-0.6535948072020599
-0.6876754194080541
-0.687675419408054
-0.6535948072020599
-0.9999999999999996
-0.9999999999999989
-0.6195141949960657
-0.9301067206887321
-0.6535948072020599
-0.9999999999999996
-0.6535948072020599
-0.6535948072020599
-0.6541557030341608
-0.9301067206887321
-0.3770828937153877
-0.3765219978832868
-0.6535948072020599
-0.6530339113699589
-0.6535948072020599
-0.6535948072020599
-0.707106781186547
-0.6876754194080541
-0.6535948072020599
-1.0
-0.6535948072020599
-0.6535948072020599
-0.9301067206887321
-0.6530339113699589
-0.6541557030341609
-0.6535948072020599
-0.9999999999999991
-0.9999999999999996
-0.6535948072020599
-0.3770828937153877
-0.687675419408054
-0.6535948072020599
-0.6876754194080541
-0.9999999999999996
-0.6541557030341608
-0.6535948072020599
-0.9999999999999996
-0.6535948072020599
-0.9999999999999991
-0.9999999999999996
-0.6535948072020599
-0.6530339113699589
-0.6195141949960656
-0.9999999999999991
-0.6535948072020599
-0.6195141949960657
-0.6195141949960656
-0.9301067206887321
-0.9999999999999993
-0.6541557030341608
-0.7071067811865468
-0.6541557030341609
-0.6535948072020599
-0.6541557030341609
-0.6535948072020599
-0.6535948072020599
-0.9999999999999993
-0.9999999999999989
-0.6876754194080541
-0.6195141949960657
-0.7211951357819473
-0.687675419408054
-0.9301067206887321
-0.9999999999999987
-0.6535948072020599
-0.6535948072020599
-0.9999999999999996
-0.9301067206887321
-0.6195141949960656
-0.9999999999999996
-0.6195141949960656
-0.6876754194080541
-0.687675419408054
-0.9306676165208331
-0.7071067811865468
-0.9999999999999993
-0.9999999999999991
-0.9999999999999996
-0.687675419408054
-0.9999999999999996
-0.6195141949960657
-0.6535948072020599
-0.9999999999999993
-0.687675419408054
-0.9999999999999996
-0.6535948072020599
-0.9999999999999992
-0.6195141949960657
-0.6195141949960656
-0.687675419408054
-0.6535948072020599
-0.9999999999999993
-0.6535948072020599
-0.6876754194080541
-0.6195141949960656
-0.6535948072020599
-0.6535948072020599
-0.6195141949960656
-0.6195141949960656
-0.9999999999999991
-0.9999999999999993
-0.9999999999999996
-0.9999999999999993
-0.687675419408054
-0.6535948072020599
-0.9999999999999993
-0.9999999999999996
-0.6541557030341608
-0.6195141949960657
-0.3776437895474887
-0.6195141949960657
-0.6535948072020599
-1.0
-0.9999999999999996
-0.3765219978832868
-0.9999999999999996
-0.6876754194080541
-0.3770828937153877
-0.6195141949960657
-0.6876754194080541
-0.6541557030341608
-0.9999999999999996
-0.6535948072020599
-0.6541557030341608
-0.9999999999999989
-0.9999999999999993
-0.6530339113699589
-0.6541557030341608
-0.6195141949960657
-0.9999999999999991
-0.3776437895474887
-0.9999999999999996
-0.6541557030341608
-0.6195141949960656
-0.9999999999999991
-0.9999999999999992
-0.9999999999999993
-0.6535948072020599
-0.3776437895474887
-0.9999999999999993
-0.6535948072020599
-0.6876754194080541
-0.6541557030341608
-0.6535948072020599
-0.6535948072020599
-0.9999999999999991
-0.6195141949960657
-0.9301067206887321
-0.9999999999999991
-0.6535948072020599
-0.9306676165208331
-0.6535948072020599
-0.6535948072020599
-0.9999999999999993
-0.6535948072020599
-0.6195141949960656
-0.9999999999999996
-0.6535948072020599
-0.6535948072020599
-0.6530339113699589
-0.3765219978832868
-0.6535948072020599
-0.6876754194080541
-0.687675419408054
-0.6541557030341609
-0.9999999999999993
-0.6535948072020599
-0.6535948072020599
-0.9301067206887321
-0.6195141949960657
-0.6535948072020599
-0.9999999999999998
-0.9999999999999993
-0.9301067206887321
-0.6535948072020599
-0.6535948072020599
-0.6541557030341609
-0.6535948072020599
-0.6530339113699589
-0.7071067811865472
-0.6535948072020599
-0.6535948072020599
-0.6535948072020599
-0.6876754194080541
-0.9999999999999996
-0.7071067811865471
-0.6541557030341608
-0.7211951357819473
-0.9999999999999993
-0.6535948072020599
-0.6535948072020599
-0.7071067811865469
-0.9999999999999991
-0.6195141949960656
-0.6535948072020599
-0.6876754194080541
-0.9999999999999991
-0.9999999999999992
-0.7071067811865469
-0.6535948072020599
-0.9999999999999996
-0.3776437895474887
-0.9999999999999993
-0.6535948072020599
-0.6535948072020599
-0.9999999999999996
-0.9306676165208331
-0.3765219978832868
-0.6535948072020599
-0.9999999999999991
-0.9999999999999996
-0.3776437895474887
-0.9999999999999996
-0.9999999999999991
-0.7071067811865475
-0.6541557030341608
-0.9301067206887321
-0.6530339113699589
-0.9295458248566312
-0.5848726869579705
-0.6541557030341608
-0.6535948072020599
-0.9301067206887321
-0.6541557030341608
-0.9301067206887321
-0.3770828937153877
-0.9999999999999993
-0.7071067811865471
-0.6876754194080541
-0.6535948072020599
-0.6535948072020599
-0.6535948072020599
-0.6535948072020599
-0.6876754194080541
-1.0
-0.6195141949960656
-0.9999999999999996
-0.9999999999999997
-0.6535948072020599
-0.6535948072020599
-0.6530339113699589
-0.6876754194080541
-0.6541557030341608
-0.3770828937153877
-0.9999999999999992
-0.9999999999999987
-0.6535948072020599
-0.9301067206887321
-0.9999999999999993
-0.9999999999999998
-0.3776437895474887
-0.9999999999999996
-0.9999999999999991
-0.6535948072020599
-0.9999999999999993
-0.687675419408054
-0.6541557030341609
-0.9999999999999996
-0.9301067206887321
-0.9999999999999996
-0.6535948072020599
-0.6535948072020599
-0.6535948072020599
-0.6541557030341608
-0.6876754194080541
-0.9999999999999996
-0.9999999999999992
-0.687675419408054
-0.6195141949960657
-0.6876754194080541
-0.3770828937153877
-0.3770828937153877
-0.6535948072020599
-0.3770828937153877
-0.6535948072020599
-0.6535948072020599
-0.6535948072020599
-0.6535948072020599
-0.6195141949960657
-0.9999999999999991
-0.9301067206887321
-0.9999999999999993
-0.3765219978832868
-0.3770828937153877
-0.9999999999999993
-0.9999999999999993
-0.6535948072020599
-0.6535948072020599
-0.6535948072020599
-0.6535948072020599
-0.9999999999999991
-0.6541557030341608
-0.3770828937153877
-0.6195141949960656
-0.6535948072020599
-0.6535948072020599
-0.6876754194080541
-0.9999999999999991
-0.6535948072020599
-0.7071067811865469
-0.9999999999999992
-0.9999999999999996
-0.9999999999999993
-0.3770828937153877
-0.6535948072020599
-0.9999999999999997
-0.6195141949960656
-0.6876754194080541
-0.9999999999999996
-0.3770828937153877
-0.687675419408054
-0.6541557030341609
-0.9999999999999993
-0.9999999999999993
-0.9301067206887321
-0.6876754194080541
-0.9295458248566312
-0.9999999999999993
-0.9999999999999991
-0.9999999999999991
-0.9301067206887321
-0.3770828937153877
-0.9999999999999992
-0.9999999999999993
-0.6535948072020599
-0.9999999999999999
-0.6535948072020599
-0.6535948072020599
-0.9999999999999996
-0.6535948072020599
-0.9301067206887321
-0.707106781186547
-0.9999999999999989
-0.3770828937153877
-0.9999999999999989
-0.6530339113699589
-0.6195141949960657
-0.687675419408054
-0.9999999999999996
-0.6535948072020599
-0.3770828937153877
-0.9999999999999989
-0.9999999999999991
-0.6535948072020599
-0.9999999999999992
-0.9999999999999991
-0.9306676165208331
-0.9999999999999996
-0.3770828937153877
-0.6535948072020599
-0.9999999999999993
-0.6541557030341608
-0.6535948072020599
-0.9301067206887321
-0.9999999999999993
-0.7071067811865467
-0.6195141949960657
-0.9999999999999991
-0.6535948072020599
-0.9306676165208331
-0.9999999999999993
-0.9999999999999991
-0.687675419408054
-0.687675419408054
-0.9999999999999989
-0.6535948072020599
-0.9999999999999993
-0.9999999999999991
-0.9999999999999992
-0.9999999999999993
-0.9999999999999993
-1.0
-0.687675419408054
-0.6535948072020599
-0.9301067206887321
-0.6530339113699589
-0.9999999999999991
-0.9999999999999989
-0.9999999999999991
-0.6535948072020599
-0.9999999999999993
-0.3765219978832868
-0.6195141949960657
-0.6530339113699589
-0.9295458248566312
-0.9301067206887321
-0.6876754194080541
-0.9999999999999991
-0.9999999999999991
-0.9999999999999993
-0.9999999999999996
-0.9999999999999991
-0.6541557030341608
-0.6535948072020599
-0.9999999999999996
-0.9999999999999996
-0.6876754194080541
-0.3765219978832868
-0.6535948072020599
-0.6195141949960656
-0.6535948072020599
-0.6876754194080541
-0.9295458248566312
-0.9999999999999996
-0.9999999999999993
-0.6535948072020599
-0.6195141949960656
-0.6876754194080541
-0.6535948072020599
-0.9999999999999996
-0.6195141949960656
-0.9999999999999996
-0.9301067206887321
-0.6535948072020599
-0.3776437895474887
-0.9999999999999996
-0.9999999999999996
-0.9999999999999989
-0.9301067206887321
-0.9999999999999996
-0.9999999999999996
-0.9999999999999996
-0.9999999999999996
-0.9999999999999996
-0.9999999999999993
-0.9999999999999996
-0.9999999999999993
-0.9999999999999996
-0.9999999999999989
-0.9999999999999991
-0.6541557030341608
-0.9999999999999996
-0.9999999999999996
-0.9999999999999992
-0.9999999999999996
-0.6535948072020599
-0.6195141949960656
-0.9999999999999996
-0.9999999999999993
-0.6541557030341608
-0.9999999999999993
-0.6195141949960656
-0.6535948072020599
-0.9999999999999993
-0.6195141949960656
-0.6876754194080541
-0.9999999999999989
-0.687675419408054
-0.9999999999999992
-0.9999999999999993
-0.9999999999999991
-0.6876754194080541
-1.0
-0.9306676165208331
-0.9301067206887321
-0.6535948072020599
-0.9999999999999996
-0.9999999999999991
-0.9999999999999993
-0.9999999999999993
-0.9301067206887321
-0.9999999999999996
-0.9999999999999996
-0.9301067206887321
-0.9999999999999996
-0.9999999999999993
-0.9999999999999996
-0.6535948072020599
-0.6535948072020599
-0.9999999999999993
-0.9999999999999993
-0.6195141949960656
-0.6195141949960656
-0.9999999999999996
-0.9999999999999993
-0.6530339113699589
-0.6530339113699589
-0.9999999999999993
-0.6876754194080541
-0.9999999999999996
-0.9999999999999999
-0.687675419408054
-0.3765219978832868
-0.6541557030341608
-0.9999999999999992
-0.9999999999999996
-0.6195141949960657
-0.6535948072020599
-0.9999999999999991
-0.6535948072020599
-1.0
-0.6195141949960656
-0.9999999999999998
-0.6535948072020599
-0.6541557030341609
-0.6535948072020599
-0.6535948072020599
-0.6535948072020599
-0.9999999999999993
-0.9999999999999996
-0.6535948072020599
-0.6535948072020599
-0.9999999999999991
-0.9999999999999996
-0.9999999999999989
-0.6535948072020599
-0.9301067206887321
-0.9999999999999989
-0.687675419408054
-0.9999999999999996
-0.687675419408054
-0.6530339113699589
-1.0
-0.9999999999999993
-0.6535948072020599
-0.6535948072020599
-0.9999999999999998
-0.9999999999999998
-0.6535948072020599
-0.9999999999999991
-0.9999999999999996
-0.9999999999999993
-0.6535948072020599
-0.6535948072020599
-0.6541557030341609
-0.687675419408054
-0.9306676165208331
-0.9999999999999993
-0.9999999999999996
-0.9999999999999996
-0.3765219978832868
-0.9306676165208331
