0.42427924930095884
-2.775557561562892e-17
-1.3240768367662272e-34
1.3877787807814457e-17
1.6653345369377348e-16
-1.474514954580286e-17
4.336808689942018e-18
-1.6653345369377348e-16
5.204170427930421e-18
1.0408340855860843e-17
2.7755575615628914e-17
2.5153490401663703e-17
4.163336342344337e-17
1.0061396160665481e-16
1.275362995897658e-34
6.938893903907228e-18
-8.673617379884035e-19
4.2500725161431774e-17
-1.496198998029996e-17
3.469446951953614e-18
1.3877787807814457e-17
1.0408340855860843e-17
-3.469446951953614e-18
6.505213034913027e-19
-1.1102230246251565e-16
1.973247953923618e-17
-0.1464466094067262
1.0755285551056204e-16
-2.498001805406602e-16
1.1449174941446927e-16
6.938893903907228e-18
2.0816681711721685e-17
2.3418766925686896e-17
-1.734723475976807e-17
-1.214306433183765e-16
5.204170427930421e-17
3.469446951953614e-18
6.938893903907228e-17
3.469446951953614e-18
-2.7755575615628895e-17
4.423544863740858e-17
2.6020852139652106e-17
1.1275702593849246e-17
-4.336808689942018e-18
-1.8448846400653416e-81
-2.0816681711721685e-17
-2.3418766925686896e-17
1.176016472440566e-49
-1.734723475976807e-17
-1.5612511283791264e-16
-7.546047120499111e-17
-3.0357660829594124e-17
-3.8163916471489756e-17
-1.734723475976807e-17
-1.2143064331837651e-17
-6.938893903907228e-18
1.5612511283791264e-17
-7.28583859910259e-17
-5.431852884152377e-17
-6.591949208711867e-17
-1.3877787807814457e-17
4.336808689942018e-17
5.551115123125783e-17
8.673617379884029e-19
4.336808689942018e-17
5.551115123125783e-17
-1.3877787807814457e-17
3.382710778154774e-17
-1.5612511283791264e-17
-2.2551405187698492e-17
1.8041124150158794e-16
-1.5525775109992423e-16
-3.469446951953614e-18
2.0816681711721682e-17
-1.6306400674181987e-16
5.551115123125782e-17
9.71445146547012e-17
5.551115123125783e-17
-2.2442984970449942e-17
-2.42861286636753e-17
-2.7755575615628914e-17
3.5561831257524545e-17
1.3010426069826053e-18
2.34337466040915e-34
-4.163336342344337e-17
-1.9081958235744878e-17
-1.9038590148845458e-16
3.209238430557093e-17
1.1275702593849246e-17
1.170396245198102e-16
-4.336808689942018e-18
1.3877787807814455e-17
1.7347234759768074e-17
8.153200337090993e-17
3.8163916471489756e-17
5.898059818321144e-17
-2.6020852139652106e-18
9.540979117872439e-18
2.42861286636753e-17
-4.163336342344337e-17
1.6479873021779667e-17
6.938893903907227e-18
1.0408340855860843e-17
2.42861286636753e-17
-4.857225732735059e-17
2.0001953868225924e-34
-1.0408340855860843e-16
-3.8163916471489756e-17
-1.457167719820518e-16
-1.951563910473908e-17
3.469446951953614e-18
1.1449174941446927e-16
3.729655473350135e-17
-2.60208521396521e-17
-2.3418766925686896e-17
-1.734723475976807e-17
0.7071067811865467
7.45931094670027e-17
0.0
-6.938893903907228e-17
-6.9388939039072276e-18
-4.2500725161431774e-17
2.775557561562891e-17
-3.209238430557093e-17
2.42861286636753e-17
8.673617379884035e-18
-7.806255641895632e-18
-5.204170427930421e-17
-1.3877787807814455e-17
-1.431146867680866e-17
6.938893903907228e-18
6.938893903907228e-18
-8.586881206085195e-17
-3.5561831257524545e-17
2.0383000842727483e-17
1.8041124150158794e-16
1.951563910473908e-18
-1.734723475976807e-18
1.951563910473908e-18
-4.336808689942018e-18
3.382710778154774e-17
5.20417042793042e-18
-1.3530843112619095e-16
-2.949029909160572e-17
3.469446951953614e-18
-1.734723475976807e-18
0.0
-1.0408340855860843e-17
-1.5178830414797062e-18
5.898059818321144e-17
2.7755575615628914e-17
9.540979117872439e-18
2.775557561562891e-17
-1.734723475976807e-18
6.591949208711867e-17
-1.387778780781446e-17
-1.431146867680866e-17
-2.7755575615628914e-17
-2.6020852139652106e-17
-1.431146867680866e-17
2.6020852139652106e-18
-3.469446951953613e-18
3.469446951953614e-18
-2.2551405187698492e-17
2.6020852139652106e-17
2.7755575615628914e-17
-1.5612511283791264e-17
-9.367506770274758e-17
-8.673617379884035e-19
-9.71445146547012e-17
4.0766001685454967e-17
2.775557561562891e-17
2.0816681711721685e-17
-1.0408340855860843e-17
3.122502256758253e-17
1.6263032587282567e-17
-1.3877787807814455e-17
-2.0816681711721685e-17
2.862293735361732e-17
3.859759734048396e-17
-6.591949208711867e-17
0.49999999999999967
-1.1188966420050406e-16
-2.7755575615628914e-17
1.734723475976807e-17
1.5612511283791264e-16
4.0766001685454967e-17
-1.3010426069826053e-17
-4.85722573273506e-17
-1.734723475976807e-18
-1.734723475976807e-17
-9.627715291671279e-17
-6.245004513516506e-17
3.469446951953614e-18
4.2934406030425976e-17
-1.5612511283791264e-17
7.025630077706069e-17
-2.6020852139652106e-18
-2.168404344971009e-19
2.0816681711721685e-17
-5.117434254131581e-17
1.6805133673525319e-18
1.3877787807814457e-17
9.020562075079397e-17
-1.3010426069826053e-17
-4.85722573273506e-17
-2.5153490401663703e-17
2.3418766925686896e-17
-2.3744027577432547e-17
-1.4539840022901544e-48
5.898059818321144e-17
-1.5612511283791264e-17
-1.734723475976807e-17
-1.3877787807814457e-17
-5.421010862427522e-18
1.734723475976807e-17
-3.8163916471489756e-17
1.3010426069826053e-17
8.673617379884037e-19
3.4694469519536138e-18
1.491862189340054e-16
-1.5959455978986625e-16
4.276423536147513e-50
3.469446951953614e-18
-3.4694469519536115e-18
3.642919299551295e-17
-1.3877787807814457e-17
1.214306433183765e-16
-2.862293735361732e-17
-6.938893903907227e-18
-1.457167719820518e-16
-2.42861286636753e-17
7.827939685345342e-17
-2.0816681711721685e-17
3.469446951953614e-17
-1.734723475976807e-17
3.157196726277789e-16
3.8163916471489756e-17
1.734723475976807e-17
8.673617379884035e-18
-3.382710778154774e-17
7.806255641895632e-18
1.6046192152785466e-17
-3.816391647148976e-17
2.0816681711721685e-17
-8.673617379884035e-19
9.75781955236954e-18
2.3418766925686893e-17
0.0
-4.85722573273506e-17
-6.938893903907228e-17
3.46944695195362e-18
-1.0408340855860843e-17
1.0408340855860843e-17
-1.3877787807814457e-17
-1.734723475976807e-17
-2.0816681711721685e-17
-0.9999999999999988
-2.0816681711721682e-17
-1.2143064331837651e-17
1.214306433183765e-16
-2.463307335887066e-16
-6.852157730108388e-17
6.071532165918825e-18
3.968179951296946e-17
7.806255641895632e-18
-8.673617379884027e-19
-4.5102810375396984e-17
-3.469446951953614e-18
-7.806255641895632e-18
4.5102810375396984e-17
2.688821387764051e-17
-2.6020852139652106e-18
-1.214306433183765e-17
-1.734723475976807e-18
-4.423544863740858e-17
6.591949208711867e-17
8.673617379884035e-17
-5.204170427930421e-18
9.367506770274758e-17
-0.7071067811865478
2.0122792321330962e-16
-1.9081958235744878e-17
3.469446951953614e-18
5.377642775528102e-17
1.214306433183765e-17
-6.938893903907228e-17
-1.3877787807814457e-17
6.938893903907228e-17
5.204170427930421e-18
-5.204170427930421e-18
0.9999999999999996
3.122502256758253e-17
-1.6479873021779667e-17
-7.806255641895632e-18
2.168404344971009e-17
2.2551405187698492e-17
1.0408340855860843e-17
4.163336342344337e-17
-1.9461428996114805e-17
0.4999999999999992
3.4694469519536138e-18
-1.3010426069826053e-17
-0.9999999999999986
1.9949319973733282e-17
6.071532165918825e-17
-1.0408340855860843e-17
-2.0816681711721685e-17
6.938893903907228e-18
5.637851296924623e-18
2.3418766925686896e-17
-1.9081958235744878e-17
-5.898059818321144e-17
-1.214306433183765e-17
1.0755285551056204e-16
1.0408340855860843e-16
-1.5612511283791264e-17
-5.4643789493269423e-17
-7.37257477290143e-18
-4.85722573273506e-17
1.9081958235744878e-17
-3.8163916471489756e-17
5.898059818321144e-17
-1.3010426069826053e-17
2.7755575615628914e-17
-6.938893903907228e-18
-2.42861286636753e-17
2.515349040166369e-17
3.8163916471489756e-17
-1.3530843112619095e-16
2.970713952610282e-17
-6.938893903907228e-18
2.0816681711721685e-17
5.551115123125783e-17
-3.469446951953614e-18
1.0408340855860843e-17
1.734723475976807e-17
1.9949319973733282e-17
1.734723475976807e-17
-1.6805133673525319e-18
-2.0816681711721685e-17
-3.9898639947466563e-17
-9.324138683375338e-18
0.0
-7.719519468096792e-17
-2.3852447794681098e-18
1.3877787807814455e-17
4.85722573273506e-17
1.6653345369377348e-16
-2.949029909160572e-17
5.204170427930421e-18
-3.469446951953614e-18
-3.144186300207963e-17
-2.2985086056692694e-17
1.0408340855860843e-17
-3.7730235602495554e-17
-4.336808689942018e-18
-4.9439619065339e-17
1.734723475976807e-17
-1.9949319973733282e-17
-1.3010426069826053e-17
8.456776945386935e-18
0.0
1.3877787807814457e-17
-1.0495077029659683e-16
-1.3877787807814454e-17
5.724587470723463e-17
-2.7755575615628914e-17
1.387778780781445e-17
2.0816681711721685e-17
7.806255641895632e-18
6.93889390390723e-18
1.734723475976807e-17
-6.7220534694101275e-18
1.0408340855860843e-17
-2.2551405187698492e-17
1.5439038936193583e-16
2.3852447794681098e-17
1.734723475976807e-16
-1.7347234759768068e-17
-2.775557561562891e-17
-8.326672684688674e-17
-2.7592945289756088e-17
2.255140518769849e-16
-5.204170427930421e-18
-3.469446951953614e-18
4.336808689942018e-18
-5.204170427930422e-18
2.6020852139652106e-18
-0.49999999999999994
2.42861286636753e-17
1.3964523981613297e-16
-1.734723475976807e-17
1.0408340855860843e-17
-3.4694469519536136e-17
-2.5709883389138903e-66
9.367506770274758e-17
2.6020852139652106e-18
-1.214306433183765e-17
0.0
8.673617379884035e-19
-1.196959198423997e-16
3.469446951953614e-17
6.245004513516506e-17
-1.8214596497756474e-17
5.204170427930421e-18
-2.0816681711721685e-17
5.7462715141731735e-18
1.9081958235744878e-17
2.5153490401663703e-17
1.4224732503009818e-16
2.1250362580715887e-17
-1.0408340855860843e-17
2.905661822261152e-17
1.474514954580286e-17
1.691355389077387e-17
0.49999999999999933
7.589415207398531e-18
5.377642775528102e-17
2.42861286636753e-17
-1.3877787807814457e-17
1.1709383462843448e-17
1.6653345369377348e-16
5.204170427930421e-18
8.673617379884035e-18
2.168404344971009e-17
-1.734723475976807e-17
2.7755575615628914e-17
1.0061396160665481e-16
-6.071532165918825e-18
6.071532165918825e-18
-1.0842021724855044e-17
5.204170427930421e-18
5.898059818321144e-17
-1.5395670849294163e-17
-1.3530843112619095e-16
1.0408340855860841e-17
-1.6479873021779667e-17
5.204170427930421e-18
-1.5612511283791264e-17
5.089742304187599e-35
-8.673617379884035e-18
-6.071532165918825e-18
-1.734723475976807e-17
1.734723475976807e-18
-6.245004513516506e-17
-0.9999999999999999
1.3877787807814457e-17
2.6020852139652106e-18
-6.938893903907228e-18
-8.673617379884035e-19
1.3877787807814457e-17
8.673617379884035e-19
2.42861286636753e-17
0.9999999999999998
1.7726705520137997e-17
-1.5612511283791264e-17
5.204170427930421e-18
-1.734723475976807e-18
-3.469446951953614e-18
-1.0691058840368783e-49
-1.0408340855860843e-17
2.775557561562891e-17
6.938893903907228e-18
2.0816681711721685e-17
-0.7071067811865471
-7.806255641895632e-18
-7.806255641895632e-18
1.691355389077387e-16
2.3418766925686896e-17
2.0816681711721685e-17
-1.3227266504323154e-17
6.938893903907227e-18
4.5102810375396984e-17
-1.734723475976807e-18
3.382710778154774e-17
2.654126918244515e-16
-3.729655473350135e-17
-3.469446951953614e-17
-3.8163916471489756e-17
-8.673617379884035e-17
-7.806255641895632e-18
-2.0469737016526324e-16
0.0
-3.9898639947466563e-17
2.983724378680108e-16
3.469446951953614e-17
-3.859759734048396e-17
1.3877787807814457e-17
1.214306433183765e-17
1.1752414344188818e-65
-5.637851296924623e-17
-2.6020852139652106e-18
-1.3877787807814457e-17
-6.938893903907228e-18
-1.1275702593849246e-17
-8.673617379884035e-19
-3.191891195797325e-16
4.85722573273506e-17
3.2526065174565133e-18
-2.3418766925686896e-17
-6.938893903907228e-18
1.4745149545802863e-17
-2.6020852139652106e-16
1.214306433183765e-16
1.0408340855860843e-17
-0.49999999999999967
-3.469446951953614e-18
3.469446951953614e-18
-1.951563910473908e-18
1.6176296413483726e-16
-2.6020852139652106e-17
-1.1796119636642288e-16
4.163336342344337e-17
-9.540979117872439e-18
-5.204170427930421e-18
-2.168404344971009e-17
-1.0408340855860843e-17
-3.469446951953614e-18
0.9999999999999998
-1.1492543028346347e-17
1.2750217548429532e-16
1.387778780781446e-17
5.204170427930421e-18
-1.1796119636642288e-16
-2.0122792321330962e-16
-0.7071067811865471
-6.938893903907226e-18
8.847089727481716e-17
-2.2551405187698492e-17
5.222040826852582e-34
-1.214306433183765e-17
-0.999999999999999
3.4694469519536088e-18
-1.8214596497756474e-17
8.673617379884035e-18
-1.3877787807814457e-17
0.9999999999999993
-0.4999999999999994
-0.9999999999999996
4.163336342344337e-17
-4.1633363423443346e-17
1.431146867680866e-17
1.249000902703301e-16
4.163336342344337e-17
3.469446951953614e-17
0.9241521485039355
-9.71445146547012e-17
-1.249000902703301e-16
2.0816681711721682e-17
0.9344970170679017
-2.220446049250313e-16
-4.5102810375396984e-17
0.35355339059327295
0.7071067811865468
0.9999999999999996
9.020562075079397e-17
-6.245004513516506e-17
1.6651939407730136e-32
-2.1597307275911248e-16
1.8735013540549517e-16
4.5102810375396984e-17
1.5092094240998222e-16
2.8449465006019636e-16
-1.1796119636642288e-16
-1.3704315460216776e-16
2.7755575615628914e-17
-0.7071067811865465
-0.9999999999999991
-3.122502256758252e-17
1.6479873021779667e-17
3.469446951953614e-18
-0.9999999999999997
1.8735013540549517e-16
-0.9999999999999997
-0.7071067811865465
5.551115123125783e-17
-2.0469737016526324e-16
-0.999999999999999
6.765421556309548e-17
1.2836953722228372e-16
0.9999999999999996
0.35355339059327295
-1.0408340855860843e-16
-3.469446951953614e-18
-1.6523241108679088e-16
1.8214596497756474e-17
-2.42861286636753e-17
-0.9999999999999987
2.42861286636753e-17
1.7347234759768065e-17
0.9999999999999999
1.1102230246251565e-16
3.469446951953614e-18
-0.9999999999999991
1.491862189340054e-16
2.3418766925686896e-17
-6.678685382510707e-17
-0.7071067811865469
-2.8189256484623115e-18
1.3183898417423734e-16
-2.0816681711721685e-17
0.7071067811865471
0.9255479579496004
-0.9999999999999997
8.153200337090993e-17
-0.999999999999999
-1.0408340855860843e-17
4.163336342344337e-17
-3.469446951953614e-17
0.7071067811865472
-1.0061396160665481e-16
-1.474514954580286e-17
-0.7071067811865464
-0.9999999999999989
-6.938893903907228e-17
2.463307335887066e-16
-0.9999999999999986
6.938893903907228e-17
0.7071067811865469
2.0816681711721685e-17
3.157196726277789e-16
5.551115123125782e-17
2.6020852139652106e-18
7.28583859910259e-17
-6.591949208711867e-17
5.898059818321144e-17
1.2836953722228372e-16
-0.9999999999999998
4.5102810375396984e-17
-0.7071067811865465
1.6653345369377348e-16
0.9999999999999989
0.4999999999999992
6.938893903907228e-17
-0.9999999999999991
8.326672684688674e-17
-1.4224732503009818e-16
-0.9999999999999987
-0.999999999999999
-4.336808689942018e-18
-7.546047120499111e-17
1.8127860323957634e-16
-2.1613561170429784e-34
-3.469446951953614e-17
1.3595895242968226e-16
3.0357660829594124e-18
6.938893903907228e-18
2.2811613709095013e-16
6.245004513516506e-17
-3.8163916471489756e-17
-1.6479873021779667e-17
-1.734723475976807e-17
4.163336342344337e-17
-8.673617379884035e-17
0.6122825134836076
1.3877787807814457e-17
0.9747454410075652
-0.7071067811865468
0.733672167977717
0.7071067811865466
-0.7071067811865471
-1.734723475976807e-17
1.1796119636642288e-16
2.1965619196190843e-67
1.9949319973733282e-17
1.8041124150158794e-16
-0.7071067811865468
0.4999999999999994
-0.7071067811865468
-1.0408340855860843e-17
-1.0408340855860849e-17
-0.7071067811865467
3.122502256758253e-17
2.0816681711721685e-17
-1.0408340855860843e-17
-0.9999999999999993
0.9344970170679017
-2.0816681711721685e-17
1.4311468676808659e-16
0.4999999999999991
-6.245004513516506e-17
-0.9999999999999993
2.7755575615628914e-17
-0.7071067811865469
-1.734723475976807e-18
1.3877787807814457e-16
0.7247231088594157
0.9344970170679017
-5.551115123125783e-17
1.5612511283791264e-17
0.707106781186547
-0.9999999999999993
0.4999999999999996
-7.632783294297951e-17
3.0357660829594124e-17
-6.938893903907224e-18
-0.49999999999999956
0.7071067811865465
-6.245004513516506e-17
-2.42861286636753e-17
-0.9999999999999998
3.469446951953614e-17
-0.707106781186547
-0.9999999999999997
-9.714451465470121e-17
-0.7071067811865466
-3.469446951953614e-18
-0.7071067811865471
3.122502256758253e-17
-0.49999999999999956
-0.707106781186547
5.551115123125782e-17
-1.0408340855860843e-17
-2.7755575615628914e-17
0.9434460761862029
1.6653345369377348e-16
-1.457167719820518e-16
-1.3791051634015616e-16
0.9255479579496004
-0.999999999999999
0.7071067811865462
-0.9999999999999994
-2.706168622523819e-16
0.9344970170679017
-3.8163916471489756e-17
-0.9999999999999993
-0.7071067811865468
-0.9999999999999991
-1.734723475976807e-18
-9.367506770274758e-17
4.3368086899420173e-19
0.7461215393886937
-3.365363543395006e-16
-0.707106781186547
0.9344970170679017
1.5612511283791264e-17
-0.9999999999999991
-2.47198095326695e-17
0.7071067811865465
-3.469446951953614e-18
-0.7071067811865465
-1.0408340855860843e-17
7.806255641895632e-18
-8.326672684688675e-17
-0.7071067811865472
-0.9999999999999998
1.3444106938820255e-16
-3.469446951953614e-16
0.6507469937171794
-2.1510571102112408e-16
0.7071067811865465
0.707106781186547
0.999999999999999
2.0816681711721685e-17
-4.85722573273506e-17
-1.3010426069826053e-17
-4.553649124439119e-18
-1.3877787807814457e-17
-1.4224732503009818e-16
0.6415900600354183
-0.49999999999999933
0.9999999999999997
1.1102230246251565e-16
-6.938893903907226e-17
-7.28583859910259e-17
-1.0408340855860844e-17
-0.9999999999999992
-0.9999999999999991
-0.9999999999999991
-3.122502256758253e-17
-1.214306433183765e-16
-0.49999999999999967
-2.220446049250313e-16
-1.4051260155412137e-16
6.933347799794045e-33
0.9999999999999991
-0.9999999999999998
9.71445146547012e-17
-0.9999999999999991
8.326672684688674e-17
-2.4286128663675302e-17
-6.938893903907223e-18
9.367506770274758e-17
-1.3877787807814457e-17
-0.9999999999999993
6.433580909602889e-68
-0.9999999999999988
1.3877787807814454e-17
-4.85722573273506e-17
-1.8388068845354155e-16
0.7071067811865464
8.673617379884045e-19
-1.9949319973733282e-17
-0.7071067811865469
-2.862293735361732e-17
2.498001805406602e-16
0.9448418856318681
1.5265566588595902e-16
-1.8041124150158794e-16
-0.7071067811865471
2.905661822261152e-17
-1.7105694144590052e-49
-1.0408340855860843e-16
0.707106781186547
-0.49999999999999917
-6.938893903907228e-17
-0.9999999999999991
0.7071067811865474
-2.7755575615628914e-17
-8.673617379884035e-17
0.7071067811865465
-1.1102230246251565e-16
1.2836953722228372e-16
1.9949319973733282e-17
-0.9999999999999993
6.938893903907228e-18
0.6352004976656117
-7.979727989493313e-17
9.020562075079397e-17
-1.3530843112619095e-16
-0.9999999999999988
7.632783294297951e-17
-0.9999999999999993
0.49999999999999883
0.9999999999999996
-1.734723475976807e-18
2.6020852139652106e-18
-3.469446951953614e-17
-0.4999999999999994
-0.707106781186547
-1.6306400674181987e-16
2.0816681711721685e-16
-1.5265566588595902e-16
0.7071067811865471
3.4211388289180104e-49
-1.734723475976807e-16
-0.707106781186547
9.540979117872439e-18
6.591949208711867e-17
0.7071067811865465
-6.938893903907228e-17
-0.9999999999999991
1.249000902703301e-16
-0.9999999999999997
-2.3592239273284576e-16
0.4999999999999992
0.9999999999999991
4.649058915617843e-16
-8.326672684688674e-17
6.245004513516506e-17
0.9999999999999999
0.7071067811865465
1.3877787807814454e-17
-0.9999999999999994
1.249000902703301e-16
0.7071067811865465
-6.938893903907228e-17
-0.7071067811865462
0.6237848361183009
0.999999999999999
-7.28583859910259e-17
-3.989863994746656e-17
3.469446951953614e-17
0.6415900600354183
-1.2576745200831851e-17
0.7071067811865467
-3.4317927358655755e-35
1.0755285551056204e-16
1.214306433183765e-16
-7.632783294297951e-17
0.4999999999999991
1.457167719820518e-16
1.0408340855860843e-17
-1.5959455978986625e-16
6.938893903907228e-18
-3.469446951953614e-17
-0.9999999999999989
0.9255479579496004
-0.9999999999999991
5.204170427930421e-18
-0.7071067811865468
-0.9999999999999996
3.469446951953614e-18
5.204170427930421e-17
0.7071067811865471
-0.7071067811865468
5.958345765448006e-34
-0.7071067811865465
-0.7071067811865479
-2.7755575615628914e-17
1.249000902703301e-16
-0.9999999999999996
-3.469446951953614e-18
-6.071532165918825e-18
1.3010426069826053e-17
8.673617379884035e-17
8.673617379884035e-18
-1.0408340855860843e-17
-4.5102810375396984e-17
-3.8163916471489756e-17
-4.85722573273506e-17
-1.1449174941446927e-16
-0.707106781186547
-0.7071067811865468
0.7071067811865465
4.163336342344337e-17
-0.7071067811865469
0.9999999999999991
3.469446951953614e-17
-0.9999999999999988
3.469446951953614e-18
-0.707106781186546
-0.9999999999999989
-0.9999999999999993
3.469446951953613e-17
-0.49999999999999933
-0.9999999999999989
-0.9999999999999989
-6.938893903907227e-18
3.4694469519536073e-18
1.8041124150158794e-16
-3.469446951953614e-18
0.9999999999999999
-2.200930410145574e-17
-0.49999999999999933
-1.1796119636642288e-16
0.9448418856318679
-6.938893903907236e-18
-0.9999999999999991
7.979727989493313e-17
9.367506770274758e-17
1.734723475976807e-17
-1.3877787807814457e-17
-0.999999999999999
0.9448418856318679
-6.938893903907228e-18
2.0469737016526324e-16
0.7071067811865464
-0.9999999999999997
9.71445146547012e-17
-1.0408340855860849e-17
5.858436651022879e-35
1.97758476261356e-16
0.7071067811865461
5.2692225582795515e-17
-0.49999999999999967
-0.707106781186547
-0.7071067811865461
1.5720931501039814e-18
-1.7347234759768065e-17
3.816391647148975e-17
0.7071067811865469
-3.8163916471489756e-17
2.081668171172168e-17
1.249000902703301e-16
-0.7071067811865464
2.3245294578089215e-16
-0.9999999999999999
-0.9999999999999991
1.249000902703301e-16
4.163336342344337e-17
-0.9999999999999998
-4.868067754459915e-17
0.9999999999999993
-0.9999999999999994
5.551115123125783e-17
-0.9999999999999998
-7.632783294297951e-17
-9.540979117872439e-18
-0.9999999999999997
4.163336342344337e-17
-0.7071067811865466
0.9999999999999988
-2.42861286636753e-17
0.7071067811865464
-4.336808689942018e-19
5.2909066017292616e-17
-0.7071067811865461
1.3877787807814443e-17
2.949029909160572e-17
3.469446951953614e-17
-2.0816681711721685e-17
5.42643187328995e-17
-0.9999999999999998
0.9999999999999997
0.7071067811865468
0.9344970170679017
4.5102810375396984e-17
0.9999999999999993
1.942890293094024e-16
2.168404344971009e-19
-0.7071067811865465
-4.2500725161431774e-17
0.7071067811865468
0.7071067811865469
-6.938893903907228e-18
-0.7071067811865464
-2.42861286636753e-17
-0.9999999999999992
