0.3969419646846405
-4.336808689942018e-18
-1.9949319973733282e-17
1.43982048506075e-16
-3.469446951953614e-17
1.0408340855860843e-17
-3.469446951953614e-18
1.7347234759768063e-18
1.5612511283791264e-17
7.222237291452135e-34
1.3877787807814455e-17
3.469446951953614e-17
3.382710778154774e-17
9.714451465470121e-17
6.938893903907228e-18
-1.214306433183765e-17
1.3877787807814457e-17
-4.1633363423443376e-17
-3.469446951953614e-17
-1.9081958235744878e-17
-3.469446951953614e-17
-4.85722573273506e-17
-3.382710778154774e-17
5.204170427930421e-18
-6.938893903907228e-18
1.0408340855860843e-17
2.6020852139652106e-17
2.0816681711721685e-17
1.734723475976807e-18
3.469446951953614e-17
1.734723475976807e-17
-2.6020852139652106e-18
-2.0816681711721685e-17
-1.734723475976807e-18
-9.540979117872439e-18
-9.540979117872439e-18
3.4694469519536084e-18
5.2041704279304205e-18
-2.2551405187698492e-17
3.8163916471489756e-17
3.469446951953614e-18
1.491862189340054e-16
-1.3183898417423734e-16
-1.3617579286417936e-16
-6.071532165918824e-18
3.122502256758253e-17
-2.0816681711721685e-17
1.1275702593849246e-17
-4.3368086899420054e-18
-2.6020852139652106e-18
-6.620384183831118e-34
-9.540979117872439e-18
-6.938893903907228e-18
6.071532165918825e-18
-9.367506770274758e-17
6.938893903907228e-18
1.734723475976807e-17
-2.775557561562891e-17
-3.382710778154774e-17
1.6479873021779667e-17
1.6479873021779667e-17
2.0816681711721685e-17
6.071532165918825e-18
-3.209238430557093e-17
4.336808689942018e-18
3.8163916471489756e-17
4.85722573273506e-17
6.245004513516506e-17
1.6479873021779667e-17
-1.9949319973733282e-17
9.540979117872439e-18
-2.7755575615628914e-17
3.469446951953615e-18
3.816391647148975e-17
1.387778780781446e-17
-3.157196726277789e-16
6.938893903907228e-18
-1.3183898417423734e-16
-1.4967482376516296e-49
-1.5612511283791264e-17
1.3877787807814457e-16
5.204170427930421e-18
2.0816681711721685e-17
-7.806255641895632e-18
-3.469446951953613e-18
-1.734723475976807e-18
1.9949319973733282e-17
1.3877787807814457e-17
-3.469446951953614e-18
4.336808689942018e-18
-1.0408340855860843e-17
6.938893903907228e-18
-6.938893903907228e-18
7.719519468096792e-17
-8.673617379884035e-19
7.28583859910259e-17
1.1275702593849246e-17
5.204170427930421e-18
3.469446951953616e-18
8.673617379884035e-19
2.0816681711721685e-17
-1.5178830414797062e-16
2.0816681711721685e-17
-3.4694469519536123e-18
1.734723475976807e-17
2.7755575615628914e-17
3.469446951953614e-17
1.3877787807814457e-17
-4.7704895589362195e-17
2.949029909160572e-17
5.204170427930421e-17
2.168404344971009e-17
1.9081958235744878e-17
3.4694469519536126e-18
9.540979117872439e-18
1.3010426069826053e-17
-7.806255641895632e-18
1.474514954580286e-17
2.7755575615628914e-17
1.3877787807814457e-17
4.1633363423443376e-17
7.979727989493313e-17
1.0408340855860841e-17
-1.3877787807814457e-17
-1.0408340855860843e-17
1.0408340855860843e-16
6.938893903907228e-18
9.71445146547012e-17
-6.071532165918825e-18
1.3877787807814457e-17
1.3877787807814454e-17
-3.8163916471489756e-17
-1.0408340855860843e-17
6.071532165918825e-18
-2.7755575615628914e-17
-1.7347234759768063e-18
-3.382710778154774e-17
1.5005358067199381e-16
2.862293735361732e-17
-1.734723475976807e-18
1.1275702593849246e-17
-1.3010426069826053e-17
-3.469446951953614e-18
1.214306433183765e-17
3.469446951953614e-18
5.858436651022879e-35
1.3877787807814455e-17
-4.5102810375396984e-17
-6.938893903907228e-17
-6.938893903907228e-17
1.0408340855860843e-17
-6.9388939039072276e-18
-5.551115123125783e-17
3.469446951953614e-17
2.42861286636753e-17
2.6020852139652106e-18
5.551115123125783e-17
-3.122502256758253e-17
1.3877787807814455e-17
-1.474514954580286e-17
-0.9999999999999994
-3.608224830031759e-16
1.1796119636642288e-16
-6.245004513516506e-17
8.673617379884035e-18
-6.938893903907227e-18
-1.0408340855860847e-17
-5.863365348801608e-16
-4.125719527710823e-34
1.0408340855860843e-17
1.5178830414797062e-16
2.6020852139652106e-18
-3.469446951953614e-18
-8.673617379884035e-18
-3.469446951953614e-17
-2.7755575615628914e-17
1.3877787807814457e-17
1.734723475976807e-17
6.938893903907228e-18
3.4694469519536138e-18
3.469446951953618e-18
2.688821387764051e-17
1.491862189340054e-16
-1.5612511283791264e-17
-9.020562075079397e-17
6.938893903907228e-18
6.938893903907227e-18
-2.42861286636753e-17
2.6020852139652106e-17
1.0408340855860843e-17
1.0408340855860843e-17
1.3877787807814457e-17
-1.8214596497756474e-17
2.42861286636753e-17
2.0816681711721685e-17
2.7755575615628907e-17
-1.0408340855860843e-17
6.938893903907228e-18
-4.9439619065339e-17
-3.4694469519536115e-18
6.938893903907228e-18
1.8214596497756474e-17
-8.673617379884035e-18
-1.3877787807814454e-17
2.949029909160572e-17
-1.1102230246251565e-16
1.8214596497756474e-17
-1.734723475976807e-17
3.469446951953616e-18
-3.469446951953614e-17
-2.862293735361732e-17
-4.163336342344337e-17
-6.9388939039072276e-18
-2.0816681711721685e-17
-2.168404344971009e-17
3.469446951953614e-18
-1.3877787807814457e-17
-1.0408340855860844e-17
1.734723475976807e-18
-4.85722573273506e-17
5.204170427930421e-18
6.0185310762101095e-34
2.7755575615628914e-17
-1.734723475976807e-18
3.4694469519536126e-18
-2.688821387764051e-17
2.42861286636753e-17
-1.0408340855860843e-17
-3.469446951953614e-17
-3.469446951953614e-18
-2.6020852139652106e-18
1.3877787807814457e-17
1.8214596497756474e-17
1.214306433183765e-17
-8.673617379884035e-18
2.688821387764051e-17
-6.9388939039072276e-18
-5.984795992119984e-17
1.5612511283791264e-17
1.734723475976807e-17
-8.673617379884035e-18
-6.938893903907228e-17
-2.42861286636753e-17
-0.9999999999999999
-1.1074097180226596e-33
8.673617379884035e-19
9.540979117872439e-18
3.469446951953613e-18
3.122502256758253e-17
2.6020852139652106e-18
2.42861286636753e-17
2.3592239273284576e-16
-2.42861286636753e-17
-4.5102810375396984e-17
-2.168404344971009e-17
-3.4694469519536134e-18
5.204170427930421e-18
-8.673617379884035e-19
3.4211388289180104e-49
3.590053786959332e-33
7.612367423177926e-34
3.469446951953614e-18
1.734723475976807e-17
-2.42861286636753e-17
1.1275702593849246e-17
2.7755575615628914e-17
-4.1633363423443376e-17
1.734723475976807e-18
3.469446951953614e-18
-1.3877787807814454e-17
-1.734723475976807e-18
-2.7755575615628907e-17
-2.7755575615628914e-17
1.5612511283791264e-17
1.3964523981613297e-16
-1.9081958235744878e-17
-1.8214596497756474e-17
-6.938893903907228e-18
2.7755575615628914e-17
2.0816681711721682e-17
2.7755575615628914e-17
-2.54379249452697e-34
1.214306433183765e-17
-1.3877787807814457e-17
1.4224732503009818e-16
1.0408340855860843e-17
6.938893903907228e-18
0.0
-4.336808689942018e-18
1.3877787807814457e-17
-6.071532165918825e-18
-2.343374660409151e-34
-1.3877787807814457e-17
4.336808689942018e-18
5.204170427930421e-18
1.1275702593849246e-17
-1.6479873021779667e-17
1.726049858596923e-16
-4.1633363423443376e-17
5.204170427930421e-18
8.673617379884035e-18
-1.734723475976807e-17
3.122502256758253e-17
-8.673617379884035e-19
1.734723475976807e-17
-8.673617379884035e-18
-1.7347234759768065e-18
1.0842021724855044e-16
3.469446951953614e-18
-5.204170427930421e-18
6.9388939039072276e-18
-3.122502256758253e-17
-6.071532165918825e-18
6.938893903907228e-18
1.3877787807814457e-17
-4.163336342344337e-17
-3.122502256758253e-17
1.3010426069826053e-17
4.85722573273506e-17
2.42861286636753e-17
-4.163336342344337e-17
-2.949029909160572e-17
1.734723475976807e-18
-2.0816681711721685e-17
1.0408340855860843e-17
3.469446951953614e-18
2.5153490401663703e-17
-4.85722573273506e-17
3.469446951953614e-18
1.3877787807814457e-17
6.938893903907228e-18
-3.5561831257524545e-17
-3.469446951953614e-18
4.85722573273506e-17
-2.7755575615628914e-17
-1.734723475976807e-18
2.7755575615628898e-17
-1.214306433183765e-17
6.938893903907228e-18
-6.93889390390723e-18
-1.734723475976807e-18
-1.3877787807814457e-17
2.0816681711721685e-17
-2.42861286636753e-17
1.3877787807814457e-17
-7.806255641895632e-18
1.0408340855860843e-17
1.6479873021779667e-17
1.9081958235744878e-17
-1.3877787807814449e-17
-5.612524507070762e-35
-9.629649721936521e-35
8.673617379884035e-18
-3.0357660829594124e-17
-4.163336342344337e-17
1.3877787807814455e-17
4.163336342344337e-17
2.42861286636753e-17
-6.938893903907228e-18
9.540979117872439e-18
-1.6740081543176188e-16
2.42861286636753e-17
-3.469446951953614e-18
2.949029909160572e-16
3.8163916471489756e-17
-1.0408340855860843e-17
-1.6479873021779667e-17
-4.336808689942018e-18
-3.58384263291748e-33
0.0
2.6020852139652106e-17
-4.336808689942017e-18
-3.469446951953614e-17
-8.673617379884035e-19
-2.7755575615628914e-17
-4.336808689942018e-18
-3.5561831257524545e-17
1.3877787807814457e-17
1.0408340855860846e-17
1.5612511283791264e-17
2.0816681711721685e-17
-1.3877787807814457e-17
-2.4286128663675302e-17
8.673617379884035e-18
-1.3183898417423734e-16
-6.938893903907231e-18
1.3964523981613297e-16
6.591949208711867e-17
5.204170427930421e-18
1.3877787807814455e-17
-4.336808689942018e-18
-8.673617379884035e-18
6.938893903907228e-18
-6.9388939039072276e-18
-1.214306433183765e-17
-1.3877787807814457e-17
3.4694469519536096e-18
-1.1796119636642288e-16
-3.469446951953614e-18
6.981496048403729e-34
8.673617379884035e-19
4.597017211338539e-17
-1.1867792183879113e-33
-6.245004513516506e-17
-2.6020852139652106e-17
2.081668171172169e-17
3.382710778154774e-17
1.3010426069826053e-17
4.163336342344337e-17
-8.326672684688675e-17
4.1633363423443364e-17
-2.42861286636753e-17
6.9388939039072245e-18
3.4694469519536134e-18
1.734723475976804e-18
5.204170427930421e-18
-3.469446951953614e-18
5.551115123125783e-17
-7.28583859910259e-17
5.2041704279304236e-18
-1.0408340855860843e-17
1.457167719820518e-16
-3.469446951953614e-18
7.806255641895632e-18
-1.3877787807814457e-17
-1.8041124150158794e-16
-1.3877787807814457e-17
6.938893903907228e-18
-1.0408340855860843e-17
-1.8374207428651162e-35
1.3877787807814455e-17
3.469446951953614e-17
-3.469446951953614e-17
2.0816681711721685e-17
2.949029909160572e-17
-2.42861286636753e-17
5.204170427930421e-18
1.474514954580286e-17
-6.591949208711867e-17
-8.326672684688674e-17
-4.336808689942018e-18
3.8163916471489756e-17
2.6020852139652106e-17
3.1225022567582534e-17
-2.7755575615628914e-17
8.673617379884035e-19
-2.168404344971009e-17
-6.9388939039072276e-18
-1.5612511283791264e-17
-1.908195823574488e-17
-5.898059818321144e-17
8.326672684688673e-17
-6.93889390390723e-18
0.0
2.0816681711721685e-17
-1.3877787807814457e-17
-2.862293735361732e-17
-4.163336342344337e-17
5.551115123125783e-17
-1.3877787807814455e-17
-8.673617379884035e-18
1.9081958235744878e-17
3.4694469519536138e-18
3.469446951953614e-18
9.540979117872439e-18
2.0816681711721685e-17
-5.551115123125783e-17
2.914335439641036e-16
-2.7755575615628914e-17
-3.469446951953616e-18
-3.469446951953613e-18
-4.85722573273506e-17
7.222237291452173e-35
4.163336342344337e-17
4.0766001685454967e-17
2.688821387764051e-17
7.806255641895632e-18
-8.673617379884035e-19
-6.938893903907228e-18
-3.8163916471489756e-17
1.1102230246251565e-16
1.3877787807814457e-17
-1.249000902703301e-16
-8.673617379884035e-18
5.551115123125784e-17
1.3877787807814454e-17
-6.9388939039072245e-18
3.816391647148977e-17
-1.0408340855860843e-17
-3.382710778154774e-17
6.938893903907235e-18
3.4694469519536196e-18
-1.214306433183765e-17
-8.673617379884035e-18
1.9949319973733288e-17
-6.938893903907228e-18
6.938893903907228e-18
-1.734723475976807e-16
4.5102810375396984e-17
8.673617379884035e-19
-2.7755575615628914e-17
-1.0408340855860843e-17
-6.938893903907228e-18
-1.734723475976807e-18
0.9999999999999999
-1.0
-9.020562075079397e-17
-6.938893903907228e-18
1.734723475976807e-18
-5.551115123125783e-17
-0.9999999999999998
-1.734723475976807e-17
1.0408340855860843e-17
2.42861286636753e-17
-0.9999999999999998
-4.336808689942018e-18
-0.9999999999999998
-0.9999999999999998
-1.214306433183765e-17
1.0408340855860843e-17
1.8735013540549517e-16
5.898059818321144e-17
2.7755575615628914e-17
-0.9999999999999998
-1.0755285551056204e-16
-1.5265566588595902e-16
-1.942890293094024e-16
-0.9999999999999997
-1.249000902703301e-16
2.6020852139652106e-18
3.642919299551295e-17
1.0408340855860843e-17
-6.9388939039072276e-18
-1.214306433183765e-17
-0.9999999999999998
-1.3183898417423734e-16
-2.0816681711721685e-17
-0.9999999999999999
-0.9999999999999998
-1.734723475976807e-17
3.469446951953614e-18
-1.0
-1.1449174941446927e-16
-1.5612511283791264e-17
-0.9999999999999994
-1.0
-0.9999999999999999
-1.0
-1.0
2.688821387764051e-17
-0.9999999999999999
-0.9999999999999999
-0.9999999999999999
-1.0
1.0408340855860843e-17
0.9999999999999999
-1.734723475976807e-17
-1.0408340855860843e-17
-0.9999999999999999
-1.0
0.9999999999999999
-0.9999999999999997
-1.0
1.0408340855860843e-17
-2.6020852139652106e-18
2.7755575615628914e-17
1.0
1.734723475976807e-18
1.7347234759768075e-18
-1.0
1.1796119636642288e-16
-1.0
1.9081958235744878e-16
9.540979117872439e-18
-1.3877787807814457e-17
-1.0
-0.9999999999999999
6.938893903907228e-18
-1.0
1.5265566588595902e-16
2.7755575615628904e-17
-1.0
-1.0
1.7694179454963432e-16
-1.734723475976807e-16
-0.9999999999999998
-1.0
-1.0
-1.0
-5.204170427930421e-18
-0.9999999999999998
3.469446951953614e-18
-0.9999999999999999
-6.938893903907228e-18
-1.0
-2.0816681711721685e-17
-1.0
-0.9999999999999994
-1.0
-1.951563910473908e-16
-1.0
-2.42861286636753e-17
2.7755575615628914e-17
-1.0
-3.4211388289180104e-49
-1.0
-4.336808689942018e-18
-0.9999999999999998
-1.0
-0.9999999999999999
0.9999999999999999
-1.0408340855860843e-17
-1.0
-2.42861286636753e-17
-1.0
-1.0
-0.9999999999999999
5.204170427930419e-18
9.367506770274758e-17
5.204170427930421e-18
-1.0
-0.9999999999999999
-1.0
1.3877787807814455e-17
-0.9999999999999998
-3.851859888774474e-33
-1.0
-0.9999999999999999
-1.0
-0.9999999999999998
1.0
-0.9999999999999998
-6.938893903907228e-18
-1.0
-1.0
-1.3877787807814457e-16
-0.9999999999999999
-9.71445146547012e-17
-6.938893903907228e-18
0.9999999999999999
-1.0
2.0469737016526324e-16
-1.0
-1.0
-0.9999999999999998
-1.0408340855860843e-16
-1.0
-0.9999999999999999
-1.0
-0.9999999999999999
-0.9999999999999999
1.0408340855860843e-16
1.5265566588595902e-16
-2.0816681711721685e-17
6.938893903907228e-17
3.233505775723865e-35
0.6409981654405262
-1.0
-1.0
-0.9999999999999999
-1.0
-1.5959455978986625e-16
-1.3183898417423734e-16
-1.0
-1.0
-0.9999999999999999
-1.0
-1.0
-1.0
-0.9999999999999999
-1.0
-1.0408340855860843e-17
-0.9999999999999999
-0.9999999999999999
-1.0
-1.0
-1.0
-0.9999999999999999
-0.9999999999999993
-1.0
-1.0
-1.0
-0.9999999999999999
-1.0
-0.9999999999999997
-1.0
-0.9999999999999999
1.0408340855860843e-16
-1.0
-0.9999999999999999
6.938893903907228e-18
-1.0
-1.0
-1.0
-0.9999999999999999
-0.9999999999999999
-1.0
-0.9999999999999999
-1.0
-0.9999999999999998
-1.0
-1.0
-1.6306400674181987e-16
-1.0
-1.0
-5.551115123125783e-17
-6.938893903907228e-17
-1.5612511283791264e-16
-1.0
1.0408340855860843e-17
-0.9999999999999999
-1.0
-1.1275702593849246e-17
-0.9999999999999998
-0.9999999999999999
-1.0
-1.3704315460216776e-16
-1.0
-1.0
1.734723475976807e-18
8.326672684688674e-17
-1.0
-0.9999999999999998
-1.0
-0.9999999999999998
-0.9999999999999999
-9.367506770274758e-17
-1.8214596497756474e-17
-1.0
-1.0
3.469446951953614e-18
-0.9999999999999999
-0.9999999999999998
-1.0
-1.0
-0.9999999999999996
-0.9999999999999999
-0.9999999999999999
-2.5326962749261384e-16
2.0816681711721685e-17
-1.0
-2.42861286636753e-17
-2.688821387764051e-17
-3.122502256758253e-17
0.0
-1.0
-2.7755575615628914e-17
-0.9999999999999999
-0.9999999999999999
-8.326672684688674e-17
-1.0
-1.0
4.85722573273506e-17
1.214306433183765e-16
-5.551115123125783e-17
-1.0
5.204170427930421e-18
-1.0
5.204170427930421e-17
-1.3877787807814457e-16
-1.0
-0.9999999999999999
-0.9999999999999999
-1.0
-0.9999999999999998
-1.0
-1.0755285551056204e-16
8.326672684688674e-17
-0.9999999999999998
-0.9999999999999999
3.469446951953613e-18
-5.898059818321144e-17
-1.0
2.7755575615628914e-17
-3.469446951953616e-18
-0.9999999999999999
-2.185751579730777e-16
1.734723475976807e-17
-0.9999999999999999
-0.9999999999999999
-0.9999999999999999
-0.9999999999999999
-0.9999999999999999
-0.9999999999999998
-1.0
-1.0408340855860843e-17
-1.2143064331837648e-17
-6.071532165918825e-18
-0.9999999999999999
-0.9999999999999999
-1.0
-0.9999999999999999
-1.0
-1.0
-7.28583859910259e-17
-1.0
-1.0
-0.9999999999999999
1.3877787807814457e-17
-1.0
1.9081958235744878e-17
-0.9999999999999999
-3.122502256758254e-17
-1.0
-6.938893903907228e-18
-9.540979117872439e-18
-5.204170427930421e-18
-0.9999999999999999
-0.9999999999999998
-0.9999999999999998
-0.9999999999999999
-1.0
-3.8163916471489756e-17
1.0408340855860843e-17
-1.0
1.0
-0.9999999999999998
-1.0408340855860843e-17
-3.642919299551295e-17
-1.0
-5.204170427930421e-18
-1.3877787807814457e-17
-0.9999999999999999
-8.326672684688674e-17
-1.0
-1.0
-0.9999999999999999
-1.0
-1.0
-1.0
-1.3183898417423734e-16
-1.0
3.469446951953614e-18
-1.0
-1.0
-0.9999999999999998
-0.9999999999999998
-0.9999999999999999
-1.0
-0.9999999999999994
-0.9999999999999999
-1.457167719820518e-16
-1.0
-0.9999999999999997
-1.0
3.469446951953614e-18
-1.0
