0.9999999999999989
-1.6046192152785466e-17
-4.672911363412524e-17
-7.806255641895632e-18
3.469446951953614e-18
-6.245004513516506e-17
-2.7755575615628914e-17
7.806255641895632e-18
-1.0408340855860843e-17
8.933825901280557e-17
-1.3010426069826053e-17
6.938893903907228e-17
-6.245004513516506e-17
5.898059818321144e-17
4.163336342344337e-17
4.163336342344337e-17
8.673617379884037e-18
3.4694469519536138e-18
2.42861286636753e-17
4.2500725161431774e-17
6.938893903907228e-17
-7.719519468096792e-17
8.673617379884035e-19
1.0408340855860843e-17
1.5439038936193583e-16
-4.85722573273506e-17
-1.0408340855860843e-17
-8.673617379884035e-19
-1.6653345369377348e-16
-5.204170427930421e-17
-3.9898639947466563e-17
2.42861286636753e-17
-2.2985086056692694e-17
1.0408340855860843e-17
0.0
7.632783294297951e-17
-8.673617379884035e-18
-4.597017211338539e-17
-5.204170427930421e-17
-2.42861286636753e-16
-4.683753385137379e-17
-1.0408340855860841e-17
-1.214306433183765e-17
-1.1275702593849246e-17
-2.2551405187698492e-17
0.0
2.0816681711721682e-17
-1.457167719820518e-16
1.9081958235744878e-17
-5.204170427930421e-18
1.734723475976807e-18
-6.938893903907228e-18
-1.734723475976807e-18
1.5612511283791264e-17
-1.3877787807814457e-17
1.843143693225357e-18
-4.336808689942018e-17
1.5265566588595902e-16
9.540979117872439e-18
-3.469446951953614e-18
-3.469446951953614e-18
8.239936510889834e-18
-3.642919299551295e-17
-1.734723475976807e-16
3.9898639947466563e-17
1.0408340855860844e-17
-4.85722573273506e-17
2.42861286636753e-17
5.377642775528102e-17
2.5066754227864863e-16
2.0816681711721685e-17
-6.9388939039072276e-18
1.8431436932253575e-17
-7.806255641895632e-18
7.112366251504908e-17
8.326672684688674e-17
-1.0928757898653885e-16
-9.540979117872439e-18
-2.4286128663675287e-17
-4.7704895589362195e-18
-1.3010426069826053e-17
1.734723475976807e-18
-2.1510571102112408e-16
2.0122792321330962e-16
-1.5612511283791264e-17
2.42861286636753e-17
-1.214306433183765e-17
0.24999999999999997
3.469446951953614e-18
1.9081958235744878e-17
1.9081958235744878e-17
-2.7755575615628914e-17
-5.377642775528102e-17
2.0816681711721685e-17
1.3010426069826052e-17
-8.673617379884035e-18
0.0
-7.632783294297951e-17
1.6479873021779667e-17
1.7347234759768069e-18
-4.163336342344337e-17
-6.071532165918825e-17
-7.979727989493313e-17
-1.3877787807814457e-17
1.3183898417423734e-16
-0.9999999999999998
-1.734723475976807e-18
1.9949319973733282e-17
3.122502256758253e-17
1.6046192152785466e-17
-5.551115123125783e-17
3.469446951953614e-18
-1.0083080204115191e-16
-6.938893903907228e-18
1.7347234759768069e-18
-1.5612511283791264e-17
1.3877787807814457e-17
-3.122502256758253e-17
3.3393426912553537e-17
1.0408340855860846e-17
-5.204170427930421e-18
1.491862189340054e-16
3.122502256758253e-17
-6.938893903907228e-17
-7.134050294954619e-17
-3.4694469519536134e-18
-2.42861286636753e-17
-3.469446951953615e-18
-2.42861286636753e-17
-2.775557561562891e-17
1.6479873021779667e-16
-7.112366251504909e-17
1.8041124150158794e-16
1.3010426069826053e-17
-3.7513395167998453e-17
-2.949029909160572e-17
4.336808689942018e-18
2.0816681711721685e-17
3.122502256758253e-17
-1.0408340855860838e-17
-4.336808689942018e-18
2.0816681711721685e-17
-1.8735013540549517e-16
-1.3010426069826053e-17
-1.431146867680866e-17
-0.9999999999999999
8.673617379884037e-18
1.249000902703301e-16
-6.114900252818245e-17
-1.0408340855860843e-17
-2.168404344971009e-17
-2.5153490401663703e-17
-5.204170427930421e-18
-7.806255641895632e-18
-2.688821387764051e-17
-1.734723475976807e-17
-6.938893903907228e-18
-3.2959746043559335e-17
1.3010426069826053e-18
1.3877787807814457e-17
2.8189256484623115e-18
4.85722573273506e-17
-2.949029909160572e-17
-1.3010426069826053e-17
-6.071532165918825e-18
-3.7838655819744105e-17
1.1492543028346347e-17
5.551115123125783e-17
4.336808689942018e-18
-1.6653345369377348e-16
1.3877787807814457e-17
1.5395670849294163e-16
1.0408340855860843e-17
-7.979727989493313e-17
-4.9439619065339e-17
-6.938893903907228e-18
2.7755575615628914e-17
-9.71445146547012e-17
-2.2768245622195593e-18
-2.949029909160572e-17
7.806255641895632e-17
-1.3877787807814454e-17
-9.540979117872439e-18
-1.951563910473908e-17
-3.4694469519536123e-17
-3.469446951953614e-18
-2.168404344971009e-18
-3.2959746043559335e-17
2.2551405187698492e-17
6.071532165918825e-18
1.214306433183765e-16
4.787836793695988e-16
3.252606517456513e-17
1.8214596497756474e-17
-3.469446951953614e-17
-1.3704315460216776e-16
0.0
-7.37257477290143e-18
-3.469446951953614e-18
7.806255641895632e-18
-3.469446951953614e-18
8.673617379884035e-19
-8.413408858487514e-17
-1.7347234759768069e-18
-5.204170427930423e-18
-1.734723475976807e-17
-6.938893903907222e-18
1.6046192152785466e-17
1.5265566588595902e-16
4.85722573273506e-17
-4.336808689942018e-19
3.4481323957245995e-33
-4.336808689942018e-19
1.3357370765021415e-16
4.683753385137379e-17
3.642919299551295e-17
-9.540979117872439e-18
6.938893903907228e-18
6.93889390390723e-18
1.951563910473908e-17
4.0549161250957866e-17
0.0
-1.0408340855860843e-17
-8.673617379884035e-18
1.5612511283791264e-17
-1.3877787807814457e-17
-2.4286128663675293e-17
-2.0816681711721685e-17
1.4662646334416885e-33
-0.9999999999999993
1.3877787807814457e-17
4.510281037539699e-17
7.806255641895632e-18
2.0816681711721685e-17
-3.677613769070831e-16
-3.469446951953614e-17
1.231653667943533e-16
-1.214306433183765e-17
-1.3877787807814457e-17
-1.214306433183765e-17
-1.6479873021779667e-17
-8.847089727481716e-17
4.9873299934333204e-18
-2.688821387764051e-17
3.4694469519536134e-18
-2.42861286636753e-17
-1.0408340855860843e-17
-1.3877787807814457e-17
0.9999999999999987
-4.5102810375396984e-17
-1.3877787807814457e-17
-1.3877787807814457e-17
-3.469446951953614e-18
2.7755575615628914e-17
-2.0816681711721685e-17
2.2551405187698492e-17
-2.42861286636753e-17
3.469446951953614e-18
3.0357660829594124e-18
-2.5153490401663703e-17
-2.667137344314341e-17
-3.924811864397526e-17
-1.726049858596923e-16
-4.336808689942018e-18
3.469446951953613e-18
-1.3877787807814457e-17
2.1382117680737565e-49
-6.071532165918825e-17
-1.491862189340054e-16
1.734723475976807e-18
5.204170427930421e-18
-2.42861286636753e-17
-1.734723475976807e-18
1.8561541192951836e-16
-1.214306433183765e-16
8.673617379884035e-19
-1.5872719805187785e-16
3.469446951953614e-17
-6.938893903907228e-18
9.540979117872439e-18
6.071532165918825e-17
0.0
-3.469446951953613e-17
1.734723475976807e-18
-3.469446951953614e-18
4.2500725161431774e-17
-2.0816681711721688e-17
-2.0122792321330962e-16
2.4286128663675296e-17
2.862293735361732e-17
4.5102810375396984e-17
1.1275702593849246e-17
-5.637851296924623e-17
1.3877787807814457e-16
2.255140518769849e-17
-1.5525775109992423e-16
-6.938893903907228e-18
-5.963111948670274e-19
-2.6020852139652106e-18
2.862293735361732e-17
3.122502256758253e-17
2.929218325511438e-35
-5.0306980803327406e-17
-1.3877787807814457e-17
-2.7755575615628914e-17
8.673617379884045e-19
8.811129495571604e-33
2.7755575615628914e-17
-2.42861286636753e-17
-3.382710778154774e-17
-1.734723475976807e-17
5.551115123125783e-17
2.0816681711721685e-17
-1.249000902703301e-16
-3.5561831257524545e-17
-6.938893903907228e-18
3.9898639947466563e-17
-1.7347234759768074e-17
-8.023096076392733e-18
-2.7755575615628914e-17
1.218643241873707e-16
1.0408340855860843e-17
2.220446049250313e-16
1.214306433183765e-17
8.673617379884035e-18
-0.9999999999999994
-5.204170427930421e-17
1.9949319973733282e-17
-1.734723475976807e-17
1.734723475976807e-18
-1.3877787807814457e-16
-1.0408340855860843e-17
-3.469446951953614e-18
-4.85722573273506e-17
3.642919299551295e-17
8.673617379884035e-18
4.163336342344337e-17
-2.949029909160572e-17
-3.2959746043559335e-17
1.0408340855860843e-17
5.948204168798599e-17
5.551115123125782e-17
-2.7755575615628914e-17
-2.7755575615628914e-17
-7.632783294297951e-17
-4.9873299934333204e-17
-2.8189256484623115e-17
2.2551405187698492e-17
2.0816681711721685e-17
1.5178830414797062e-18
-2.45029690981724e-17
-3.642919299551295e-17
-1.0408340855860843e-17
-8.673617379884035e-18
-1.682681771697503e-16
7.632783294297951e-17
-1.734723475976807e-18
-6.852157730108388e-17
-6.245004513516506e-17
1.734723475976807e-17
-1.474514954580286e-17
-4.336808689942018e-18
-2.9490299091605714e-17
-6.245004513516506e-17
-8.239936510889834e-18
-2.1684043449710092e-17
-8.23993651088983e-18
-2.6020852139652106e-17
1.0061396160665481e-16
-7.632783294297951e-17
-2.7755575615628914e-17
4.5102810375396984e-17
-1.734723475976807e-16
2.42861286636753e-17
1.3877787807814457e-17
1.0408340855860843e-17
-1.3877787807814457e-17
3.8163916471489756e-17
2.6020852139652106e-18
-3.469446951953614e-17
-6.938893903907228e-18
-6.93889390390723e-18
-3.122502256758253e-17
6.938893903907228e-17
6.245004513516506e-17
4.85722573273506e-17
3.9898639947466563e-17
-1.734723475976807e-18
2.0816681711721685e-17
-1.0755285551056204e-16
-6.938893903907228e-18
-3.469446951953614e-18
-8.673617379884035e-19
4.163336342344337e-17
1.3877787807814457e-17
-7.806255641895632e-18
-8.673617379884035e-19
-3.4694469519536126e-18
-2.0816681711721685e-17
1.457167719820518e-16
-6.201636426617085e-17
-6.245004513516506e-17
1.3877787807814455e-17
2.3418766925686896e-17
1.734723475976807e-17
-1.214306433183765e-17
1.3877787807814457e-17
3.469446951953614e-17
3.4694469519536138e-18
-5.204170427930421e-18
-1.7347234759768065e-18
-2.0816681711721685e-17
-3.469446951953613e-18
-8.456776945386935e-18
-4.683753385137379e-17
6.938893903907228e-18
-9.107298248878237e-18
4.163336342344337e-17
-1.3769367590565906e-17
3.469446951953614e-18
-4.163336342344337e-17
2.0816681711721685e-17
-5.637851296924623e-18
-2.77555756156289e-17
-1.1449174941446927e-16
3.469446951953614e-18
-2.168404344971009e-18
-1.0408340855860843e-17
-6.071532165918825e-18
8.673617379884035e-18
2.168404344971009e-17
3.144186300207963e-17
3.469446951953614e-18
1.734723475976807e-17
1.734723475976807e-18
1.5395670849294163e-17
2.6020852139652106e-17
-2.992397996059992e-17
4.336808689942018e-18
2.0816681711721685e-17
-3.8163916471489756e-17
1.9081958235744878e-17
-6.938893903907228e-18
1.8041124150158794e-16
1.7694179454963432e-16
2.2985086056692694e-17
2.168404344971009e-19
-1.9081958235744878e-17
-1.3877787807814457e-17
8.673617379884035e-18
-6.938893903907238e-18
-2.168404344971009e-18
-3.8163916471489756e-17
4.163336342344337e-17
-1.3877787807814457e-17
0.9999999999999987
-3.469446951953613e-18
2.949029909160572e-17
-2.0816681711721685e-17
3.9898639947466563e-17
-3.469446951953614e-17
-1.0408340855860843e-17
-2.0816681711721688e-17
-1.97758476261356e-16
0.0
1.0408340855860843e-17
1.6479873021779667e-17
3.0531133177191805e-16
3.4694469519536138e-18
-2.461138931542095e-17
3.469446951953614e-18
-5.377642775528102e-17
1.214306433183765e-17
-1.734723475976807e-17
-3.469446951953614e-17
-3.469446951953614e-17
2.6020852139652106e-17
-3.122502256758253e-17
-8.673617379884035e-19
-3.4694469519535953e-18
1.3877787807814457e-17
-1.3877787807814457e-17
4.336808689942018e-18
5.854691731421724e-18
3.4694469519536138e-18
-1.9081958235744878e-17
-3.8163916471489756e-17
2.688821387764051e-17
2.6020852139652106e-18
0.0
8.673617379884035e-19
2.168404344971009e-17
3.469446951953615e-17
8.673617379884035e-18
1.734723475976807e-17
-1.9081958235744878e-17
3.469446951953615e-18
4.5102810375396984e-17
1.6653345369377348e-16
3.469446951953614e-17
-2.0816681711721685e-17
-1.0928757898653885e-16
-6.938893903907228e-17
-0.9999999999999991
3.816391647148975e-17
1.1449174941446927e-16
1.5265566588595902e-16
-6.245004513516506e-17
-2.42861286636753e-17
-3.469446951953614e-18
-1.0234868508263162e-16
-2.42861286636753e-17
-3.469446951953614e-18
-1.0408340855860843e-17
-3.469446951953614e-18
-3.469446951953614e-18
-2.636779683484747e-16
-3.122502256758253e-17
1.457167719820518e-16
1.9081958235744878e-17
-0.9999999999999992
1.0408340855860843e-17
0.9999999999999993
-6.071532165918825e-18
-4.336808689942018e-18
-8.239936510889834e-18
-2.5153490401663703e-17
-2.2551405187698492e-17
-5.204170427930421e-18
6.245004513516506e-17
1.5612511283791264e-17
9.71445146547012e-17
0.9999999999999992
0.9999999999999991
2.0816681711721685e-17
-0.9999999999999993
-0.9999999999999992
-0.9999999999999993
-0.9999999999999988
-6.938893903907228e-18
4.640385298237959e-17
-0.9999999999999993
-3.469446951953614e-17
2.2551405187698492e-17
-0.9999999999999996
0.9999999999999993
-0.9999999999999993
-0.9999999999999992
0.9999999999999991
2.42861286636753e-17
-0.9999999999999996
0.9999999999999994
0.9999999999999994
0.9999999999999993
0.9999999999999996
-0.9999999999999991
0.9999999999999988
-1.1275702593849246e-17
-0.9999999999999998
0.9999999999999994
-0.9999999999999992
-0.9999999999999997
-3.469446951953614e-18
0.9999999999999992
-0.9999999999999998
0.0
-0.9999999999999998
-4.85722573273506e-17
-0.9999999999999992
-2.0816681711721685e-17
1.3227266504323154e-17
-0.9999999999999996
-0.9999999999999991
-0.9999999999999998
0.9999999999999993
-0.9999999999999996
0.9999999999999991
2.0816681711721685e-17
-0.9999999999999996
-0.9999999999999998
0.0
-3.209238430557093e-17
-0.9999999999999996
-0.9999999999999996
-0.9999999999999992
-0.9999999999999999
4.423544863740858e-17
-0.9999999999999996
-0.9999999999999996
-0.9999999999999993
-0.9999999999999998
-0.9999999999999991
-6.938893903907228e-18
-0.9999999999999991
0.9999999999999996
-0.9999999999999997
-0.9999999999999998
1.8648277366750676e-17
-0.9999999999999997
-0.9999999999999996
-0.9999999999999998
0.9999999999999998
0.9999999999999996
0.9999999999999994
-0.9999999999999999
0.9999999999999994
-0.9999999999999991
-0.9999999999999997
1.3877787807814457e-17
-0.9999999999999998
0.9999999999999993
0.9999999999999999
0.9999999999999999
-0.9999999999999991
-4.163336342344337e-17
-0.9999999999999992
-0.9999999999999996
-1.3877787807814457e-17
-0.9999999999999994
1.1102230246251565e-16
-0.9999999999999992
-0.9999999999999992
-0.9999999999999997
0.9999999999999996
-0.9999999999999993
-9.540979117872439e-18
-0.9999999999999998
-0.999999999999999
-1.942890293094024e-16
-0.9999999999999994
-0.9999999999999998
-0.9999999999999998
-0.9999999999999996
-2.6240820141788665e-33
-0.9999999999999996
-0.9999999999999997
0.9999999999999988
0.9999999999999991
-0.9999999999999997
-0.999999999999999
-0.9999999999999998
-0.9999999999999998
-0.9999999999999998
-0.9999999999999992
-0.9999999999999997
0.9999999999999998
6.938893903907228e-18
2.6020852139652106e-18
2.168404344971009e-17
-3.7816971776294395e-16
-0.9999999999999992
-0.9999999999999997
-0.9999999999999993
-0.9999999999999997
1.8214596497756478e-17
0.9999999999999993
-0.9999999999999992
-0.9999999999999992
0.999999999999999
-0.999999999999998
-0.9999999999999994
-0.9999999999999999
0.9999999999999993
-0.9999999999999996
-0.9999999999999999
-0.9999999999999994
-0.9999999999999998
0.9999999999999998
-0.9999999999999998
-0.9999999999999992
-0.9999999999999993
0.9999999999999999
-1.0
-0.9999999999999997
6.071532165918823e-18
-0.9999999999999999
0.9999999999999996
0.9999999999999989
-2.7755575615628914e-17
-0.9999999999999991
-0.9999999999999989
-0.9999999999999996
-0.9999999999999997
-0.9999999999999997
-0.999999999999999
-4.0245584642661925e-16
-9.020562075079397e-17
0.9999999999999991
0.9999999999999988
-1.0408340855860846e-17
-0.9999999999999993
-0.9999999999999996
0.9999999999999993
-2.220446049250313e-16
-0.9999999999999998
-1.8214596497756474e-17
0.9999999999999998
0.9999999999999996
0.9999999999999997
-0.9999999999999996
0.9999999999999992
6.938893903907228e-18
-4.336808689942018e-18
0.9999999999999996
0.9999999999999992
-0.9999999999999996
0.9999999999999997
-0.9999999999999998
-0.9999999999999999
-0.9999999999999991
2.6020852139652106e-18
-0.9999999999999998
-0.9999999999999996
0.9999999999999998
-0.9999999999999996
-0.9999999999999999
6.245004513516506e-17
-0.9999999999999999
1.5612511283791264e-17
-0.9999999999999997
9.367506770274758e-17
-0.9999999999999996
6.852157730108388e-17
0.9999999999999991
-0.9999999999999994
-6.938893903907228e-18
-1.6696713456276768e-17
-1.745565497701662e-17
-1.7105694144590052e-49
-0.9999999999999994
-0.9999999999999999
1.457167719820518e-16
0.9999999999999997
0.9999999999999996
0.9999999999999992
-0.9999999999999994
-0.9999999999999998
-8.326672684688675e-17
0.0
0.9999999999999991
1.2836953722228372e-16
-0.9999999999999994
-0.999999999999999
-0.999999999999999
0.9999999999999998
-0.9999999999999999
-0.9999999999999993
-1.6653345369377348e-16
0.9999999999999996
-0.9999999999999994
-0.999999999999999
0.9999999999999991
-1.3010426069826053e-17
-0.9999999999999999
3.0878077872387166e-16
-0.9999999999999989
-0.9999999999999994
0.9999999999999998
0.9999999999999993
0.9999999999999993
0.9999999999999998
-2.220446049250313e-16
-0.9999999999999999
-0.9999999999999996
-1.214306433183765e-17
0.9999999999999998
-0.9999999999999992
0.9999999999999999
-0.9999999999999989
0.9999999999999993
-0.9999999999999999
-0.999999999999999
0.9999999999999998
0.9999999999999992
0.9999999999999996
1.5265566588595902e-16
1.0408340855860843e-17
-0.9999999999999999
-0.9999999999999992
0.9999999999999991
-0.9999999999999992
-0.9999999999999993
-2.0816681711721685e-17
-0.9999999999999992
-0.9999999999999997
-0.9999999999999997
-0.9999999999999994
-0.9999999999999997
-0.9999999999999992
-1.2630955309456127e-17
-0.999999999999999
-0.9999999999999993
-0.9999999999999996
-1.249000902703301e-16
-0.9999999999999992
0.9999999999999998
0.9999999999999996
0.9999999999999992
0.9999999999999992
-0.9999999999999996
-6.591949208711867e-17
0.9999999999999997
-0.9999999999999998
4.85722573273506e-17
-0.9999999999999984
6.938893903907228e-17
-0.9999999999999994
-0.9999999999999997
-0.9999999999999997
6.938893903907228e-18
-0.9999999999999999
1.22514845490862e-17
2.688821387764051e-17
-0.9999999999999997
-0.9999999999999998
-0.9999999999999994
-0.9999999999999994
1.0408340855860843e-17
-0.9999999999999997
0.9999999999999997
-0.9999999999999998
-0.9999999999999996
-0.9999999999999996
-0.9999999999999998
0.9999999999999999
0.999999999999999
-7.28583859910259e-17
0.9999999999999996
-0.9999999999999997
3.122502256758253e-17
-0.9999999999999996
-0.9999999999999989
-0.9999999999999997
1.700029006457271e-16
3.469446951953614e-17
0.9999999999999993
1.491862189340054e-16
1.7347234759768077e-17
-0.9999999999999991
0.9999999999999989
0.9999999999999997
-0.9999999999999996
-0.999999999999999
-0.9999999999999992
0.9999999999999997
-0.9999999999999996
5.204170427930422e-18
-0.9999999999999992
-2.0816681711721682e-17
-9.540979117872439e-18
-1.8388068845354155e-16
-0.9999999999999996
-0.9999999999999978
1.457167719820518e-16
-3.122502256758253e-16
0.9999999999999997
-0.9999999999999997
-0.9999999999999996
-1.0408340855860843e-17
1.1535911115245767e-16
0.9999999999999993
-0.9999999999999998
0.9999999999999998
0.9999999999999996
0.9999999999999999
-0.9999999999999986
0.9999999999999989
3.469446951953614e-18
-0.9999999999999997
-5.204170427930421e-17
-0.9999999999999998
0.9999999999999996
-0.9999999999999997
0.9999999999999999
4.85722573273506e-17
-0.9999999999999996
-0.9999999999999997
-0.9999999999999992
0.9999999999999999
-0.9999999999999993
4.85722573273506e-17
-0.9999999999999996
0.9999999999999993
1.3877787807814457e-17
0.9999999999999993
0.9999999999999996
-0.9999999999999998
0.9999999999999993
0.9999999999999991
0.9999999999999997
0.9999999999999999
0.9999999999999998
1.6653345369377348e-16
-1.3877787807814457e-17
0.9999999999999997
-0.9999999999999996
0.9999999999999988
-0.9999999999999999
-1.457167719820518e-16
-0.9999999999999994
1.474514954580286e-17
-1.734723475976807e-17
-4.163336342344337e-17
-0.9999999999999992
2.7755575615628914e-17
-0.9999999999999991
0.9999999999999993
0.9999999999999993
-0.9999999999999998
0.9999999999999992
-0.9999999999999993
-0.9999999999999996
4.163336342344337e-16
-2.740863092043355e-16
0.9999999999999977
-0.9999999999999994
0.9999999999999993
0.9999999999999998
-5.204170427930421e-18
0.9999999999999999
-1.0408340855860843e-17
-0.9999999999999997
0.9999999999999989
-0.9999999999999998
-0.9999999999999993
-0.9999999999999998
-1.0408340855860843e-17
0.9999999999999998
0.9999999999999988
0.9999999999999991
-0.9999999999999993
-0.9999999999999998
0.9999999999999998
2.6020852139652106e-17
-0.9999999999999993
-0.9999999999999996
0.9999999999999994
0.9999999999999989
-0.9999999999999997
0.9999999999999996
-0.9999999999999998
-0.9999999999999996
-0.9999999999999996
-0.9999999999999989
4.336808689942018e-18
-1.3183898417423734e-16
0.9999999999999997
-0.9999999999999998
-0.9999999999999998
-0.9999999999999998
0.9999999999999993
0.9999999999999997
-0.9999999999999999
-0.9999999999999991
0.0
-0.9999999999999998
-0.9999999999999997
-0.9999999999999997
-0.9999999999999998
-0.9999999999999999
-0.9999999999999996
-1.9081958235744878e-17
0.9999999999999994
-0.9999999999999996
0.9999999999999992
-0.9999999999999997
-0.9999999999999996
0.9999999999999996
-1.6306400674181987e-16
-0.9999999999999994
-0.9999999999999998
1.7867651802561113e-16
-0.9999999999999997
0.9999999999999993
-0.9999999999999987
-0.9999999999999996
-0.9999999999999997
-0.9999999999999991
-0.9999999999999996
-3.469446951953614e-18
-7.632783294297949e-17
0.9999999999999993
-0.9999999999999991
0.9999999999999998
-1.6653345369377348e-16
-0.9999999999999994
-0.9999999999999994
-0.9999999999999997
-0.9999999999999998
0.9999999999999996
-0.9999999999999997
-3.8163916471489756e-17
-0.9999999999999998
-0.9999999999999992
-0.9999999999999998
-0.9999999999999993
0.9999999999999996
-0.9999999999999998
-0.9999999999999994
-0.9999999999999999
