-0.9999999999999989
-0.9999999999999992
-0.6536319062728789
-0.9999999999999989
-0.6536319062728789
-0.6536319062728789
-0.344265534408869
-0.6078994372056045
-0.6536319062728789
-0.9325971943325861
-0.9324663509717658
-0.6383005210099072
-0.6536319062728789
-0.9999999999999992
-0.9999999999999993
-0.6384313643707276
-0.9999999999999996
-0.9325971943325861
-0.6384313643707276
-0.6383005210099072
-0.6384313643707276
-0.6536319062728789
-0.9325971943325861
-0.6384313643707276
-0.6232308224685762
-0.6687016048142099
-0.6384313643707276
-0.6384313643707276
-0.6384313643707276
-0.9999999999999992
-0.7071067811865471
-0.6536319062728789
-0.6078994372056045
-0.6384313643707276
-0.6536319062728789
-0.6384313643707276
-0.6536319062728789
-0.6232308224685762
-0.6536319062728789
-0.6232308224685762
-0.344265534408869
-0.6232308224685762
-0.6384313643707276
-0.6384313643707276
-0.6384313643707276
-0.6384313643707276
-0.6384313643707276
-0.6232308224685762
-0.6384313643707276
-0.6232308224685762
-0.6385622077315479
-0.9999999999999993
-0.6384313643707276
-0.6384313643707276
-0.6385622077315479
-0.9999999999999996
-0.6384313643707276
-0.6385622077315479
-0.6385622077315479
-0.6536319062728789
-0.6385622077315479
-0.6232308224685762
-0.6385622077315479
-0.6536319062728789
-0.9999999999999996
-0.6384313643707276
-0.7071067811865468
-0.6384313643707276
-0.6385622077315479
-0.6385622077315479
-0.6384313643707276
-0.6384313643707276
-0.9324663509717658
-0.6384313643707276
-0.9325971943325861
-0.6078994372056045
-0.6384313643707276
-0.6384313643707276
-0.6536319062728789
-0.6536319062728789
-0.6384313643707276
-0.9325971943325861
-0.6536319062728789
-0.9999999999999991
-0.6384313643707276
-0.6536319062728789
-0.6232308224685762
-0.6687016048142099
-0.6385622077315479
-0.6536319062728789
-0.6232308224685762
-0.6232308224685762
-0.9325971943325861
-0.6384313643707276
-0.6384313643707276
-0.9327280376934065
-0.7071067811865468
-0.9999999999999996
-0.344265534408869
-0.9999999999999998
-0.6384313643707276
-0.9325971943325861
-0.9325971943325861
-0.6384313643707276
-0.6384313643707276
-0.6384313643707276
-0.6383005210099072
-0.9999999999999996
-0.34439637776968934
-0.6383005210099072
-0.6078994372056045
-0.9324663509717658
-0.6384313643707276
-0.6384313643707276
-0.7071067811865472
-0.6384313643707276
-0.9999999999999996
-0.344265534408869
-0.6384313643707276
-0.6384313643707276
-0.6385622077315479
-0.6384313643707276
-0.9999999999999992
-0.6536319062728789
-0.6384313643707276
-0.6384313643707276
-0.9327280376934065
-0.344265534408869
-0.9999999999999991
-0.6384313643707276
-0.6232308224685762
-0.6384313643707276
-0.6383005210099072
-0.6536319062728789
-0.6384313643707276
-0.6384313643707276
-0.9999999999999996
-0.6384313643707276
-1.0
-0.9999999999999989
-0.6384313643707276
-0.6384313643707276
-0.7071067811865474
-0.6384313643707276
-0.6384313643707276
-0.6384313643707276
-0.6232308224685762
-0.9325971943325861
-0.6078994372056045
-0.6536319062728789
-0.6536319062728789
-0.6232308224685762
-0.6384313643707276
-0.6383005210099072
-0.6232308224685762
-0.6536319062728789
-0.6384313643707276
-0.344265534408869
-0.6536319062728789
-0.9999999999999996
-0.6384313643707276
-0.6384313643707276
-0.6384313643707276
-0.6384313643707276
-0.6384313643707276
-0.9999999999999996
-0.6536319062728789
-0.9999999999999997
-0.9999999999999998
-0.9999999999999996
-0.6385622077315479
-0.9999999999999989
-0.6384313643707276
-0.6385622077315479
-0.6384313643707276
-0.9999999999999993
-0.9999999999999993
-0.9999999999999993
-0.6385622077315479
-0.6384313643707276
-0.6385622077315479
-0.6078994372056045
-0.6384313643707276
-0.6385622077315479
-0.9325971943325861
-0.344265534408869
-0.6232308224685762
-0.6536319062728789
-0.6078994372056045
-0.6536319062728789
-0.6536319062728789
-0.6385622077315479
-0.6536319062728789
-0.344265534408869
-0.6384313643707276
-0.6385622077315479
-0.6232308224685762
-0.6384313643707276
-0.9325971943325861
-0.9999999999999989
-0.6384313643707276
-0.9325971943325861
-0.6384313643707276
-0.6384313643707276
-0.6384313643707276
-0.9999999999999993
-0.9324663509717658
-0.6385622077315479
-0.6536319062728789
-0.6232308224685762
-0.6384313643707276
-0.9325971943325861
-1.0
-0.9327280376934065
-0.6384313643707276
-0.9999999999999997
-0.6384313643707276
-0.9999999999999993
-0.6385622077315479
-0.6384313643707276
-0.6384313643707276
-0.9324663509717658
-0.9999999999999997
-0.6536319062728789
-0.6232308224685762
-0.6384313643707276
-0.7071067811865474
-0.6384313643707276
-0.6384313643707276
-0.6385622077315479
-0.6384313643707276
-0.9999999999999993
-0.6232308224685762
-0.6536319062728789
-0.6536319062728789
-0.6384313643707276
-0.6384313643707276
-0.7071067811865474
-0.49999999999999956
-0.707106781186547
-0.6384313643707276
-0.9324663509717658
-0.6384313643707276
-0.9999999999999996
-0.9325971943325861
-0.9999999999999996
-0.3441346910480486
-0.9999999999999996
-0.6384313643707276
-0.6385622077315479
-0.6384313643707276
-0.6232308224685762
-0.6536319062728789
-0.9999999999999989
-0.6385622077315479
-0.6232308224685762
-0.6384313643707276
-0.6384313643707276
-0.9999999999999996
-0.6536319062728789
-0.6384313643707276
-0.344265534408869
-0.6385622077315479
-0.6384313643707276
-0.6383005210099072
-0.6384313643707276
-0.6536319062728789
-0.6384313643707276
-0.9999999999999996
-0.6536319062728789
-0.6385622077315479
-0.6384313643707276
-0.6232308224685762
-0.344265534408869
-0.6383005210099072
-0.6384313643707276
-0.6385622077315479
-0.6384313643707276
-0.6232308224685762
-0.6384313643707276
-0.9324663509717658
-0.6385622077315479
-0.6232308224685762
-0.6232308224685762
-0.344265534408869
-0.9325971943325861
-0.4999999999999995
-0.9325971943325861
-0.6384313643707276
-0.6385622077315479
-0.6232308224685762
-0.6384313643707276
-0.6383005210099072
-0.6232308224685762
-0.9999999999999996
-0.9999999999999993
-0.9325971943325861
-0.6232308224685762
-0.6232308224685762
-0.6384313643707276
-0.6232308224685762
-0.6384313643707276
-0.6536319062728789
-0.6385622077315479
-0.6536319062728789
-0.6384313643707276
-0.6385622077315479
-0.344265534408869
-0.9325971943325861
-0.9999999999999993
-0.6384313643707276
-0.6384313643707276
-0.9999999999999996
-0.6384313643707276
-0.6232308224685762
-0.6383005210099072
-0.6536319062728789
-0.6384313643707276
-0.6232308224685762
-0.6384313643707276
-0.6384313643707276
-0.6536319062728789
-0.6078994372056045
-0.9999999999999996
-0.6232308224685762
-0.3441346910480486
-0.9999999999999989
-0.6384313643707276
-0.344265534408869
-0.6232308224685762
-0.6384313643707276
-0.6384313643707276
-0.6232308224685762
-0.6536319062728789
-0.6384313643707276
-0.6384313643707276
-0.6384313643707276
-0.6384313643707276
-0.9325971943325861
-0.6385622077315479
-0.9999999999999991
-0.6384313643707276
-1.0
-0.6384313643707276
-0.6232308224685762
-0.6383005210099072
-0.6536319062728789
-0.6385622077315479
-0.9999999999999993
-0.6384313643707276
-0.6384313643707276
-0.6232308224685762
-0.344265534408869
-0.6384313643707276
-0.6384313643707276
-0.9325971943325861
-0.6536319062728789
-0.6384313643707276
-0.6384313643707276
-0.6384313643707276
-0.6384313643707276
-0.6232308224685762
-0.9324663509717658
-0.6384313643707276
-0.6536319062728789
-0.9999999999999996
-0.9325971943325861
-0.34439637776968934
-0.6384313643707276
-0.3441346910480486
-0.6384313643707276
-0.344265534408869
-0.9999999999999991
-0.6232308224685762
-0.7071067811865472
-0.6384313643707276
-0.9325971943325861
-0.6232308224685762
-0.34439637776968934
-0.6536319062728789
-0.6384313643707276
-0.6384313643707276
-0.7071067811865474
-0.6384313643707276
-0.6232308224685762
-0.6536319062728789
-0.6385622077315479
-0.7071067811865471
-0.9999999999999996
-0.6384313643707276
-0.6232308224685762
-0.6384313643707276
-0.7071067811865474
-0.9999999999999989
-0.9999999999999996
-0.9999999999999993
-0.6536319062728789
-0.6385622077315479
-0.6536319062728789
-0.6385622077315479
-0.6536319062728789
-0.6384313643707276
-0.6384313643707276
-0.7071067811865472
-0.6232308224685762
-0.6384313643707276
-0.344265534408869
-0.6536319062728789
-0.9999999999999996
-0.6384313643707276
-0.6384313643707276
-0.6384313643707276
-0.9999999999999996
-0.6536319062728789
-0.9325971943325861
-0.6536319062728789
-0.9325971943325861
-0.9325971943325861
-0.6232308224685762
-0.6536319062728789
-0.6385622077315479
-0.6384313643707276
-0.6384313643707276
-0.9325971943325861
-0.6384313643707276
-0.344265534408869
-0.9325971943325861
-0.6232308224685762
-0.6384313643707276
-0.6384313643707276
-0.9999999999999996
-0.6384313643707276
-0.6232308224685762
-0.6384313643707276
-0.6232308224685762
-0.6383005210099072
-0.7071067811865472
-0.6536319062728789
-0.9999999999999996
-0.6384313643707276
-0.6536319062728789
-0.9999999999999996
-0.6384313643707276
-0.9327280376934065
-0.6384313643707276
-0.6384313643707276
-0.6232308224685762
-0.6536319062728789
-0.9999999999999989
-0.9325971943325861
-0.9999999999999993
-0.344265534408869
-0.6384313643707276
-0.6232308224685762
-0.6385622077315479
-0.7071067811865468
-0.6384313643707276
-0.707106781186547
-0.6384313643707276
-0.34439637776968934
-0.7071067811865468
-0.6384313643707276
-0.9325971943325861
-0.6078994372056045
-0.9325971943325861
-0.6384313643707276
-0.9999999999999996
-0.7071067811865468
-0.6232308224685762
-0.6232308224685762
-0.6384313643707276
-0.6384313643707276
-0.6232308224685762
-0.6384313643707276
-0.6384313643707276
-0.9325971943325861
-0.9999999999999998
-0.6536319062728789
-0.6385622077315479
-0.344265534408869
-0.6232308224685762
-0.6536319062728789
-0.6384313643707276
-0.9999999999999996
-0.6232308224685762
-0.34439637776968934
-0.6536319062728789
-0.6384313643707276
-0.707106781186547
-0.6536319062728789
-0.9999999999999996
-0.6384313643707276
-0.6384313643707276
-0.6384313643707276
-0.344265534408869
-0.9999999999999996
-0.6383005210099072
-0.9999999999999989
-0.6384313643707276
-0.6384313643707276
-0.6385622077315479
-0.344265534408869
-0.9999999999999996
-0.6384313643707276
-0.344265534408869
-0.6384313643707276
-0.9999999999999993
-0.6384313643707276
-0.9999999999999989
-0.6385622077315479
-0.6384313643707276
-0.6536319062728789
-0.344265534408869
-0.9325971943325861
-0.6384313643707276
-0.6536319062728789
-0.6232308224685762
-0.6536319062728789
-0.6232308224685762
-0.6384313643707276
-0.6232308224685762
-0.6232308224685762
-0.6232308224685762
-0.6232308224685762
-0.6384313643707276
-0.6384313643707276
-0.9999999999999991
-0.9999999999999999
-0.6384313643707276
-0.344265534408869
-0.3441346910480486
-0.9327280376934065
-0.6384313643707276
-0.6384313643707276
-0.6384313643707276
-0.9999999999999993
-0.6384313643707276
-0.7071067811865469
-0.9327280376934065
-0.6384313643707276
-0.6384313643707276
-0.3441346910480486
-0.34439637776968934
-0.6536319062728789
-0.6384313643707276
-0.7071067811865475
-0.6232308224685762
-0.6383005210099072
-0.6385622077315479
-0.6232308224685762
-0.9999999999999993
-0.6385622077315479
-0.9999999999999996
-0.9999999999999996
-0.6384313643707276
-0.6385622077315479
-0.6384313643707276
-0.6385622077315479
-0.6384313643707276
-0.6384313643707276
-0.6385622077315479
-0.9999999999999993
-0.9999999999999989
-0.6384313643707276
-0.707106781186547
-0.6384313643707276
-0.9999999999999991
-0.6384313643707276
-0.9999999999999989
-0.6384313643707276
-0.9999999999999993
-0.6385622077315479
-0.9999999999999996
-0.9999999999999991
-0.6384313643707276
-0.9999999999999992
-0.6383005210099072
-0.6232308224685762
-0.9999999999999991
-0.6383005210099072
-0.6385622077315479
-0.9999999999999996
-0.6536319062728789
-0.9327280376934065
-0.6384313643707276
-0.6384313643707276
-0.6384313643707276
-0.344265534408869
-0.6385622077315479
-0.6385622077315479
-0.9999999999999992
-0.9999999999999993
-0.707106781186547
-0.9999999999999992
-0.9999999999999998
-0.9999999999999993
-0.6384313643707276
-0.9999999999999998
-0.6384313643707276
-0.9999999999999991
-0.6536319062728789
-0.6384313643707276
-0.6384313643707276
-0.6232308224685762
-0.9999999999999991
-0.34439637776968934
-0.9999999999999989
-0.9999999999999997
-0.9999999999999991
-0.6385622077315479
-0.34439637776968934
-0.6384313643707276
-0.9325971943325861
-0.9999999999999993
-0.9999999999999996
-0.344265534408869
-0.6232308224685762
-0.9999999999999996
-0.6232308224685762
-0.9999999999999996
-0.9999999999999998
-0.9325971943325861
-0.9999999999999996
-0.9999999999999992
-0.344265534408869
-0.9999999999999989
-0.9999999999999996
-0.9999999999999996
-0.9999999999999998
-0.9999999999999987
-0.6384313643707276
-0.9999999999999998
-0.6384313643707276
-0.344265534408869
-0.6384313643707276
-0.9999999999999992
-0.6232308224685762
-1.0
-0.9327280376934065
-0.9999999999999993
-0.9999999999999993
-0.6384313643707276
-0.9999999999999993
-0.9999999999999991
-0.9999999999999998
-0.9999999999999998
-0.9999999999999998
-0.9999999999999996
-0.9999999999999991
-0.9999999999999996
-0.6384313643707276
-0.9999999999999996
-0.9325971943325861
-0.9999999999999992
-0.9999999999999993
-0.9999999999999992
-0.9325971943325861
-0.9999999999999996
-0.9999999999999993
-0.9999999999999996
-0.6232308224685762
-0.9325971943325861
-0.9999999999999998
-0.6384313643707276
-0.344265534408869
-0.7071067811865472
-0.9999999999999989
-0.9999999999999991
-0.6536319062728789
-0.6536319062728789
-0.9999999999999987
-0.3441346910480486
-0.9999999999999993
-0.9324663509717658
-0.6384313643707276
-0.9999999999999991
-0.6384313643707276
-0.6384313643707276
-0.344265534408869
-0.9999999999999991
-0.9999999999999991
-0.6384313643707276
-0.6384313643707276
-0.9999999999999993
-0.6384313643707276
-0.9999999999999993
-0.9999999999999992
-0.6384313643707276
-0.6536319062728789
-0.6384313643707276
-0.6384313643707276
-0.9999999999999996
-0.9999999999999992
-0.9324663509717658
-0.9999999999999997
-0.6384313643707276
-0.6536319062728789
-0.9999999999999996
-0.6078994372056045
-0.6384313643707276
-0.9999999999999997
-0.9999999999999996
-0.9999999999999996
-0.6384313643707276
-0.6384313643707276
-0.7071067811865475
-0.9999999999999991
-0.9999999999999993
-0.6232308224685762
-0.6384313643707276
-0.6384313643707276
-0.9999999999999998
-0.6536319062728789
-0.9999999999999997
-0.9999999999999998
-0.9999999999999992
-0.9999999999999993
-0.344265534408869
-0.9999999999999993
-0.9999999999999997
-0.6536319062728789
-0.9999999999999996
-0.6232308224685762
-0.6385622077315479
-0.344265534408869
-0.9999999999999992
-0.9324663509717658
-0.6383005210099072
-1.0
-0.9999999999999992
-0.9999999999999998
-0.6536319062728789
-0.9999999999999998
-0.9999999999999992
-0.9999999999999996
-0.7071067811865472
-0.9999999999999993
-0.9325971943325861
-0.6383005210099072
-0.6232308224685762
-0.9324663509717658
-0.6232308224685762
-0.9999999999999996
-0.6384313643707276
-0.9325971943325861
-0.9999999999999993
-0.6232308224685762
-0.9999999999999999
-0.6232308224685762
-0.6384313643707276
-0.9999999999999996
-0.9999999999999996
-0.6384313643707276
-0.9999999999999996
-1.0
-0.6384313643707276
-0.6385622077315479
-0.344265534408869
-0.6536319062728789
-0.9999999999999989
-0.6536319062728789
-0.9999999999999996
-0.6232308224685762
-1.0
-0.9999999999999996
-0.6384313643707276
-0.9999999999999993
-0.9999999999999993
-0.9999999999999989
-0.6232308224685762
-0.6536319062728789
-0.344265534408869
-0.6536319062728789
-0.9999999999999991
-0.9999999999999999
-0.9999999999999996
-0.6384313643707276
-0.9999999999999996
-0.6536319062728789
-0.6232308224685762
-0.9999999999999992
-0.6385622077315479
-0.9999999999999993
-0.9999999999999996
-0.6384313643707276
-0.6384313643707276
-0.9999999999999993
-0.6384313643707276
-0.6232308224685762
-0.34439637776968934
-0.9999999999999998
-0.9999999999999991
-0.9327280376934065
-0.9325971943325861
-0.9999999999999993
-0.6385622077315479
-0.6384313643707276
-0.6384313643707276
-0.9999999999999989
-0.6232308224685762
-0.9999999999999993
-0.6384313643707276
-0.9999999999999996
-0.6384313643707276
-0.6385622077315479
-0.6384313643707276
-0.6536319062728789
-0.6232308224685762
-0.6536319062728789
-0.9999999999999989
-0.6384313643707276
-0.9999999999999999
-0.9999999999999989
-1.0
-0.9999999999999989
-1.0
-0.9999999999999996
-0.9999999999999996
-0.6232308224685762
-0.9999999999999992
-0.6384313643707276
-0.9999999999999998
-0.6385622077315479
-0.9325971943325861
-0.9999999999999996
-0.6384313643707276
-0.9999999999999996
-0.9999999999999996
-0.9999999999999993
-0.9999999999999991
-0.6232308224685762
-0.9999999999999992
-0.6384313643707276
-0.7071067811865472
-0.6384313643707276
-0.9999999999999991
-0.9999999999999998
-0.6385622077315479
-0.9999999999999991
-0.6384313643707276
-0.6232308224685762
-0.6383005210099072
-0.6536319062728789
-0.9999999999999996
-0.9999999999999993
-0.6232308224685762
-0.9999999999999996
-0.9327280376934065
-0.9999999999999998
-0.7071067811865477
-0.6232308224685762
-0.6385622077315479
-0.6384313643707276
-1.0
-0.9999999999999992
-0.9999999999999996
-0.6232308224685762
-0.6536319062728789
-0.9325971943325861
-0.6536319062728789
-0.9999999999999991
-0.9999999999999991
-0.9999999999999999
-1.0
-0.9999999999999998
-0.9999999999999996
-0.9999999999999992
-0.9999999999999991
-0.9999999999999991
-0.9999999999999993
-0.9999999999999996
-0.9999999999999996
-1.0
-0.9999999999999998
-0.9999999999999996
-0.9999999999999992
-0.9999999999999991
-0.9999999999999993
-0.6232308224685762
-0.6384313643707276
-0.9999999999999993
-0.9999999999999998
-0.9999999999999996
-0.9999999999999993
-1.0
-0.6536319062728789
-0.9999999999999991
-0.9999999999999993
-0.34439637776968934
-0.9999999999999993
-1.0
-0.6384313643707276
-0.9999999999999993
-1.0
-0.9999999999999993
-0.6385622077315479
-0.9999999999999993
-0.344265534408869
-0.9999999999999993
-0.9999999999999992
-0.9999999999999996
-0.6384313643707276
-0.6384313643707276
-0.9999999999999992
-0.9999999999999992
-0.344265534408869
-0.6536319062728789
-0.6383005210099072
-0.6384313643707276
-0.9999999999999993
-0.9999999999999996
-0.7071067811865471
-0.7071067811865474
-0.3441346910480486
-0.6384313643707276
-0.6384313643707276
-0.6384313643707276
-0.9999999999999992
-0.6232308224685762
-0.9999999999999991
-0.9999999999999991
-0.6536319062728789
-0.6384313643707276
-0.6385622077315479
-0.9999999999999992
-0.9999999999999992
-0.6078994372056045
-0.34439637776968934
-0.9999999999999991
-0.344265534408869
-0.9999999999999999
-0.9999999999999993
-0.6384313643707276
-0.9999999999999991
-0.9999999999999993
-0.34439637776968934
-1.0
-0.9999999999999998
-0.34439637776968934
-0.9999999999999996
-0.9327280376934065
-0.6384313643707276
-0.9999999999999993
-0.6385622077315479
-0.9999999999999989
-0.6232308224685762
-0.6232308224685762
-0.9999999999999993
-0.6232308224685762
-0.9999999999999993
-1.0
-0.6078994372056045
-0.9999999999999996
-0.9999999999999998
-0.9327280376934065
-0.9999999999999999
-0.9999999999999998
-0.34439637776968934
-0.6385622077315479
-0.6385622077315479
-0.6232308224685762
-0.6385622077315479
-0.9325971943325861
-0.6384313643707276
-0.9999999999999991
-0.9999999999999998
-0.9999999999999992
-0.9999999999999998
-0.6385622077315479
-0.6536319062728789
-0.9999999999999996
-0.9999999999999992
-0.9999999999999996
-0.9999999999999997
-0.6384313643707276
-0.9999999999999993
-0.9999999999999993
-0.9999999999999998
-0.9999999999999993
-0.9999999999999996
-0.9999999999999996
-0.9999999999999993
-0.6385622077315479
-0.9999999999999989
-0.6385622077315479
-0.9999999999999996
-0.344265534408869
-0.9999999999999993
-0.9999999999999998
-0.9999999999999996
-0.6384313643707276
-0.6384313643707276
-0.9999999999999996
-0.6536319062728789
-0.9999999999999993
-0.9999999999999996
-0.6384313643707276
-0.9999999999999996
-0.9999999999999996
-0.9999999999999991
