-1.7007389034932414
-1.688527266175872
-1.5805860659908395
-1.5827197053740747
-1.7402411087499214
-1.5868698290288297
-1.62881275470278
-1.690196219343967
-1.6655666761831978
-1.602481509467103
-1.647972103429306
-1.6721035341898733
-1.6474070712066577
-1.6020006978495218
-1.5509676549104314
-1.6413441353690716
-1.6332723013448978
-1.72158231470766
-1.6342368035352834
-1.6384442267143624
-1.6940118955077343
-1.6336150956341984
-1.6271292876472334
-1.7466849076972446
-1.6817138385387878
-1.695498386126437
-1.644901949804785
-1.5922819543637314
-1.585265840267968
-1.605900874937416
-1.6716256986179017
-1.6068265284471495
-1.6382400554157226
-1.642267695409705
-1.616263671808243
-1.6120523804247329
-1.613614834960785
-1.6338730369156786
-1.6607468068559796
-1.6345435517091165
-1.6262414370895446
-1.656680473727042
-1.6819351494580927
-1.6932587087284479
-1.6464269230500324
-1.665015059905196
-1.5071929524090766
-1.4324970327615474
-1.6170964479735817
-1.5900700416878557
-1.6459582160974884
-1.6582937251822107
-1.6448955421058604
-1.6158897625400244
-1.6704812030972462
-1.6837289828172888
-1.7454146738123724
-1.7082650184299837
-1.5841106941926295
-1.620985891528961
-1.6120936683369096
-1.645208672075812
-1.6202527308939658
-1.6232142171824437
-1.6605689317204537
-1.6279711262116765
-1.5726095338906407
-1.6236016152995876
-1.6427614240592965
-1.6761708947849585
-1.655807418519056
-1.6494062390025115
-1.6911597332366581
-1.7211191547741886
-1.6967721472197432
-1.6121414176048314
-1.6866746264824977
-1.61386059964192
-1.7643961101578003
-1.62411961674757
-1.6241871846024092
-1.7383210166295213
-1.3461080101739642
-1.6562368988630192
-1.590612693382889
-1.6713417869712002
-1.6627772251499242
-1.601476004765994
-1.684644642503379
-1.6639263959386354
-1.6352173416442433
-1.6554064504932546
-1.6802930606733109
-1.6237630175371545
-1.6515217705004324
-1.6997879033742218
-1.7047692741550728
-1.639907356668949
-1.490975520219015
-1.6854719162692184
-1.4790338636417677
-1.6471128619343307
-1.6263867199164157
-1.6700962388784206
-1.5726275480724965
-1.6086793073899672
-1.6180889704320538
-1.6399420367480841
-1.66198666406216
-1.666271461122971
-1.6663823913995857
-1.5654954148614963
-1.6372392833594624
-1.5370283034596939
-1.6749056714951742
-1.6266820111701061
-1.6483509893905444
-1.5834893306829623
-1.6398033210165357
-1.4857203024277321
-1.5250873879670532
-1.6457614745699747
-1.6260520176426336
-1.6551060537922078
-1.6797428045959242
-1.607235252495036
-1.7199738707334051
-1.646811374102388
-1.6518431744201487
-1.6104923258623796
-1.660063377752448
-1.6602608405604116
-1.6633351377183065
-1.644713310178229
-1.6268759749384427
-1.6307570893965344
-1.6336544148390693
-1.6384984853629205
-1.7350120621586964
-1.7128494489827426
-1.6387194583998002
-1.6963565546181303
-1.6375611630198488
-1.6173319242535966
-1.608457352931844
-1.5851346263140613
-1.6654043874494735
-1.587654912785229
-1.7104665715816616
-1.45985184122767
-1.6371870030273463
-1.632842552812911
-1.7231257306954935
-1.6622235879668024
-1.6306049698550515
-1.6979239568998872
-1.6648287246285733
-1.7036792473272542
-1.669543756329209
-1.6331777190694163
-1.6315063378519805
-1.6337563222125844
-1.6628829617584597
-1.4798215383959477
-1.7206731400896147
-1.5751145624170217
-1.6021563963080823
-1.6461497712364306
-1.767651830258085
-1.6103882172182573
-1.6560401498168211
-1.6484735130264039
-1.6176791826274457
-1.5474486733922401
-1.6279260894749477
-1.5755479742430394
-1.6169371733576394
-1.3448834013016147
-1.647492431426431
-1.6258317601943622
-1.6291763209355812
-1.6036329839149612
-1.5956717503780822
-1.411403599226023
-1.6273587300589398
-1.6648307069058468
-1.66410874731579
-1.6664674003763664
-1.5698361596046913
-1.616423915270244
-1.6282030434200154
-1.6650211375732435
-1.6791765499498643
-1.6867884442786532
-1.7101750637598347
-1.682976332843235
-1.6528724002949113
-1.6016737082016845
-1.591425757258838
-1.6924062139959628
-1.5127276570457981
-1.8048000236940296
-1.7181918738114617
-1.6235858217512662
-1.6508509956796504
-1.7238077237531748
-1.646502993871636
-1.6517493948935602
-1.597126019191684
-1.711144911250024
-1.6531666303220676
-1.7074247618275329
-1.716843921186232
-1.6413446405859051
-1.619330123868751
-1.6031355517035883
-1.6042139829993343
-1.6296553319002511
-1.5824799310669007
-1.606959440357375
-1.5704570604269887
-1.605850213555589
-1.6824380271435053
-1.7307435376145168
-1.618757741346569
-1.5753507612548012
-1.6767095399873702
-1.695638476321159
-1.705894789254501
-1.600802269018734
-1.6431157126192553
-1.6300577193036567
-1.572053494154647
-1.6455365150900105
-1.696358768363029
-1.6370028468100937
-1.6692470959785113
-1.637027542901748
-1.6808623854662226
-1.6849619727098741
-1.6198274620780673
-1.6394352982903746
-1.64446733605795
-1.6274958339422683
-1.608138885036816
-1.6715964229419977
-1.574669128545118
-1.674979840918877
-1.6117833177283916
-1.6435766286663003
-1.6254258141830864
-1.6830594354253512
-1.6107142887261552
-1.5965806567613812
-1.617927228288743
-1.6235551216371358
-1.6313356581745284
-1.6612165741291856
-1.6112671518940418
-1.6329218261290206
-1.543223871059163
-1.6725364387732014
-1.6597985619872953
-1.6773385296049346
-1.66498303181505
-1.6560892628674442
-1.562858628475199
-1.6291843462210367
-1.602978528258481
-1.6688118619783716
-1.5667739037318327
-1.6545576599035716
-1.611901945542683
-1.638373857852411
-1.6648818783994292
-1.6426843701445817
-1.8661811375062016
-1.7222422685987067
-1.6584260133331867
-1.7266027073676198
-1.5522809443096677
-1.6236924950452971
-1.6419733060369948
-1.5064420785027108
-1.6635934184520096
-1.6441116611493
-1.583468605242766
-1.6010429182779604
-1.634378233916322
-1.6521950814842121
-1.6989757091064035
-1.678313284827935
-1.7684939196184164
-1.6255685613197073
-1.725057134579381
-1.698940041244585
-1.6947319303610662
-1.6907531691154694
-1.6697464284107153
-1.6331318659921155
-1.600978144066413
-1.7126860287549592
-1.6753937469111218
-1.7095076831481408
-1.6159216284702058
-1.657383302005423
-1.6070998529393496
-1.6348188634321243
-1.6924559863150925
-1.677340060475439
-1.6401314727271052
-1.7534082899334094
-1.6216599497099913
-1.6795659719014415
-1.6735552213038147
-1.642787199006213
-1.6239329677495113
-1.5963954551133877
-1.667951362885598
-1.653677948367907
-1.6212272478188297
-1.6112349103999193
-1.700812509067745
-1.6959566542692515
-1.7177104682982387
-1.6862557050622866
-1.627300954958122
-1.580924727567926
-1.6374657388429819
-1.613117367680418
-1.7404247564349355
-1.5798483461018142
-1.712194815415541
-1.5912350753082396
-1.5735902362387388
-1.6550821365437307
-1.7202578318503634
-1.6762146790463397
-1.6791744307168253
-1.6142738007237625
-1.6509992817712897
-1.6554695780645368
-1.6056410893767594
-1.7460322841962848
-1.731365426521172
-1.666363342293032
-1.707832134244701
-1.5750040303549924
-1.6192600301957645
-1.6258512948414323
-1.666575239465554
-1.6738189051262766
-1.6321052960930662
-1.7332726263117322
-1.6546907922755956
-1.5747462103862038
-1.584950037239903
-1.606936025666522
-1.6532435834358603
-1.6743515127253406
-1.662337150580903
-1.571091106923789
-1.6400256783790719
-1.5992506119940852
-1.6430902184689533
-1.557544104156861
-1.5680277870981305
-1.6210410224867224
-1.6853421243484954
-1.6455009962145726
-1.620704412987792
-1.5787972687142504
-1.6531624336921247
-1.592228032624332
-1.609854296830964
-1.5388601164409126
-1.6509477380228752
-1.593280424301147
-1.6640111564974571
-1.557515850866546
-1.6090298643827956
-1.5992365736407363
-1.606527189034199
-1.686810012838625
-1.6085285732961205
-1.6778034904440777
-1.5933906856245317
-1.6352295238376986
-1.555282250849662
-1.6028237333046538
-1.5880275291977866
-1.635688840024987
-1.652639804146311
-1.6053747485636085
-1.6377553784071508
-1.6175399802139663
-1.6182036993287077
-1.6958644209269358
-1.5538809283750918
-1.629173365564333
-1.6308896708431422
-1.7323240312291481
-1.5844309615587306
-1.709771767702845
-1.6250487672742382
-1.68859100572108
-1.6590509151963964
-1.6696246329585347
-1.8045105923533615
-1.6314488405472922
-1.5709858044605374
-1.6603829659960458
-1.6820446914565848
-1.6284633555391916
-1.6390047913041736
-1.6062427154520769
-1.7271139855220936
-1.6914123113447772
-1.6254921585486868
-1.6894936239908953
-1.691324787666741
-1.7095347161074326
-1.6659524909153058
-1.59046387807388
-1.5267358580104755
-1.187850168722505
-1.6816613721566243
-1.4649533975673341
-1.6754053375402738
-1.6605127899091197
-1.6226983310053928
-1.6157474639719382
-1.5981613278626676
-1.6390677058612266
-1.6719473344554987
-1.6820390943456456
-1.7032510464600983
-1.6380988861636756
-1.6066482379681515
-1.614731610018518
-1.4117653000155528
-1.640537472426021
-1.6597676078836983
-1.57861394776316
-1.6829211019982049
-1.6276932074595305
-1.595447422828523
-1.6604933430519309
-1.5923669638294047
-1.5933717537101286
-1.5998477936049775
-1.6529699591106297
-1.5970530807909182
-1.5655226714846222
-1.692881030965535
-1.7384353540416837
-1.729817658733011
-1.6677930991436833
-1.6799935944797442
-1.6587321494832363
-1.6418944523542893
-1.6206609609806484
-1.6140303489648051
-1.719949525566819
-1.6049263532502374
-1.5479973678102328
-1.6508210281055868
-1.6036994972514604
-1.6521625045870194
-1.567906337179422
-1.5600037889025298
-1.653146453711405
-1.6289355729044932
-1.5858588814154897
-1.6965227936163148
-1.6369505764709704
-1.6052694169440702
-1.5924317836730162
-1.555016099948243
-1.5941434831422472
-1.6147974095504234
-1.6118232618452202
-1.621353548228663
-1.7144213271554385
-1.614101247362965
-1.61971183426845
-1.641614328425647
-1.6409082339889869
-1.7636701062727984
-1.6245021958379438
-1.6182449889625907
-1.6843090234681803
-1.527148384028547
-1.6383480965598405
-1.695776639714349
-1.596327894749524
-1.6690129250075232
-1.688310927625819
-1.598430914515201
-1.6427859721805351
-1.6328665608979294
-1.6138451217594671
-1.8245674403139531
-1.664144142169937
-1.4765638143358149
-1.7476846203371408
-1.487336865144772
-1.622056282337281
-1.5506585705843856
-1.7295274776851883
-1.5206696108509152
-1.6534896864271027
-1.6006668150999783
-1.6090271087983892
-1.655058708521914
-1.743153770990895
-1.8319045713564996
-1.6035472427754913
-1.6293565106805241
-1.5375425729830914
-1.5979030496787896
-1.7935138345991064
-1.59406349749177
-1.6826253866495073
-1.830704427818322
-1.610285319085335
-1.6312070674705497
-1.6611665546371746
-1.6644712445466825
-1.909201471350932
-1.5318157718025842
-1.9106350644412042
-1.9106350644412042
-1.5997198514561102
-1.8451077450943654
-1.7914265845780033
-1.9110792893432647
-1.6443690288318642
-1.5962407047041536
-1.5774217466294629
-1.9110792893432647
-1.6681277470974911
-1.6843774656384154
-1.8448856326433352
-1.87584177716107
-1.8222639738649078
-1.9110792893432647
-1.7163970743438393
-1.7958452175350066
-1.7539205342127981
-1.685764025644028
-1.8396323603094056
-1.7276936121169135
-1.770852207722716
-1.9110792893432647
-1.7986691298355253
-1.6686263606943597
-1.6582769831299276
-1.6241422047360083
-1.5138743509807202
-1.5449770816589568
-1.8382480519751727
-1.8235907681864194
-1.8535365287059424
-1.7835633567218614
-1.769826264393107
-1.814313297858568
-1.8799615539518901
-1.7770836613487053
-1.830704427818322
-1.6176158873940687
-1.7397916888764935
-1.8799615539518901
-1.7237672417887573
-1.769826264393107
-1.8764468468586095
-1.8164153297850982
-1.8457096433532791
-1.653655486763583
-1.9106350644412042
-1.8226827636372858
-1.8574799544185967
-1.6752934728337894
-1.5656759411332115
-1.508201429147882
-1.7517992592988998
-1.7497601846701285
-1.9106350644412042
-1.6752614400936554
-1.9106350644412042
-1.8427552539377265
-1.8441413986425468
-1.8777603485422696
-1.6966390923632673
-1.8574799544185967
-1.7481128319175874
-1.8448856326433352
-1.6935005281457394
-1.807170781998563
-1.7911936111644549
-1.715575346281896
-1.5527550715951948
-1.7673886345886063
-1.834352362783418
-1.8657399418552219
-1.724281936475008
-1.8535365287059424
-1.8272797177691749
-1.8132328281525223
-1.8221757080387113
-1.8177033035109975
-1.984878908298073
-1.769928263525684
-1.7844983452277383
-1.4534712850695641
-1.814313297858568
-1.984878908298073
-1.6642589082136843
-1.5032134378356077
-1.5856004322944002
-1.9076556954439352
-1.97181022646052
-1.658410476527109
-1.6458196441643917
-1.7198379920534137
-1.7630209647275237
-1.9532618412363467
-1.8054294625436282
-1.9167111661268128
-1.2664801498346308
-1.6425485226369305
-1.5869700157544189
-1.8577287943133858
-1.8864334391121735
-1.9532618412363467
-1.9288407624797872
-1.9482064952042428
-1.984878908298073
-1.9193011050263509
-1.9704676402176224
-1.7174279124938576
-1.677670313618794
-1.9288407624797872
-1.9640784625141536
-1.6871075124794408
-1.649537039782868
-1.947381099556014
-1.6805768390208995
-1.8393851534908587
-1.984878908298073
-1.691509269858242
-1.958741544622967
-1.9704676402176224
-1.6884938268404701
-1.7695757171041862
-1.8280353773277644
-1.8406022635202695
-1.9640065977802361
-1.9690892501689548
-1.9640065977802361
-1.9750407476792131
-1.8231288210201662
-1.8152609020582062
-1.9407035015653424
-1.958741544622967
-1.6609426822460027
-1.6805768390208995
-1.9159545248530068
-1.8384726011390056
-1.7502275501186504
-1.8511747611774017
-1.9704676402176224
-1.6594723385373604
-1.7182130595718457
-1.8758754434341474
-1.7390724404492863
-1.7350446969078552
-1.6316816383833979
-1.8550250621831286
-1.984878908298073
-1.7376624980043711
-1.8016214339972971
-1.97181022646052
-1.918364626757141
-1.97181022646052
-1.6862076850783076
-1.9166398388122063
-1.8738930364600235
-1.97181022646052
-1.8200320362465663
-1.9640784625141536
-1.6895187927934197
-2.018340188874781
-1.7070574376643155
-1.7344977774095132
-1.746006029765528
-2.003920046334562
-1.819289641234549
-2.003920046334562
-2.018340188874781
-1.7070574376643155
-1.6626324378319464
-1.8638787590581127
-2.018340188874781
-1.9143202622374555
-1.550837747789673
-1.9741887011886314
-1.6240695660809845
-1.7408489977147465
-1.7131879998013333
-1.87132277100392
-1.6774846078303498
-1.7179148418928416
-1.9507295839625047
-1.9077155753960353
-1.8428141593781928
-2.0381519456795734
-1.8348566047924715
-2.003920046334562
-1.73662336103909
-1.997449655770518
-1.8753552705875811
-1.6389255003608738
-2.172859218753194
-1.6933905881821647
-1.8514211208926885
-1.6591345452024662
-1.6320978692846888
-2.0482941953909473
-1.649183522358294
-2.052687696958929
-1.6609351297371655
-1.6744118597875561
-1.7572694746027626
-1.6958187280381776
-1.869939410756778
-1.956634583682295
-1.8776998118877684
-1.9036514571162197
-1.7120649083947987
-2.0202505783983433
-1.9437472495425923
-1.9317249718731957
-2.0099705150528218
-1.69403737726333
-1.5306898201495254
-1.633624463546478
-1.8257186833358667
-2.034102030185031
-1.6311022513599585
-1.871358404918761
-1.8737426467012257
-1.6744118597875561
-1.8767544357738628
-1.5832088117664491
-2.006442262765971
-1.733207745190694
-1.9153335280176509
-1.2480422127747886
-1.6805934907235354
-1.9565214206581036
-1.7216323530895505
-1.815854375959606
-1.6811610486955646
-2.0042112453499956
-2.024787779664397
-2.1645016875595218
-1.6302777054457476
-2.1937982391643485
-1.5163485835706287
-1.8550734113674887
-1.8245431559827254
-2.0231728582573676
-2.0231728582573676
-2.0293487734416606
-1.8689456711926757
-2.0244998983311824
-2.167461765339662
-2.038593594952564
-1.9121418486174684
-1.9741887011886314
-1.7418441062801902
-1.8225121968080273
-1.922944877055289
-1.995882070447293
-1.8875105299280743
-1.33821079305596
-1.8152869964602836
-2.1645016875595218
-2.0385935949525646
-1.6360534386421393
-2.007091776610961
-2.184850074426145
-1.8540010175890644
-1.9919219105244346
-2.00819229178943
-1.5165203361768418
-2.149443169627124
-1.8213456581013538
-1.8550734113674887
-1.6603332137391849
-2.037703739982483
-2.149443169627124
-2.1645016875595218
-1.644204617759732
-1.6280326607203837
-1.729439677512751
-1.622262735639579
-2.1615416097793823
-2.1672004142662877
-2.1657788681362673
-1.708384648772351
-1.598371043870515
-2.1672004142662877
-2.1672004142662877
-1.8159156546185968
-2.149844953593342
-2.17956020549192
-2.0396319845696436
-2.0128901618840844
-1.8935236512412477
-1.624304665952918
-2.274137562293298
-2.114718275723983
-1.4291362553213418
-2.1549000781663765
-1.8883080119387263
-1.529871266591167
-1.870842367815142
-2.274137562293298
-1.851449758832895
-2.009492664111985
-1.7912307156078673
-1.9853108541039675
-1.8348003573978178
-1.8999477027426892
-1.8287506481522948
-2.0636394149917665
-1.8531412676902352
-1.9977696126270883
-2.274137562293298
-1.8684711187933654
-1.424459597310785
-1.754849681366168
-1.5246663047739402
-2.02758051152594
-1.9758080889254521
-1.6721696776916501
-2.0488675635122715
-2.2694609042827416
-2.015245766046286
-1.8454109780638213
-2.274137562293298
-2.001568459645652
-1.793379906336981
-2.0118309931172633
-2.2694609042827416
-2.274137562293298
-1.9982203994525713
-2.0215393216452386
-1.5246663047739402
-1.6325096695734713
-2.0121552928244544
-1.9147221322790666
-1.8524612115154018
-2.1728592187531937
-1.8555092061398715
-2.2002592816017352
-1.8406917935407576
-2.2694609042827416
-1.754849681366168
-2.2002592816017352
-2.2717992332880197
-1.7501730233556112
-1.6445454366517316
-2.071902952376461
-2.0152457660462857
-1.6050546711686273
-1.7448477659306718
-2.274137562293298
-1.753649482793099
-2.035662594039455
-1.7900075782581124
-1.7495244239412284
-1.6769819593973654
-2.175662989660786
-1.8689164907362124
-1.6742419866907943
-1.722663425669309
-1.6492338069477321
-1.978470717637922
-2.2717992332880197
-1.8469602507967633
-2.0624850552113063
-2.0509230079195064
-1.73641295654462
-2.1937982391643485
-2.274137562293298
-2.0118309931172633
-1.8492985798020416
-1.8272730439531883
-0.7705183892440253
-1.9758080889254521
-1.4860658104312723
-2.0778248319596466
-2.2717992332880197
-2.274137562293298
-2.238114658101487
-2.0121552928244544
-2.2694609042827416
-2.0175840950515638
-2.1323379473242627
-1.4885385818469359
-2.274137562293298
-1.7013583380328783
-1.8906463409440049
-1.6138694678010452
-1.781890296096791
-2.305483808474553
-1.8585799095018811
-2.252872392551417
-2.0973321688098947
-1.8831969901278671
-2.043177239298518
-2.0789939964622857
-2.0638832091902986
-2.305483808474553
-2.305483808474553
-2.0790006225528694
-2.2694609042827416
-2.001568459645652
-1.8883080119387263
-2.305483808474553
-1.5831878123004846
-2.043177239298518
-1.8287506481522948
-1.6891183508516048
-1.8829831549885743
-1.6073663170613448
-1.544067368156205
-1.6691715511332137
-2.0502749407201573
-2.305483808474553
-2.0656213435590813
-2.160620027965207
-2.2717992332880197
-2.0433648918378964
-1.645923201641594
-2.305483808474553
-2.305483808474553
-1.921992587125259
-1.5560125509551943
-1.6088377247663352
-2.305483808474553
-1.6444273101755689
-1.5560125509551943
-2.0943403993012097
-2.09024112472407
-2.0458398680109875
-1.8829831549885743
-2.2694609042827416
-2.1820550670514933
-2.0295666456338255
-1.8829831549885743
-1.805422393234599
-2.238114658101487
-1.1259961791209696
-2.07320828152485
-1.6632027834621619
-1.9680295735938096
-1.5865383340597188
-1.879095553250354
-2.0789939964622857
-2.0489303412328193
-2.305483808474553
-2.305483808474553
-1.9254729136024729
-1.898313458789172
-1.6895323250362744
-2.305483808474553
-1.830602302412665
-1.9318459223862179
-1.8619208690027782
-2.2717992332880197
-2.305483808474553
-2.0847929635808895
-1.6249904992963258
-1.927488251456392
-2.0489303412328193
-2.0778248319596466
-2.305483808474553
-1.7808706701224828
-1.8829831549885743
-2.0778166533280515
-2.03799027697564
-1.9935437414420147
-1.6473665853067987
-2.305483808474553
-2.305483808474553
-2.0638832091902986
