0.9999999999999987
-7.37257477290143e-18
1.67474338365415e-35
-1.3530843112619095e-16
-5.551115123125783e-17
1.3877787807814457e-17
-1.9081958235744878e-17
-5.204170427930421e-18
2.6020852139652106e-17
4.336808689942018e-18
-3.642919299551295e-17
7.806255641895632e-18
1.85940672581264e-17
2.7755575615628914e-17
4.5102810375396984e-17
-2.7755575615628914e-17
2.42861286636753e-17
1.3877787807814457e-16
-2.6020852139652106e-18
1.214306433183765e-17
-1.0408340855860843e-17
-1.0408340855860843e-17
1.457167719820518e-16
8.673617379884035e-19
-2.949029909160572e-17
-1.1275702593849246e-16
-3.686287386450715e-17
-2.3418766925686896e-17
-6.938893903907227e-18
-4.163336342344337e-17
-1.3877787807814457e-17
1.3877787807814457e-17
-4.85722573273506e-17
-1.734723475976807e-17
0.3535533905932733
-4.85722573273506e-17
-3.8163916471489756e-17
-2.0990154059319366e-16
-2.7755575615628914e-17
2.9761349634727097e-17
-2.42861286636753e-17
1.5612511283791264e-17
5.204170427930421e-18
3.2959746043559335e-17
1.6479873021779667e-17
-1.734723475976807e-17
1.1427490897997217e-16
-1.249000902703301e-16
-9.540979117872439e-17
-1.3877787807814457e-17
-1.6306400674181987e-16
1.3010426069826053e-17
5.204170427930421e-17
2.688821387764051e-17
3.1008182133085427e-17
-3.209238430557093e-17
5.637851296924623e-17
3.122502256758253e-17
-1.9081958235744878e-17
3.469446951953614e-17
0.0
-6.938893903907228e-18
-1.734723475976807e-18
6.938893903907228e-18
-1.1275702593849246e-17
3.469446951953614e-18
-1.3877787807814457e-17
3.903127820947816e-18
3.469446951953614e-18
-2.0383000842727483e-17
4.276423536147513e-50
-2.6020852139652106e-17
-2.862293735361732e-17
-6.245004513516506e-17
-2.775557561562891e-17
8.673617379884035e-18
6.938893903907228e-17
-3.2959746043559335e-17
-3.382710778154774e-17
-1.6046192152785466e-17
1.474514954580286e-17
9.540979117872439e-18
-1.9081958235744878e-17
1.474514954580286e-17
-1.2836953722228372e-16
1.3791051634015616e-16
-7.806255641895632e-18
-5.204170427930421e-18
-5.204170427930421e-17
-1.2576745200831851e-17
2.42861286636753e-17
1.62500339057673e-33
2.42861286636753e-17
-6.071532165918825e-18
2.5153490401663703e-17
-8.326672684688675e-17
-6.071532165918825e-18
-3.4694469519536138e-18
-1.0408340855860843e-17
-1.8648277366750676e-17
3.122502256758253e-17
1.8648277366750676e-17
-3.469446951953614e-18
4.163336342344337e-17
-8.673617379884035e-17
8.673617379884035e-18
1.9949319973733282e-17
-8.673617379884037e-19
1.1275702593849246e-17
-2.862293735361732e-17
1.5612511283791264e-17
5.551115123125783e-17
3.122502256758253e-17
-2.7755575615628914e-17
2.7755575615628914e-17
-1.1102230246251565e-16
-1.691355389077387e-17
-2.6020852139652106e-18
-5.858436651022879e-35
-3.903127820947816e-17
-1.9081958235744878e-17
7.806255641895632e-18
3.122502256758253e-17
-2.992397996059992e-16
2.6020852139652106e-18
3.642919299551295e-17
1.0408340855860843e-17
-3.5561831257524545e-17
1.1275702593849246e-17
-6.938893903907228e-17
3.608224830031759e-16
1.3877787807814457e-17
-3.469446951953614e-18
-3.924811864397526e-17
1.9949319973733282e-17
-4.770489558936219e-17
-2.6020852139652106e-18
1.700029006457271e-16
2.168404344971009e-17
1.3010426069826053e-17
1.7347234759768027e-18
-5.2909066017292616e-17
1.3877787807814457e-17
-1.214306433183765e-17
2.42861286636753e-17
-7.806255641895632e-17
1.3877787807814457e-17
8.673617379884035e-18
1.3877787807814457e-17
2.168404344971009e-17
6.938893903907224e-18
-3.8163916471489756e-17
1.700029006457271e-16
1.3053794156725473e-16
-5.204170427930421e-18
3.469446951953614e-17
-3.469446951953614e-18
-6.9388939039072276e-18
-3.469446951953614e-18
1.4094628242311558e-17
2.862293735361732e-17
-9.540979117872439e-18
1.0408340855860843e-17
1.8174800028626927e-49
1.6479873021779667e-17
8.552847072295026e-50
8.326672684688674e-17
-2.0469737016526324e-16
3.2959746043559335e-17
5.204170427930421e-18
1.1275702593849246e-17
-3.209238430557093e-17
2.42861286636753e-17
2.168404344971009e-19
2.6020852139652106e-18
1.1275702593849246e-17
-2.3635607360183997e-17
-4.336808689942018e-18
4.333342374871278e-34
1.0408340855860843e-16
2.0816681711721685e-17
-1.5612511283791264e-17
-1.734723475976807e-18
-1.0408340855860843e-17
-3.469446951953614e-18
-4.2934406030425976e-17
1.474514954580286e-17
5.204170427930421e-18
-2.2551405187698492e-17
1.2576745200831851e-16
-1.474514954580286e-17
-9.71445146547012e-17
6.938893903907228e-18
8.673617379884035e-18
-5.637851296924623e-18
-1.0408340855860843e-17
-3.469446951953614e-18
-2.688821387764051e-17
-1.2750217548429532e-16
2.2551405187698492e-17
-1.214306433183765e-17
2.0816681711721685e-17
-2.6020852139652106e-18
-3.469446951953614e-18
-3.8163916471489756e-17
2.3418766925686896e-17
5.204170427930421e-18
3.426078865054194e-17
1.0842021724855044e-17
-5.551115123125783e-17
-1.734723475976807e-17
-2.8189256484623115e-18
-1.734723475976807e-18
1.3877787807814455e-17
-6.071532165918825e-18
-1.1275702593849246e-17
-6.938893903907228e-18
8.326672684688674e-17
7.632783294297951e-17
-4.163336342344337e-17
9.540979117872439e-18
1.387778780781446e-17
-6.938893903907228e-18
1.734723475976807e-16
-1.3877787807814457e-17
-1.457167719820518e-16
6.938893903907228e-17
-8.326672684688674e-17
1.8648277366750676e-17
1.491862189340054e-16
-9.540979117872439e-18
7.806255641895633e-18
6.071532165918825e-18
-5.204170427930421e-17
-7.632783294297951e-17
-3.122502256758253e-17
3.469446951953614e-18
3.469446951953614e-18
1.8214596497756474e-17
-1.3400738851920835e-16
-3.8272336688738307e-17
2.0296264668928643e-16
3.469446951953614e-18
1.1275702593849246e-17
2.7755575615628914e-17
-2.7755575615628914e-17
6.071532165918814e-18
-1.2739375526704677e-17
-1.734723475976807e-18
2.7755575615628914e-17
8.673617379884035e-19
-1.734723475976807e-17
1.0408340855860843e-17
-4.5102810375396984e-17
1.3198520732487367e-33
-5.204170427930421e-17
-6.722053469410127e-17
-0.7071067811865467
-4.336808689942018e-18
2.775557561562891e-17
-9.432558900623889e-18
1.7347234759768074e-17
-3.5561831257524545e-17
6.938893903907228e-18
-5.551115123125783e-17
-1.3183898417423734e-16
-7.632783294297951e-17
1.0625181290357943e-17
8.673617379884035e-18
5.204170427930421e-18
6.310056643865636e-17
2.34187669256869e-17
-9.71445146547012e-17
3.924811864397526e-17
-3.3176586478056436e-17
0.7071067811865466
1.3183898417423734e-16
-1.0408340855860843e-17
1.3010426069826053e-17
1.0408340855860843e-17
2.0383000842727483e-17
0.3535533905932736
-5.898059818321144e-17
-5.984795992119984e-17
1.3877787807814457e-17
-1.8561541192951836e-16
2.0816681711721685e-17
-1.3877787807814457e-17
4.336808689942018e-18
6.938893903907228e-18
6.938893903907228e-17
2.168404344971009e-17
6.591949208711867e-17
4.163336342344337e-17
4.336808689942018e-18
1.5612511283791264e-17
-2.7755575615628914e-17
1.1275702593849246e-17
-3.469446951953614e-18
1.5265566588595902e-16
7.025630077706069e-17
3.469446951953614e-17
-7.222237291452136e-34
-1.3877787807814457e-16
1.734723475976807e-18
-3.122502256758253e-17
4.683753385137379e-17
3.382710778154774e-17
-8.673617379884035e-18
0.7071067811865468
9.540979117872439e-18
-1.734723475976807e-17
-6.071532165918825e-18
-7.112366251504909e-17
-1.734723475976807e-17
-2.636779683484747e-16
-6.938893903907228e-18
-6.938893903907228e-18
-9.974659986866641e-18
-4.9873299934333204e-18
4.336808689942018e-18
2.42861286636753e-17
-8.239936510889834e-18
3.5561831257524545e-17
4.597017211338539e-17
7.979727989493313e-17
4.5102810375396984e-17
1.214306433183765e-17
-1.3877787807814457e-17
1.951563910473908e-18
1.5612511283791264e-17
1.734723475976807e-18
2.7755575615628914e-17
-2.636779683484747e-16
2.949029909160572e-17
8.673617379884035e-18
-0.9999999999999989
9.540979117872439e-18
-8.196568423990414e-17
1.0408340855860843e-17
-1.3444106938820255e-16
-1.734723475976807e-18
-1.1275702593849246e-17
-2.7755575615628914e-17
-1.3877787807814457e-17
8.326672684688672e-17
9.107298248878237e-17
1.734723475976807e-17
-1.0408340855860847e-17
3.469446951953614e-18
-9.562663161322149e-17
5.204170427930421e-17
1.5612511283791264e-17
-2.0816681711721685e-17
9.432558900623889e-17
-1.734723475976807e-17
9.367506770274758e-17
0.0
-2.6020852139652106e-17
-5.637851296924623e-17
7.806255641895632e-18
-8.153200337090993e-17
-1.5612511283791264e-17
3.469446951953614e-18
-4.683753385137379e-17
-1.1275702593849246e-17
5.551115123125783e-17
-4.163336342344337e-17
-5.551115123125783e-17
-5.986992950606518e-49
1.0408340855860843e-17
4.336808689942018e-18
2.6020852139652106e-18
-1.214306433183765e-17
-5.204170427930421e-18
-1.0408340855860843e-17
-2.5153490401663703e-17
-2.7755575615628914e-17
-3.469446951953616e-18
-1.3877787807814457e-17
9.052181305680371e-35
7.28583859910259e-17
1.474514954580286e-17
1.734723475976807e-17
1.734723475976807e-18
-1.0408340855860844e-17
1.2750217548429532e-16
-7.025630077706069e-17
-2.949029909160572e-17
2.0816681711721685e-17
9.540979117872439e-18
-6.938893903907228e-18
-2.2551405187698492e-17
9.540979117872439e-18
-2.168404344971009e-17
-1.734723475976807e-17
3.469446951953614e-18
2.255140518769849e-16
-0.9999999999999998
-6.245004513516506e-17
-6.938893903907227e-18
-1.9081958235744878e-17
6.071532165918825e-17
-2.949029909160572e-17
-6.938893903907228e-18
3.642919299551295e-17
8.673617379884035e-17
-4.911435841359335e-17
-6.938893903907228e-18
-7.979727989493313e-17
3.469446951953619e-18
2.6194324487249787e-16
3.252606517456513e-17
-3.8163916471489756e-17
-1.1275702593849246e-17
-2.846030702774449e-17
-1.214306433183765e-17
1.214306433183765e-17
-1.474514954580286e-17
-1.0408340855860843e-17
-2.602085213965212e-18
6.938893903907228e-17
-6.071532165918825e-18
6.071532165918825e-18
-3.4694469519536138e-18
-1.249000902703301e-16
-5.551115123125783e-17
-1.734723475976807e-18
9.540979117872439e-18
8.673617379884035e-19
-1.5612511283791264e-17
5.20417042793042e-18
-2.3418766925686896e-17
-2.42861286636753e-17
6.938893903907228e-18
-6.938893903907228e-18
-1.5265566588595902e-16
2.42861286636753e-17
-6.938893903907228e-18
4.119968255444917e-17
1.5092094240998222e-16
1.1449174941446927e-16
2.3433746604091487e-34
-9.540979117872439e-18
-8.673617379884035e-19
9.71445146547012e-17
-0.7071067811865465
-2.7755575615628914e-17
-6.938893903907228e-18
-6.938893903907228e-18
-4.5102810375396984e-17
-1.1709383462843448e-17
7.979727989493313e-17
-7.112366251504909e-17
-3.903127820947816e-17
-1.457167719820518e-16
2.949029909160572e-16
-2.0816681711721685e-16
-3.4694469519536138e-18
-2.42861286636753e-17
0.9999999999999996
-5.919743861770854e-17
1.0408340855860843e-17
-1.3877787807814457e-17
3.0357660829594124e-18
-2.6020852139652106e-17
1.3530843112619095e-16
3.209238430557093e-17
3.469446951953614e-17
2.0816681711721685e-17
9.540979117872439e-18
-1.6653345369377348e-16
9.540979117872439e-18
2.7755575615628914e-17
-1.3183898417423734e-16
-6.938893903907228e-18
6.5052130349130266e-18
-2.42861286636753e-17
3.230922474006803e-17
-1.734723475976807e-18
8.673617379884035e-17
-1.474514954580286e-17
-1.0408340855860843e-17
6.982261990806649e-17
-1.734723475976807e-18
-6.071532165918825e-18
-1.0061396160665481e-16
5.204170427930421e-18
-5.204170427930421e-17
-1.5612511283791264e-17
-1.3877787807814457e-16
2.7755575615628914e-17
1.1118701193983534e-48
-2.6020852139652106e-18
1.3877787807814457e-17
-1.7347234759768063e-18
8.673617379884035e-19
2.949029909160572e-17
-1.3444106938820255e-17
-5.898059818321144e-17
1.474514954580286e-17
1.457167719820518e-16
8.673617379884035e-19
-3.469446951953614e-17
-8.673617379884035e-19
2.6020852139652106e-18
-2.6020852139652106e-18
-4.9439619065339e-17
-7.979727989493313e-17
-1.734723475976807e-18
-2.168404344971009e-17
-2.7755575615628914e-17
1.3877787807814457e-17
-2.6020852139652106e-18
0.9999999999999993
-1.5612511283791264e-16
9.627715291671279e-17
4.336808689942018e-18
-0.5
8.673617379884035e-18
0.9999999999999998
-3.122502256758253e-17
1.3010426069826055e-17
2.1425970631307985e-33
7.979727989493313e-17
-2.7755575615628914e-17
0.9999999999999998
-1.5265566588595902e-16
0.4999999999999995
-4.9873299934333204e-18
-1.3877787807814457e-17
-1.3877787807814457e-17
8.977193988179977e-17
-4.597017211338539e-17
-1.3877787807814454e-17
-2.7755575615628914e-17
4.85722573273506e-17
6.591949208711867e-17
2.42861286636753e-17
-0.7071067811865464
2.0816681711721685e-17
-2.42861286636753e-16
7.979727989493313e-17
1.3877787807814457e-17
7.361732751176575e-17
-1.6306400674181987e-16
0.7071067811865468
-3.469446951953614e-18
-2.7755575615628914e-17
-5.204170427930421e-18
-6.071532165918825e-18
-0.9999999999999996
4.683753385137379e-17
-0.7071067811865468
-1.214306433183765e-16
-0.9999999999999986
0.9999999999999997
-0.7071067811865465
-1.6479873021779667e-17
0.7071067811865468
0.7071067811865461
3.469446951953612e-18
7.28583859910259e-17
-0.9999999999999994
-0.9999999999999993
-1.734723475976807e-16
0.7071067811865461
1.387778780781446e-17
-1.9081958235744878e-16
1.9081958235744878e-16
1.5612511283791264e-17
0.7071067811865469
0.9999999999999991
-8.326672684688674e-17
1.0755285551056204e-16
0.4999999999999999
0.9999999999999997
-6.9388939039072276e-18
-7.41594285980085e-17
-0.999999999999999
-0.9999999999999996
-4.163336342344337e-17
-0.9999999999999991
2.0383000842727483e-16
-1.8214596497756474e-17
-0.9999999999999991
-1.214306433183765e-16
-4.7704895589362195e-17
-4.2500725161431774e-17
1.6653345369377348e-16
-8.673617379884035e-17
-0.7071067811865465
0.7071067811865471
-0.7071067811865485
1.3530843112619095e-16
0.9999999999999998
-0.7071067811865459
-2.862293735361732e-17
6.938893903907228e-18
-0.9999999999999992
0.9999999999999998
0.9999999999999988
-0.7071067811865466
1.3877787807814455e-17
1.282927060844254e-49
2.38524477946811e-16
5.204170427930421e-17
-0.999999999999999
-6.938893903907228e-18
-1.3877787807814457e-17
5.204170427930421e-17
-1.6479873021779667e-17
7.979727989493313e-17
1.5612511283791264e-17
1.0408340855860843e-17
-0.7071067811865479
0.7071067811865469
-0.9999999999999997
9.71445146547012e-17
-0.49999999999999817
-0.7071067811865466
0.7071067811865475
1.8041124150158794e-16
0.9999999999999998
-1.3140530330524314e-16
3.209238430557093e-17
-0.9999999999999996
-0.9999999999999994
1.1796119636642288e-16
-0.49999999999999967
-0.9999999999999999
0.7071067811865474
-1.0408340855860843e-17
-1.6653345369377348e-16
0.9999999999999991
-0.7071067811865466
-0.9999999999999991
-1.8735013540549517e-16
8.326672684688674e-17
-0.9999999999999994
-0.9999999999999994
-2.0816681711721685e-17
-2.7755575615628907e-17
-0.7071067811865466
1.6479873021779667e-17
0.7071067811865466
-1.491862189340054e-16
-3.469446951953614e-18
0.707106781186547
6.591949208711867e-17
5.551115123125783e-17
-0.999999999999999
-9.71445146547012e-17
0.9999999999999996
-1.7694179454963432e-16
-0.9999999999999992
0.7071067811865469
-0.7071067811865469
0.999999999999999
6.245004513516506e-17
-0.7071067811865462
-0.9999999999999988
-2.7755575615628914e-17
-0.9999999999999996
-0.7071067811865465
-8.326672684688674e-17
-1.734723475976807e-16
0.9999999999999986
4.163336342344337e-17
-0.999999999999999
0.7071067811865472
-1.0408340855860843e-17
3.122502256758253e-17
-0.9999999999999998
-4.2500725161431774e-17
-0.7071067811865462
-0.9999999999999992
0.0
1.3444106938820255e-17
3.469446951953614e-18
0.5
-6.9388939039072276e-18
-0.9999999999999997
-3.8163916471489756e-17
-0.7071067811865481
-2.636779683484747e-16
1.6805133673525319e-16
6.938893903907228e-18
-1.734723475976807e-18
-4.163336342344339e-17
-0.9999999999999991
-0.7071067811865468
-1.9949319973733282e-17
0.9999999999999997
2.220446049250313e-16
-2.220446049250313e-16
-0.999999999999999
7.37257477290143e-17
-0.707106781186547
-0.999999999999999
0.9999999999999991
-0.9999999999999992
-7.979727989493313e-17
-0.9999999999999993
9.020562075079397e-17
1.1275702593849246e-17
-1.3183898417423734e-16
1.1102230246251565e-16
0.5000000000000001
0.9999999999999992
1.0234868508263162e-16
-0.9999999999999993
-0.9999999999999998
-0.7071067811865468
0.707106781186549
-7.177418381854039e-17
8.673617379884035e-18
-1.5265566588595902e-16
2.4286128663675287e-17
-0.7071067811865466
1.0408340855860843e-17
0.7071067811865468
-0.7071067811865466
1.5612511283791264e-17
0.9999999999999993
0.9999999999999991
0.9999999999999998
9.020562075079397e-17
0.9999999999999991
-4.336808689942018e-17
-1.7997756063259374e-16
0.9999999999999991
0.7071067811865468
1.3877787807814448e-17
0.7071067811865466
2.3592239273284576e-16
0.7071067811865467
-0.9999999999999993
-1.0061396160665481e-16
2.688821387764051e-17
-0.7071067811865461
-1.3530843112619095e-16
4.0332320816460765e-17
5.2909066017292616e-17
0.7071067811865465
-1.5612511283791264e-17
0.9999999999999996
1.491862189340054e-16
-1.0
-1.214306433183765e-16
1.1102230246251565e-16
0.707106781186547
-0.9999999999999989
0.9999999999999984
1.3877787807814457e-16
-1.3183898417423734e-16
-9.020562075079397e-17
0.9999999999999989
-0.9999999999999991
-7.432183509510772e-34
-0.7071067811865472
0.7071067811865464
-0.4999999999999989
0.9999999999999991
-1.474514954580286e-17
-4.85722573273506e-17
1.3530843112619095e-16
0.9999999999999992
-5.898059818321144e-17
-0.9999999999999997
-4.5102810375396984e-17
-0.4999999999999996
6.5052130349130266e-18
-0.9999999999999993
1.1102230246251565e-16
8.673617379884035e-17
-1.6653345369377348e-16
-0.9999999999999989
0.0
-0.7071067811865462
-1.3530843112619095e-16
-1.5959455978986625e-16
-0.7071067811865472
-0.7071067811865468
2.949029909160572e-17
-0.9999999999999996
-0.9999999999999992
0.707106781186547
-0.9999999999999993
-3.0531133177191805e-16
-5.898059818321144e-17
-0.49999999999999983
0.9999999999999994
-2.0816681711721685e-17
6.938893903907228e-18
-0.7071067811865468
0.999999999999999
-1.6306400674181987e-16
2.42861286636753e-17
0.9999999999999999
-0.7071067811865461
-0.7071067811865491
0.999999999999999
4.163336342344337e-17
6.071532165918825e-18
1.734723475976807e-16
0.9999999999999991
-0.7071067811865468
-8.6736173798840345e-19
6.938893903907221e-18
1.1102230246251565e-16
0.7071067811865471
0.9999999999999991
0.7071067811865468
0.9999999999999997
-0.7071067811865466
-0.9999999999999993
1.3877787807814457e-17
-0.4999999999999999
-3.122502256758253e-17
7.632783294297951e-17
1.700029006457271e-16
-1.734723475976807e-16
2.5326962749261384e-16
2.3440550332114085e-32
2.7755575615628914e-17
0.7071067811865467
-1.3877787807814457e-17
-0.7071067811865467
0.7071067811865471
-3.469446951953614e-18
-0.7071067811865464
2.2551405187698492e-17
-1.0408340855860843e-17
-1.6653345369377348e-16
-0.9999999999999996
-1.249000902703301e-16
0.7071067811865465
9.71445146547012e-17
-0.9999999999999997
-1.0408340855860843e-16
-0.9999999999999998
-1.4224732503009818e-16
-1.5959455978986625e-16
1.1362438767648086e-16
-0.9999999999999988
-0.7071067811865469
-0.7071067811865472
2.0816681711721685e-17
0.9999999999999996
-1.3877787807814448e-17
9.540979117872439e-18
1.0408340855860843e-17
-0.9999999999999991
0.9999999999999992
1.1102230246251565e-16
-0.9999999999999991
0.9999999999999988
-0.9999999999999987
-1.3877787807814457e-17
1.942890293094024e-16
0.9999999999999998
-0.9999999999999996
-0.707106781186547
0.7071067811865468
-4.466912950640278e-17
0.49999999999999967
-0.9999999999999991
4.163336342344337e-17
-0.7071067811865469
-9.367506770274758e-17
-0.9999999999999994
-6.938893903907228e-17
0.9999999999999989
1.5699247457590104e-16
-2.0816681711721685e-17
0.9999999999999991
-0.4999999999999996
-4.163336342344337e-17
0.9999999999999991
9.71445146547012e-17
-1.5612511283791264e-16
-0.9999999999999992
-0.9999999999999989
0.707106781186547
-0.7071067811865468
-1.3530843112619095e-16
-0.9999999999999992
0.7071067811865467
-0.9999999999999989
-0.7071067811865469
-0.9999999999999997
0.9999999999999993
0.9999999999999991
2.498001805406602e-16
1.3877787807814457e-17
0.9999999999999998
-3.469446951953614e-18
1.8041124150158794e-16
-8.673617379884035e-17
-0.7071067811865464
-4.716279450311944e-17
-0.7071067811865468
-0.7071067811865467
-0.707106781186547
1.0408340855860843e-16
-0.7071067811865468
-2.7755575615628907e-17
-0.9999999999999989
0.9999999999999991
2.3418766925686896e-17
0.7071067811865465
3.664603343001005e-17
-0.9999999999999992
1.6132928326584306e-16
0.9999999999999989
0.9999999999999998
0.9999999999999992
-1.3877787807814457e-16
0.9999999999999999
-6.9388939039072276e-18
-1.9949319973733282e-17
-2.1250362580715887e-17
-1.3877787807814457e-16
-0.9999999999999988
3.469446951953614e-17
-0.9999999999999996
-0.7071067811865465
0.9999999999999989
1.8041124150158794e-16
3.469446951953614e-18
-0.7071067811865465
-5.204170427930421e-18
-0.7071067811865469
2.710505431213761e-17
-0.9999999999999993
0.9999999999999994
-6.938893903907228e-18
-8.673617379884035e-18
5.898059818321144e-17
0.707106781186549
-0.9999999999999998
-0.9999999999999991
0.707106781186547
-0.9999999999999994
-0.707106781186547
-0.7071067811865468
-0.7071067811865467
2.0643209364124004e-16
-0.4999999999999998
1.0061396160665481e-16
-0.9999999999999994
0.9999999999999994
-0.9999999999999998
-0.9999999999999998
1.1275702593849246e-17
-0.9999999999999991
0.9999999999999989
0.7071067811865466
-0.7071067811865466
-0.9999999999999994
-0.9999999999999999
-0.7071067811865461
-0.7071067811865465
-3.469446951953614e-17
-1.3877787807814457e-17
-0.9999999999999992
9.324138683375338e-18
-3.469446951953614e-18
-9.974659986866641e-17
-0.9999999999999996
0.9999999999999994
-0.7071067811865466
2.42861286636753e-17
0.9999999999999993
3.191891195797325e-16
-1.5178830414797062e-17
0.7071067811865464
-2.1510571102112408e-16
-6.938893903907228e-17
6.938893903907228e-18
0.9999999999999989
6.938893903907228e-18
1.3183898417423734e-16
-0.7071067811865495
-1.2836953722228372e-16
4.163336342344337e-17
0.9999999999999991
-1.2793585635328952e-17
-0.9999999999999998
1.491862189340054e-16
-0.9999999999999996
-0.7071067811865465
-0.9999999999999997
-0.9999999999999998
0.9999999999999991
-0.9999999999999994
-1.5178830414797062e-16
-0.7071067811865469
0.9999999999999998
