-1.7007389034932414
-1.6844389483260624
-1.6066050735058794
-1.6387519273708016
-1.557978824135876
-1.620651093802522
-1.6128449110232457
-1.6139826781442765
-1.615959587226009
-1.5860457063566293
-1.64678858925971
-1.5707633041055238
-1.6417114181645143
-1.7521441746173243
-1.677850801763763
-1.6721598785138
-1.6262262189817493
-1.603995595503809
-1.6859677186117379
-1.668197117773087
-1.574786579032216
-1.6760886663390855
-1.5059075523600474
-1.62164711849111
-1.6812012389018478
-1.6197387381979838
-1.5616355839000253
-1.6351544600677552
-1.7219623493899003
-1.6336570200657696
-1.6773497031790452
-1.626894602864964
-1.6661093425005042
-1.6951947792417883
-1.6287703680599472
-1.7084217339074304
-1.5730002720318217
-1.6102593813395845
-1.62115213438519
-1.6444889689379243
-1.6266161370231946
-1.5977699878812466
-1.6418484254136332
-1.636381018062083
-1.6299711249220412
-1.7264155732112307
-1.5857112736545385
-1.548385751191366
-1.6299652711558248
-1.565149396258134
-1.5602631855539824
-1.6574316851440576
-1.660197965618938
-1.642565751200626
-1.6142599842225358
-1.6320441608363991
-1.619240964388937
-1.6197019452054204
-1.6001034856963698
-1.6948676214405505
-1.5746721070182905
-1.644498026850712
-1.5982292341278523
-1.4553298671422765
-1.6787300817796065
-1.6310448929119965
-1.659358196379854
-1.7330342435222534
-1.603714006506988
-1.6994964052923078
-1.61468936776448
-1.66408229882718
-1.5881976040325754
-1.6256976360805788
-1.6320837439458071
-1.633155855115475
-1.795143212514087
-1.5052278815407596
-1.6619117271014299
-1.6865042851686756
-1.482421443374302
-1.6447919833212803
-1.6388679884336328
-1.680285891414935
-1.5731127834207417
-1.6107050336612763
-1.651921161580829
-1.706296154684453
-1.6300385465634417
-1.5660697532169436
-1.6339214746875608
-1.6217619734733388
-1.5955630188267669
-1.6579710933856613
-1.6071382586652851
-1.6402877817442734
-1.59978748781652
-1.5820478038240575
-1.684522826906344
-1.651042538189284
-1.687110653986093
-1.612491945286474
-1.6510561536204347
-1.6665044597359762
-1.6686760865314783
-1.6545243545864554
-1.7411060545461157
-1.6153461978762589
-1.68750045308171
-1.640458782442459
-1.6314777397784712
-1.6019575899428944
-1.660351605631453
-1.7441393904612081
-1.5803089981421803
-1.7028285445542928
-1.709136103353482
-1.6301722730703327
-1.6437424145763126
-1.6311263459986658
-1.7408492304674015
-1.6424101318533624
-1.689852691727147
-1.6039818457546235
-1.7083319206568637
-1.6067918896050126
-1.6381243841687025
-1.8460636739077854
-1.5065698395938354
-1.626676089698864
-1.6366810395299751
-1.6361990681825471
-1.711025481426565
-1.5993622286020617
-1.6255191123355412
-1.6490780467325512
-1.5764533035333237
-1.6058437045167187
-1.637410856214628
-1.6079008856754748
-1.5027936829611594
-1.7133613171236435
-1.7208212643460223
-1.6764026745567153
-1.6571772351738843
-1.6076736610420184
-1.6206905425414382
-1.7139055056623007
-1.6685032770561559
-1.519014647626153
-1.6481034253845686
-1.6162069638028262
-1.6876643776521538
-1.6208538370622847
-1.5695370391361079
-1.6974511653656732
-1.6637482657613607
-1.698077260714341
-1.5924883155459073
-1.598182725607129
-1.6615091477250494
-1.6860884519111619
-1.5821836505351465
-1.639388304734515
-1.651976513969247
-1.6465267310429115
-1.6797471090045724
-1.6174033438448274
-1.6243231348352676
-1.4565833611569363
-1.7261608247120475
-1.6862268451977023
-1.6538418067919542
-1.5876345756874513
-1.6459214364088284
-1.551680119811025
-1.7028999340308948
-1.5989595575349111
-1.7186534020227526
-1.5327874585324615
-1.6599538663961502
-1.6109890637510969
-1.6238171822874676
-1.5708431398911327
-1.661741599625881
-1.6501072516530535
-1.6041299862953915
-1.6464719498173717
-1.6586405322784248
-1.663018298140641
-1.5615509251847315
-1.5865455243013906
-1.653757922164939
-1.6351292043068077
-1.575470495158402
-1.5601206683003344
-1.6813246203768768
-1.6323464149189997
-1.6603142385866658
-1.6313156414512842
-1.6759206722405124
-1.6051430444332686
-1.6560094301042938
-1.6204104297336457
-1.635592040741645
-1.5759459634406372
-1.6587796198960834
-1.8144077941839403
-1.5479982108897279
-1.6520954281431437
-1.6364891473842014
-1.6480559010842972
-1.6101367094313703
-1.6343466640641546
-1.6626017305462082
-1.652492154240899
-1.6457500786257142
-1.6693060515935316
-1.6880797051047995
-1.6687946390781299
-1.619216347655802
-1.6466805618785791
-1.610634800832883
-1.606973847398473
-1.535088112425085
-1.662188050988815
-1.5253415397548578
-1.7032809884693318
-1.6542018258232418
-1.6614023375947957
-1.6062522222960591
-1.6541462344989708
-1.6597577708042468
-1.6722204157795058
-1.6860632120230872
-1.6721408233308952
-1.6676652646398735
-1.6281977347882133
-1.5321705577694673
-1.725239717927996
-1.6082272903001995
-1.6729869625547786
-1.5560745005122414
-1.6325580206666428
-1.5606760119256908
-1.5902736642634399
-1.557682988797306
-1.6539041365118334
-1.683786445715901
-1.6379445269934034
-1.5896975490658236
-1.668801164293953
-1.6200202092144624
-1.6855803327169854
-1.612899714446227
-1.634654479889956
-1.6210420296486054
-1.5931897901490655
-1.704902431947216
-1.459393471328537
-1.5756833939632686
-1.6626877666252495
-1.6610570382327046
-1.6330318691365684
-1.74373142842473
-1.6888755073338242
-1.632797149826313
-1.651560138288071
-1.6571695958832109
-1.6855156669970461
-1.64643663312089
-1.555734645664857
-1.693974610599381
-1.635498685459471
-1.681539778195848
-1.6142365392982871
-1.6114510529790296
-1.6542155708322848
-1.6640890141379585
-1.6701615078358814
-1.7125895198387961
-1.7393863714538815
-1.5776296206124867
-1.6073424869992745
-1.634778364215399
-1.6534575811222685
-1.6292238728255184
-1.703410015753781
-1.6381622365712927
-1.744051024395282
-1.592739713162759
-1.7049726678497537
-1.6679859169567248
-1.6557873811468735
-1.6663038668221006
-1.617558213584141
-1.6355110979188938
-1.5729487437809204
-1.6965046207039884
-1.7090404294015977
-1.6182874368080444
-1.6351792200974313
-1.6796088906196778
-1.6599604808653035
-1.5405916834609081
-1.6337587513790122
-1.6085527802472213
-1.7003371380585695
-1.6343940842611915
-1.6293429042886747
-1.64145218645772
-1.6473026217449653
-1.6132428919533055
-1.6609670873374496
-1.5795692810212107
-1.5864973377406901
-1.6563533415258338
-1.7163221008381442
-1.6562466481576958
-1.6786013308345733
-1.6215859257198515
-1.6208281538323566
-1.63126103522011
-1.6829855066245085
-1.7277079628833114
-1.6412008994468448
-1.7145380969051682
-1.5830030014242895
-1.63499490703874
-1.6090024846602597
-1.6328837360614972
-1.6161693277432911
-1.6385694876850414
-1.73574969783462
-1.6463295793910728
-1.605105175154387
-1.6997458332765312
-1.617766319743636
-1.6605661196883055
-1.6596588934287213
-1.6995008400336704
-1.6319493136278147
-1.6355305475197175
-1.52583410300675
-1.5739785355009497
-1.6844778540414111
-1.5744983831415162
-1.598343817019309
-1.6598385408658876
-1.702465969310516
-1.6165002608445784
-1.6922233385855336
-1.6526449524785498
-1.4949530963729318
-1.723454679311073
-1.620786027407273
-1.6353842164243757
-1.5186146247154915
-1.5840114518249937
-1.6084659895927564
-1.5835536283179166
-1.6925585330621835
-1.6400384799000318
-1.6462022467591235
-1.6111683118254434
-1.6735620021700892
-1.6403770151403545
-1.6093119072875437
-1.6239879061082787
-1.6131628766986563
-1.5981765787264883
-1.5892981549668899
-1.646766275965112
-1.5531283991129927
-1.6837710058389965
-1.683775371496798
-1.6049559707448122
-1.6608073135657213
-1.6587464572685333
-1.6524893113975645
-1.6804495086968565
-1.6565033905691409
-1.5812721635923768
-1.7335917957167293
-1.6552654148037753
-1.644639242559395
-1.5677168372797816
-1.6455067525896778
-1.7541481859540817
-1.4489280162828697
-1.6250708580072335
-1.6778388787950411
-1.696336613819974
-1.5936181888721295
-1.6607451986064397
-1.6124455903247674
-1.579696891597049
-1.614883884951178
-1.6693409048036956
-1.6266823690886172
-1.6315594948742254
-1.6642725303651995
-1.6428655327029518
-1.5429627210066004
-1.6845802752052998
-1.6664329835653982
-1.653380711818583
-1.657524037178134
-1.574519866770685
-1.6873568587665269
-1.6790265614066637
-1.5210021288880664
-1.6642004638669157
-1.7037380641734656
-1.6490235217078408
-1.6740716755472786
-1.7183188118251902
-1.8206871602349202
-1.6970441264034508
-1.7843555623843659
-1.6488988168081706
-1.6186629772471717
-1.6424297500348912
-1.636216025496918
-1.8633022193584172
-1.6448198581378537
-1.632412237490501
-1.6751731001105252
-1.6696883089412935
-1.610316889197008
-1.631403438798654
-1.6155960948939663
-1.6437529299746998
-1.615054146166878
-1.6570311151346497
-1.6221935708491635
-1.5930666191800678
-1.6242603905416069
-1.5717188704106877
-1.6395617709933705
-1.6084723954151363
-1.641866493042466
-1.646213628573196
-1.6882987587744265
-1.6615134386080361
-1.6093363076982987
-1.6113392493349323
-1.6381600942183419
-1.6435422535164146
-1.6186201837052228
-1.6346246542363099
-1.6334822808466747
-1.65541580915492
-1.6324197376064375
-1.6186467758630767
-1.6428542338927665
-1.6357277828532892
-1.6892433725775777
-1.6989647979119034
-1.6916593805948248
-1.6328824060335416
-1.6898329421042775
-1.622832136693536
-1.5818557963658548
-1.7104894123351535
-1.5997359447229087
-1.5123616486817872
-1.578699505507212
-1.6249797331674838
-1.5787740534405774
-1.631484645186415
-1.695247976343397
-1.7029373455336998
-1.7271405567410163
-1.5737408900162944
-1.6966382769061166
-1.646340255242587
-1.6928648346583381
-1.6327508967021902
-1.7052390098817953
-1.6749246291853246
-1.6201606992633182
-1.6019218351705826
-1.5787989626334393
-1.6830295831185145
-1.6913839456145803
-1.6605219158003532
-1.608020850980061
-1.670266724884547
-1.7104790518045714
-1.662858538748189
-1.657245113615978
-1.6839741670384936
-1.4823968982080031
-1.6698272355204573
-1.734378739467345
-1.7200566392376584
-1.6714686487995687
-1.5942031445799183
-1.7148007998120247
-1.8023166678360825
-1.7519632537009817
-1.670180713678668
-1.761515761134856
-1.6259979439247574
-1.6664611148153494
-1.7162163264144488
-1.6308682860394463
-1.5494964894261523
-1.7841277773161301
-1.6664888738588632
-1.6197542208333335
-1.7024791953328045
-1.670475839742193
-1.5910811601632437
-1.6446216810962948
-1.7003715066608476
-1.5198568809830637
-1.5499644320518642
-1.6064289374653506
-1.6151964058109962
-1.7554310717228567
-1.6205681333396402
-1.7561473497193951
-1.486221100701725
-1.7222356582359577
-1.6482167519094422
-1.6799263878729727
-1.6985201267974124
-1.6740913377624147
-1.5001476938120377
-1.7237127303875113
-1.6219041825200322
-1.6516688483706623
-1.6349201256924897
-1.6750089662452428
-1.684432689481114
-1.599077407257464
-1.5937509065914843
-1.6111123339665405
-1.762328322727965
-1.6421048027393959
-1.7401849702350096
-1.7640343502264113
-1.762328322727965
-1.7028736477431354
-1.801609503216041
-1.7098474958357528
-1.5392622378371998
-1.7668314412738946
-1.7493651470198341
-1.7293356736793561
-1.7280430516877754
-1.8360467080519838
-1.6789039840272122
-1.8360467080519838
-1.6010807809792238
-1.6714070000632746
-1.7385061873663696
-1.7806126228924855
-1.7514654115218522
-1.5668891837449939
-1.6661045828330379
-1.778256839573337
-1.801609503216041
-1.5775350890423336
-1.5933293600766085
-1.6471564097499922
-1.8360467080519838
-1.7942629568789343
-1.7548312951750233
-1.7311414782744141
-1.6584533385906082
-1.784626733018061
-1.7154571723193246
-1.8049509161382222
-1.8025003742320869
-1.7739340869893998
-1.5453645637355675
-1.6810444869999899
-1.5988299760418625
-1.6907056358937755
-1.7942629568789343
-1.842732124529384
-1.5924687462988514
-1.7979497242999223
-1.7416719673795886
-1.7640396371461315
-1.5775923738780153
-1.5602107813115171
-1.6650472310960223
-1.681941036086518
-1.7874798123482714
-1.8008535043050342
-1.6420089119717127
-1.8351186212220962
-1.7612067474314133
-1.7918422654927946
-1.7084046225947158
-1.5093362814562261
-1.6965233250590885
-1.829272908867394
-1.6907056358937755
-1.677166915780639
-1.7370886788528217
-1.60637759699453
-1.841063690637997
-1.8161386989328463
-1.7393948535302108
-1.8412176074711817
-1.7126839971413301
-1.5768107077042381
-1.6569187500376716
-1.7137159507110935
-1.554746892689677
-1.7708413318001819
-1.697847490063969
-1.7214352632693881
-1.8164013812649284
-1.6855275404938437
-1.709886129513512
-1.6610316816933808
-1.7275974945434707
-1.6502898524898608
-1.7971293441419371
-1.7217659963446896
-1.8064847561608792
-1.6744262218426726
-1.7817892844068441
-1.7385061873663696
-1.7839279920239628
-1.7048379327579393
-1.8051493670571062
-1.6230571803814087
-1.4366609422469836
-1.731700223625852
-1.5738681952132898
-1.7056351151795668
-1.6973667499964926
-1.841063690637997
-1.7082309805899356
-1.7907360176000504
-1.7429220301926887
-1.853202070928288
-1.6456761234207251
-1.8047892687733533
-1.6276788485898455
-1.6558714847417413
-1.654495323631993
-1.7378927364071894
-1.802988265105291
-1.6967694197029712
-1.8412176074711817
-1.6894593759087018
-1.778960325036035
-1.8584095756076635
-1.5702514289732659
-1.8584095756076635
-1.7374050863631139
-1.8584095756076635
-1.6842558657345779
-1.7137615700844733
-1.61910735327574
-1.7070801515710021
-1.7153609280090396
-1.6863981050273895
-1.7935697252221534
-1.6965643170939217
-1.7521159282769017
-1.7051627881803122
-1.780730583010617
-1.7375369165689212
-1.7978375173411556
-1.8096430219484114
-1.8584095756076635
-1.6633326387274945
-1.7538807543347805
-1.7546331449614534
-1.7499017808681954
-1.7328062190327613
-1.8290836913829602
-1.7030515904135708
-1.7499017808681954
-1.7739742443821338
-1.7103631212699795
-1.8584095756076635
-1.8096893647968646
-1.739845565607043
-1.6504670157673278
-1.8038629076505246
-1.675908950945838
-1.7048461474442411
-1.5872064056303972
-1.7671333755166678
-1.7790518001419768
-1.6293328333497297
-1.438502409239028
-1.7678053533190066
-1.6484173531589568
-1.8048453898206733
-1.8514093736979116
-1.763806791492791
-1.8514093736979116
-1.6171355672181689
-1.8629462566057822
-1.8514093736979116
-1.8514093736979116
-1.6646993694837755
-1.851163645687147
-1.7729025631605386
-1.7119269970619668
-1.7202901841779
-1.8629462566057822
-1.6914168154995197
-1.7048189469334913
-1.8613581059749538
-1.62539287047922
-1.7267139031240224
-1.5037769832065935
-1.7671195380246982
-1.7688364957573441
-1.7593003102881761
-1.777181536052651
-1.6595311678535016
-1.645658466104331
-1.5506135975824693
-1.8613581059749538
-1.5795181916284067
-1.7528454351400733
-1.6250348714283358
-1.8449503599456736
-1.8033054935147423
-1.7454546546211214
-1.8546726894975538
-1.762595636945412
-1.76345536176459
-1.8546726894975538
-1.8342783770318194
-1.864421587916346
-1.7115649123821521
-1.6651411849575513
-1.61133185585217
-1.8351186212220962
-1.739057340419307
-1.7764299947962636
-1.733123064653559
-1.7917566850608568
-1.678968558428989
-1.8580297815726605
-1.6325279563029154
-1.8205615284906198
-1.6310270622375749
-1.6232554707763978
-1.5474437212988659
-1.7794417270940484
-1.639689003774982
-1.768967578885676
-1.8441562846302595
-1.7095405179688576
-1.5378989229446522
-1.604842857078774
-1.7319097749658083
-1.6908569469986878
-1.7624628672844553
-1.673919863917802
-1.77235165806971
-1.6705004191667836
-1.8498659379362499
-1.760719590286168
-1.833293757550317
-1.6855351485440524
-1.828985435385769
-1.8470039039323534
-1.8498659379362499
-1.629702428033645
-1.7891928592652504
-1.6977584977612525
-1.66478941341505
-1.8546726894975538
-1.849417541006784
-1.7454546546211214
-1.7980347941725294
-1.688792396855494
-1.7158562175092151
-1.763405976490022
-1.8351186212220962
-1.849417541006784
-1.6136147745095433
-1.816103659742545
-1.8145495161819372
-1.805967919409472
-1.7906128171628504
-1.7490494632171365
-1.6361187948023737
-1.864421587916346
-1.863628922368921
-1.7993799472015124
-1.7093073632226097
-1.863628922368921
-1.7039648060911154
-1.7575717306286314
-1.7828042727646196
-1.829272908867394
-1.7444900717900487
-1.864421587916346
-1.7269734667959105
-1.7460137602949788
-1.8526188741653207
-1.7794071104984663
-1.7351900773705107
-1.7302309920971684
-1.8145495161819372
-1.8263522299329624
-1.7313502003069439
-1.7587228598893496
-1.7181872729539793
-1.7515524328475678
-1.7652828263035096
-1.755720430595319
-1.635083423171039
-1.784511101750185
-1.7878512652282463
-1.8479778492826229
-1.8947559367887896
-1.7252103631775597
-1.8637759606922404
-1.8487024070134688
-1.6942416980256638
-1.8947559367887896
-1.658113459592694
-1.72651310995255
-1.7506820805183507
-1.7606544304087084
-1.7472895054299311
-1.7519219522072957
-1.7953362417714704
-1.7576008914543446
-1.799872847977639
-1.7737755511868822
-1.8263976279533294
-1.8637759606922404
-1.6363551664699076
-1.8210563901827046
-1.7524481680118198
-1.7332479125088787
-1.8637759606922404
-1.742941341373899
-1.768554792252621
-1.8947559367887896
-1.7454298948468194
-1.5546520684818788
-1.7094894184012985
-1.923037353114578
-1.6560147090800605
-1.7701256151859135
-1.7401273174447827
-1.7628244566511504
-1.5601530393581504
-1.7555614966721593
-1.8024669335181571
-1.5877029184015023
-1.4821290647345582
-1.6568197669386546
-1.8590012792045916
-1.6813827739155833
-1.813700608351927
-1.781720925345531
-1.7694024570950933
-1.7165554394507947
-1.7851341980935609
-1.7834281441083688
-1.8508469272036878
-1.7737755511868822
-1.7973547921373876
-1.6368829753420846
-1.640241268670816
-1.779403725856512
-1.7794071104984663
-1.760445128088866
-1.4787097218677334
-1.794664395196041
-1.9077305292304547
-1.6092208521274858
-1.6424215760695438
-1.7236854486958828
-1.6625442258266432
-1.5381864678388208
-1.747128365828776
-1.6722465383331921
-1.5847600225739038
-1.647226760187338
-1.6783286674760776
-1.7415951962363643
-1.7067870747811817
-1.6802298362523875
-1.5678375401545013
-1.7426129495501808
-1.7376064686614652
-1.6603819443784442
-1.855084315234809
-1.730342307600078
-1.7843294308312887
-1.8983393681038707
-1.8408851379586195
-1.8058951616778967
-1.688985028657177
-1.7468476729141058
-1.7409652339328159
-1.6921550181639498
-1.6035414032412532
-1.6446115017802017
-1.9077305292304547
-1.902419164075074
-1.600646593303793
-1.6371116859191646
-1.7550244856527069
-1.631130830316531
-1.9225362853787966
-1.8262166135939453
-1.834853630118614
-1.8796459050333911
-1.59314813249328
-1.7689973924322562
-1.7038711123567292
-1.7204205784245872
-1.8236226715102635
-1.7489872793392276
-1.7110476886699881
-1.5998493603754036
-1.69261200064172
-1.671477185479212
-1.902419164075074
-1.616214728613012
-1.788659401144672
-1.651083691766478
-1.8983393681038707
-1.6505395745075344
-1.7727652883878389
-1.6731944194562234
-1.886164191989973
-1.7800344454433696
-1.730672231621477
-1.902419164075074
-1.6324127065816925
-1.775725567897116
-1.9906192695858511
-1.6444372408508459
-1.7008127249152496
-1.8184600006335265
-1.7557145114125212
-1.907583372161392
-1.6981122537387163
-1.7751189956093056
-1.691775647498632
-1.8830788072016462
-1.652508017121847
-1.878361540229244
-1.8148763167813775
-1.7319299305415117
-1.8464958703300687
-1.6488940455173848
-1.9906192695858511
-1.651307457954339
-1.6450405494147124
-1.7603423389612909
-1.6634449455913387
-1.8830788072016462
-1.7539307666013257
-1.7017997683855175
-1.8178299095002817
-1.9133278403305234
-1.907583372161392
-1.6736734852234938
-1.9150303635589472
-1.7519319780915639
-1.7098100881618021
-1.78105539549972
-1.8949234721329806
-1.6391333639769043
-1.7493650070282885
-1.7452317707181282
-1.6859561066236188
-1.7791303402431478
-1.8360364110751959
-1.7927722221730347
-1.7493635246188846
-1.7452317707181282
-1.8105927059028448
-1.674225424286439
-1.8646255147517976
-1.870584862547386
-1.9543244665381407
-1.4819936112695076
-1.759588759307341
-1.5513980420839457
-1.7433837857424055
-1.548621987874954
-1.7755383448174413
-1.7970643915941613
-1.6051302251116004
