1.0
1.6653345369377348e-16
-6.938893903907219e-18
6.938893903907228e-18
2.0816681711721682e-17
1.5959455978986625e-16
1.3877787807814457e-17
2.42861286636753e-17
1.5612511283791264e-17
4.336808689942018e-18
6.071532165918825e-18
-8.673617379884035e-19
3.469446951953619e-18
9.020562075079397e-17
1.1716873302045756e-34
2.60208521396521e-18
6.938893903907228e-18
3.0357660829594124e-17
-3.122502256758253e-17
8.673617379884035e-18
3.8163916471489756e-17
1.3010426069826053e-17
-1.1275702593849246e-17
1.6479873021779667e-17
1.214306433183765e-17
-1.0
-3.469446951953614e-17
2.862293735361732e-17
3.469446951953615e-18
-8.673617379884034e-18
1.0408340855860844e-17
-1.3877787807814457e-17
1.9255430583342559e-16
-3.469446951953614e-18
-4.85722573273506e-17
4.336808689942018e-18
-3.469446951953614e-18
1.942890293094024e-16
-5.204170427930421e-17
-2.255140518769849e-17
2.888314587501384e-16
0.0
-5.204170427930421e-18
-1.734723475976807e-18
6.938893903907228e-18
7.632783294297951e-17
1.734723475976807e-18
-2.7755575615628914e-17
1.5612511283791264e-17
1.7347234759768077e-17
2.0816681711721685e-17
1.9081958235744878e-17
-8.673617379884035e-19
8.673617379884035e-19
-2.0816681711721685e-17
-2.6020852139652106e-18
8.673617379884035e-18
-1.734723475976807e-17
2.7755575615628914e-17
0.0
-6.938893903907228e-17
2.6020852139652106e-18
1.734723475976807e-18
-6.938893903907228e-18
1.1796119636642288e-16
3.729655473350135e-17
-1.474514954580286e-17
2.7755575615628914e-17
2.949029909160572e-17
1.3877787807814457e-17
-2.688821387764051e-17
-1.214306433183765e-17
-1.3357370765021415e-16
-3.122502256758253e-17
3.8163916471489756e-17
-8.673617379884035e-18
5.2041704279304236e-18
-1.0408340855860843e-17
2.7755575615628914e-17
-1.6566609195578508e-16
1.214306433183765e-17
5.2041704279304205e-18
1.0408340855860843e-17
5.204170427930421e-18
-6.938893903907228e-18
-6.071532165918825e-18
-3.122502256758253e-17
-4.5102810375396984e-17
-1.3877787807814457e-17
1.734723475976807e-17
-1.9081958235744878e-17
2.775557561562891e-17
1.1275702593849246e-17
5.551115123125783e-17
-3.469446951953614e-18
1.734723475976807e-17
-4.163336342344337e-17
-1.205632815803881e-16
-4.336808689942018e-18
-1.9081958235744878e-17
-1.734723475976807e-18
-8.673617379884035e-19
8.673617379884045e-19
9.54097911787244e-18
0.0
1.734723475976808e-18
3.382710778154774e-17
-7.806255641895633e-18
4.163336342344337e-17
-2.688821387764051e-17
5.204170427930421e-18
2.2148194360453212e-33
-2.42861286636753e-17
-2.6020852139652106e-18
-6.591949208711867e-17
-4.336808689942018e-18
-1.5612511283791264e-17
-6.938893903907228e-18
-1.1275702593849243e-17
2.42861286636753e-17
4.163336342344337e-17
2.6020852139652106e-17
-8.552847072295026e-50
4.163336342344337e-17
-1.0408340855860846e-17
1.0408340855860843e-17
1.214306433183765e-17
1.1275702593849246e-17
1.3877787807814457e-17
-1.5612511283791264e-17
0.0
-1.1275702593849246e-17
1.474514954580286e-17
1.0408340855860843e-17
9.540979117872439e-18
3.469446951953614e-17
-1.734723475976807e-17
-2.6020852139652106e-17
-2.3848114614130305e-34
1.3877787807814454e-17
2.5153490401663703e-17
-1.387778780781446e-17
3.122502256758253e-17
-1.734723475976807e-17
-1.734723475976807e-17
-8.673617379884035e-18
-4.163336342344337e-17
-4.683753385137379e-17
5.204170427930421e-17
-3.469446951953614e-17
6.938893903907228e-18
-2.0816681711721688e-17
8.673617379884035e-18
-2.7755575615628914e-17
5.898059818321144e-17
-2.42861286636753e-17
-1.6479873021779667e-17
-3.5561831257524545e-17
1.0408340855860843e-17
4.336808689942021e-18
6.938893903907228e-18
1.0408340855860843e-17
-4.336808689942018e-18
4.163336342344337e-17
4.5102810375396984e-17
-3.122502256758253e-17
1.734723475976807e-17
-6.9388939039072276e-18
-1.0061396160665481e-16
2.7755575615628914e-17
-1.0408340855860843e-17
4.163336342344337e-17
2.081668171172169e-17
5.551115123125783e-17
-6.938893903907228e-18
-1.0408340855860843e-17
1.734723475976807e-17
2.7755575615628914e-17
6.938893903907228e-18
-1.734723475976807e-17
-2.688821387764051e-17
1.214306433183765e-17
1.9081958235744878e-17
1.734723475976807e-18
-9.540979117872439e-18
8.673617379884035e-19
-1.1275702593849246e-17
-1.734723475976807e-17
-6.938893903907228e-18
-1.3010426069826053e-17
1.734723475976807e-18
8.673617379884035e-19
1.5959455978986625e-16
-2.7755575615628914e-17
1.0408340855860846e-17
-3.4694469519536138e-18
1.9949319973733282e-17
2.42861286636753e-17
1.0408340855860843e-17
1.7347234759768082e-18
-1.8041124150158794e-16
4.336808689942018e-18
-3.122502256758253e-17
-1.214306433183765e-17
-2.0816681711721685e-17
1.6479873021779667e-17
-6.938893903907228e-17
-4.336808689942018e-18
1.6479873021779667e-17
6.9388939039072276e-18
6.938893903907228e-18
6.938893903907227e-18
-2.0816681711721685e-17
-3.122502256758253e-17
2.6020852139652106e-18
-1.474514954580286e-17
-2.0816681711721685e-17
6.938893903907228e-18
-6.938893903907228e-18
-5.204170427930421e-17
-7.806255641895632e-18
-3.469446951953614e-18
-5.204170427930421e-18
-1.6479873021779667e-17
-2.2551405187698492e-17
-2.7755575615628914e-17
-1.0408340855860843e-17
3.8163916471489756e-17
-2.42861286636753e-17
-1.214306433183765e-17
6.071532165918825e-18
1.214306433183765e-17
3.816391647148976e-17
9.540979117872436e-18
-3.469446951953614e-18
1.3877787807814454e-17
-5.204170427930421e-18
1.734723475976807e-18
-4.3368086899420185e-18
2.6020852139652106e-17
-1.734723475976807e-17
-2.081668171172168e-17
3.469446951953614e-18
-1.3010426069826052e-17
4.336808689942018e-18
-3.469446951953614e-18
-3.469446951953614e-18
-1.214306433183765e-17
-1.0408340855860843e-17
2.6020852139652106e-18
-3.469446951953614e-17
-1.3877787807814457e-17
-2.4286128663675296e-17
-1.1275702593849246e-17
-2.0816681711721685e-17
1.0408340855860844e-17
1.5612511283791264e-17
1.5612511283791264e-17
-1.3877787807814457e-17
-6.938893903907228e-18
1.5612511283791264e-17
1.9081958235744878e-17
-1.3010426069826053e-17
-2.6020852139652106e-17
6.938893903907228e-18
-8.673617379884035e-19
1.0408340855860843e-17
2.2551405187698492e-17
1.0
-2.0816681711721685e-17
-4.336808689942018e-18
1.6479873021779667e-17
2.34337466040915e-34
3.4694469519536123e-18
5.204170427930421e-17
9.540979117872439e-18
2.0816681711721685e-16
1.734723475976807e-18
-2.6020852139652106e-18
-3.469446951953614e-18
1.214306433183765e-16
3.8163916471489756e-17
-1.0408340855860843e-17
-1.9081958235744878e-17
1.8214596497756474e-17
-1.3877787807814457e-17
-2.42861286636753e-17
1.3877787807814457e-17
-6.938893903907228e-18
-3.469446951953614e-18
-2.42861286636753e-17
-4.9439619065339e-17
2.7755575615628914e-17
3.642919299551295e-17
1.3877787807814454e-17
3.122502256758253e-17
-1.0408340855860843e-17
6.245004513516506e-17
3.469446951953616e-18
-2.7755575615628914e-17
-3.2959746043559335e-17
6.93889390390723e-18
1.0408340855860843e-17
-6.071532165918825e-18
-1.734723475976807e-18
6.938893903907227e-18
1.3010426069826053e-17
-7.28583859910259e-17
3.2959746043559335e-17
-2.0816681711721685e-17
5.551115123125783e-17
-1.9081958235744878e-17
-3.729655473350135e-17
2.7755575615628914e-17
2.6020852139652106e-18
-2.0816681711721688e-17
-3.5561831257524545e-17
5.204170427930422e-18
-1.9949319973733282e-17
3.469446951953614e-17
7.806255641895632e-18
3.469446951953616e-18
-4.2500725161431774e-17
-3.8163916471489756e-17
0.0
-1.040834085586084e-17
-1.8214596497756474e-17
6.245004513516506e-17
-2.42861286636753e-17
6.938893903907228e-18
1.7122720911817762e-33
-5.204170427930421e-18
1.0408340855860843e-17
2.0816681711721685e-17
4.163336342344337e-17
4.5102810375396984e-17
5.204170427930422e-18
-6.938893903907228e-18
-1.3877787807814457e-17
1.734723475976807e-17
1.3877787807814457e-17
1.0408340855860836e-17
8.673617379884043e-19
0.0
2.775557561562892e-17
1.0408340855860843e-17
-1.942890293094024e-16
5.204170427930421e-17
6.938893903907228e-18
4.163336342344337e-17
-6.9388939039072276e-18
0.0
-3.469446951953614e-18
6.28743874498316e-34
-6.9388939039072276e-18
-1.0408340855860843e-16
1.5612511283791264e-17
-8.673617379884035e-18
0.0
1.3877787807814457e-17
1.5265566588595902e-16
-1.7347234759768069e-18
6.93889390390723e-18
1.3877787807814457e-17
1.3877787807814457e-17
1.6653345369377348e-16
4.1633363423443364e-17
-6.938893903907228e-18
1.214306433183765e-17
-1.6479873021779667e-17
-3.9898639947466563e-17
2.862293735361732e-17
-4.85722573273506e-17
-1.8388068845354155e-16
-1.734723475976807e-17
-8.673617379884035e-19
-4.5102810375396984e-17
2.2551405187698492e-17
6.938893903907227e-18
-1.0408340855860843e-17
1.9949319973733282e-17
-2.3418766925686896e-17
4.336808689942018e-18
8.673617379884035e-19
-6.938893903907228e-18
1.97758476261356e-16
1.734723475976807e-17
-1.3877787807814457e-17
7.979727989493313e-17
8.673617379884035e-18
2.7755575615628914e-17
-1.997871109829574e-33
5.2041704279304207e-17
1.734723475976807e-18
6.938893903907228e-18
5.204170427930421e-18
-5.204170427930421e-18
2.0816681711721685e-17
-8.673617379884035e-18
-2.0469737016526324e-16
2.7755575615628914e-17
5.204170427930421e-18
6.93889390390723e-18
-1.8214596497756474e-17
1.9081958235744878e-17
-1.734723475976807e-17
3.469446951953614e-18
-2.7755575615628914e-17
-4.0766001685454967e-17
-3.4694469519536103e-18
6.071532165918825e-18
1.0408340855860841e-17
4.336808689942018e-18
-1.734723475976807e-17
-1.214306433183765e-16
1.0408340855860836e-17
-1.561251128379126e-17
1.0408340855860847e-17
-8.673617379884035e-18
8.673617379884035e-19
-2.42861286636753e-17
-1.734723475976807e-17
-5.204170427930421e-18
9.454242944073599e-17
3.469446951953612e-18
9.540979117872439e-18
-4.1633363423443364e-17
2.862293735361732e-17
-2.0469737016526324e-16
3.469446951953614e-18
2.0816681711721682e-17
-7.112366251504909e-17
1.5612511283791264e-17
6.418476861114186e-17
-1.3791051634015616e-16
1.48318857196017e-16
9.974659986866641e-17
7.806255641895632e-18
2.688821387764051e-17
1.1275702593849246e-17
-8.673617379884035e-18
6.071532165918825e-18
-1.0408340855860843e-17
3.469446951953614e-18
-6.938893903907228e-18
-6.071532165918825e-18
1.3877787807814463e-17
-2.7755575615628914e-17
3.469446951953614e-18
1.8214596497756474e-17
-3.469446951953614e-17
-8.673617379884035e-18
5.204170427930421e-18
1.3877787807814457e-16
2.949029909160572e-17
8.673617379884035e-18
1.6479873021779667e-17
-3.729655473350135e-17
3.8163916471489756e-17
3.469446951953614e-18
1.7347234759768074e-17
-9.540979117872439e-18
6.938893903907228e-18
1.7347234759768068e-17
4.336808689942018e-18
-1.5439038936193583e-16
1.734723475976807e-17
1.734723475976807e-16
-1.5612511283791264e-17
3.0357660829594124e-17
6.071532165918825e-18
-4.5102810375396984e-17
5.204170427930421e-18
-1.6479873021779667e-17
1.7105694144590052e-49
-6.071532165918825e-18
6.071532165918825e-18
2.0816681711721685e-17
1.214306433183765e-16
-1.387778780781446e-17
1.734723475976807e-17
-4.5102810375396984e-17
-1.734723475976807e-17
5.551115123125783e-17
-2.42861286636753e-17
-8.413408858487514e-17
1.5612511283791264e-17
1.0408340855860843e-17
-1.1275702593849246e-17
-3.4694469519536138e-18
9.540979117872439e-18
8.673617379884035e-19
1.9949319973733282e-17
6.938893903907228e-18
3.209238430557093e-17
-6.938893903907228e-18
1.7520707107365752e-16
-3.5561831257524545e-17
-8.673617379884035e-19
3.469446951953614e-17
-3.5561831257524545e-17
1.3877787807814457e-17
5.551115123125783e-17
1.6479873021779667e-17
-0.9999999999999999
-1.5612511283791264e-17
2.0816681711721685e-17
2.0816681711721682e-17
3.469446951953614e-17
6.938893903907228e-18
3.2959746043559335e-17
-0.9999999999999999
-3.4694469519536138e-18
-0.9999999999999999
-3.8163916471489756e-17
-0.9999999999999999
9.62964972193618e-34
-0.9999999999999999
6.591949208711867e-17
-0.9999999999999999
-3.8163916471489756e-17
-1.0
-0.9999999999999999
-3.122502256758253e-17
-1.214306433183765e-17
-1.8214596497756478e-17
-0.9999999999999999
1.1275702593849246e-17
-0.9999999999999999
-0.9999999999999998
-2.0816681711721685e-17
-2.6020852139652106e-18
-1.3877787807814457e-17
-3.469446951953615e-17
-0.9999999999999999
-7.806255641895632e-18
-1.0
-0.9999999999999999
4.1633363423443364e-17
-0.9999999999999999
3.4694469519536138e-18
-0.9999999999999999
-1.5612511283791264e-16
-1.0
-0.9999999999999999
-0.9999999999999999
-0.9999999999999999
1.734723475976807e-18
1.682681771697503e-16
2.862293735361732e-17
4.85722573273506e-17
3.122502256758253e-17
8.673617379884035e-18
-0.9999999999999999
-0.9999999999999999
2.3418766925686896e-17
5.858436651022879e-35
-0.9999999999999999
-0.9999999999999999
-1.0
-0.9999999999999999
-0.9999999999999999
-1.3877787807814457e-17
0.9999999999999998
-1.0
-3.469446951953614e-18
-1.0
-0.9999999999999999
-0.9999999999999999
-2.42861286636753e-17
1.2836953722228372e-16
-0.9999999999999999
-6.938893903907222e-18
-0.9999999999999999
-4.1633363423443364e-17
1.925929944387242e-34
-5.204170427930421e-18
2.6020852139652106e-18
-1.0
-0.9999999999999999
-1.0
-0.9999999999999999
-5.204170427930421e-17
8.552847072295026e-49
-1.6479873021779667e-17
-0.9999999999999999
-3.469446951953614e-18
4.163336342344337e-17
-0.9999999999999999
-0.9999999999999999
-0.9999999999999999
1.6479873021779667e-17
-1.734723475976807e-17
-2.0816681711721685e-17
1.0
-1.0
-0.9999999999999999
-0.9999999999999999
-0.9999999999999999
-0.9999999999999999
3.0357660829594124e-17
-1.3877787807814457e-17
5.204170427930421e-18
-5.377642775528102e-17
-2.688821387764051e-17
1.0
0.9999999999999999
1.3877787807814457e-17
-1.0
-0.9999999999999999
-1.5785983631388945e-16
-0.9999999999999999
4.85722573273506e-17
-0.9999999999999999
-2.7755575615628914e-17
-0.9999999999999999
-1.9081958235744878e-17
-3.0531133177191805e-16
6.765421556309548e-17
-1.0
1.5612511283791258e-17
-0.9999999999999999
0.0
1.0
1.6479873021779667e-16
-0.9999999999999999
-0.9999999999999999
-1.1102230246251565e-16
-1.0
-2.7755575615628914e-17
-1.0
1.0408340855860843e-17
-4.5102810375396984e-17
-1.5612511283791264e-16
5.117434254131581e-17
3.469446951953614e-17
-0.9999999999999999
2.7755575615628914e-17
-0.9999999999999999
2.7755575615628914e-17
-1.0
-0.9999999999999999
-0.9999999999999998
-0.9999999999999999
2.6020852139652106e-18
-1.0
-7.632783294297951e-17
-1.0
4.188897629042235e-33
-0.9999999999999999
-0.9999999999999999
-0.9999999999999999
3.122502256758253e-17
1.387778780781446e-17
1.6479873021779667e-17
-0.9999999999999999
1.734723475976807e-18
-0.9999999999999998
-6.765421556309548e-17
4.510281037539698e-17
3.122502256758253e-17
3.122502256758253e-17
2.6020852139652106e-18
2.688821387764051e-17
-8.673617379884035e-18
-0.9999999999999999
0.9999999999999998
-0.9999999999999999
-0.9999999999999998
1.3010426069826055e-17
-1.7347234759768074e-17
-0.9999999999999998
-1.0
1.214306433183765e-17
-0.9999999999999998
1.0408340855860844e-17
-3.469446951953614e-18
1.734723475976807e-17
-4.336808689942018e-18
-2.42861286636753e-17
2.8015784137025435e-16
1.6653345369377348e-16
-0.9999999999999998
-1.0
6.938893903907227e-18
1.0
-0.9999999999999999
-1.0
-1.0
-0.9999999999999999
-4.336808689942017e-18
1.0
-0.9999999999999999
-0.9999999999999998
-0.9999999999999999
7.806255641895632e-18
-2.688821387764051e-17
-2.0816681711721685e-17
6.938893903907228e-18
-0.9999999999999994
-1.0
-8.673617379884035e-19
-0.9999999999999999
2.8796409701215e-16
8.673617379884035e-19
1.7347234759768074e-17
0.0
-1.6479873021779667e-17
-4.163336342344337e-17
1.3877787807814454e-17
-1.387778780781445e-17
-3.122502256758253e-17
-1.1741146695032553e-33
-4.163336342344337e-17
-2.6020852139652106e-18
-0.9999999999999999
1.0755285551056204e-16
1.734723475976807e-17
1.7105694144590052e-49
1.734723475976807e-18
-3.469446951953614e-18
1.4224732503009818e-16
-2.42861286636753e-17
-0.9999999999999999
-0.9999999999999999
2.6020852139652106e-18
-4.336808689942018e-18
-0.9999999999999999
-0.9999999999999999
-0.9999999999999999
1.0
5.204170427930421e-18
-6.938893903907228e-18
-0.9999999999999999
2.0816681711721688e-17
-1.0
-1.0
-3.4694469519536138e-18
6.938893903907228e-18
-3.8163916471489756e-17
-0.9999999999999999
-1.734723475976807e-16
1.0
-6.591949208711867e-17
1.3704315460216776e-16
-0.9999999999999999
-1.3010426069826053e-17
-2.7755575615628914e-17
-1.0
-1.0
-1.0
-0.9999999999999999
2.2551405187698492e-17
1.3877787807814457e-17
1.3877787807814457e-17
-0.9999999999999999
-0.9999999999999999
-1.0
-0.9999999999999999
-0.9999999999999999
-0.9999999999999999
-0.9999999999999998
-0.9999999999999999
-3.729655473350135e-17
-1.0
1.734723475976807e-17
-1.0408340855860843e-17
-0.9999999999999998
1.8301332671555315e-16
-1.3877787807814457e-16
-1.0
-3.469446951953614e-17
1.5612511283791264e-17
-1.457167719820518e-16
2.42861286636753e-17
-1.0
2.7755575615628914e-17
-0.9999999999999998
-1.457167719820518e-16
-4.163336342344337e-17
-0.9999999999999999
-1.0
6.9388939039072276e-18
6.938893903907228e-18
-0.9999999999999999
9.540979117872439e-18
2.6020852139652106e-18
-0.9999999999999996
4.85722573273506e-17
3.469446951953614e-18
-1.0
2.6020852139652106e-17
-2.6020852139652106e-17
-2.0816681711721685e-17
3.4694469519536165e-18
-0.9999999999999999
-0.9999999999999999
-4.475586568020162e-16
-0.9999999999999999
2.7755575615628926e-17
-0.9999999999999999
-1.3877787807814457e-17
-0.9999999999999999
-2.42861286636753e-17
-0.9999999999999999
-1.3877787807814463e-17
-3.122502256758253e-17
-1.1275702593849246e-17
-1.5612511283791264e-16
-2.42861286636753e-17
-8.326672684688674e-17
-0.9999999999999999
-2.7755575615628914e-17
-1.0
-0.9999999999999998
-1.0
-6.93889390390723e-18
0.0
3.8163916471489756e-17
-0.9999999999999999
-0.9999999999999999
-1.6566609195578508e-16
-0.9999999999999999
-0.9999999999999999
-0.9999999999999999
-0.9999999999999999
-0.9999999999999999
3.4281242443032395e-34
-0.9999999999999998
-1.0
-0.9999999999999998
6.938893903907228e-18
-8.673617379884035e-18
-1.0495077029659683e-16
-1.1449174941446927e-16
-1.0
-0.9999999999999999
-1.7520707107365752e-16
-1.5959455978986625e-16
-0.9999999999999999
-4.163336342344337e-17
-0.9999999999999999
-2.1382117680737565e-49
-8.673617379884035e-18
4.2500725161431774e-17
-0.9999999999999999
-1.0
-1.6653345369377348e-16
-5.204170427930421e-18
0.9999999999999999
-1.7347234759768065e-17
-1.0408340855860843e-17
-0.9999999999999999
-0.9999999999999999
-1.0
1.7694179454963432e-16
-0.9999999999999999
-1.734723475976807e-16
-0.9999999999999999
-1.5525775109992423e-16
-3.469446951953614e-17
-4.163336342344337e-17
1.3704315460216776e-16
1.734723475976807e-17
1.700029006457271e-16
1.734723475976807e-18
-1.0
-0.9999999999999999
-0.9999999999999996
1.0
0.9999999999999999
-9.540979117872439e-17
1.0
0.9999999999999999
1.43982048506075e-16
1.5352302762394743e-16
0.9999999999999999
-0.9999999999999999
0.9999999999999999
-1.0
2.5658541216885078e-48
1.6132928326584306e-16
-0.9999999999999999
-1.0408340855860843e-17
1.3270634591222574e-16
0.9999999999999999
-0.9999999999999999
-0.9999999999999999
-2.7755575615628914e-17
2.688821387764051e-17
-0.9999999999999999
-0.9999999999999999
-0.9999999999999999
1.448494102440634e-16
4.163336342344337e-17
-0.9999999999999999
-6.938893903907228e-17
-1.0
-1.0
-1.0
-0.9999999999999999
-0.9999999999999999
1.491862189340054e-16
-0.9999999999999999
-0.9999999999999999
-3.8163916471489756e-17
6.938893903907228e-18
2.7755575615628914e-17
-0.9999999999999999
-0.9999999999999999
-6.591949208711867e-17
-1.0
-0.9999999999999999
3.0357660829594124e-17
2.775557561562891e-17
1.734723475976807e-17
7.28583859910259e-17
-1.0
-0.9999999999999999
8.673617379884035e-19
-9.540979117872439e-18
7.632783294297951e-17
-2.2898349882893854e-16
-1.0
-1.3877787807814457e-17
-9.540979117872439e-18
-2.1510571102112408e-16
1.249000902703301e-16
7.546047120499111e-17
-5.0306980803327406e-17
3.469446951953614e-18
-1.0408340855860843e-17
-2.42861286636753e-17
-3.469446951953614e-18
-0.9999999999999998
-1.0
3.4694469519536138e-18
-3.122502256758253e-17
-1.0408340855860843e-17
5.551115123125783e-17
-3.4694469519536138e-18
3.469446951953616e-18
-0.9999999999999999
7.806255641895632e-18
-3.122502256758253e-17
-1.3877787807814457e-17
-1.0
2.7755575615628914e-17
-2.7755575615628914e-17
-0.9999999999999999
0.0
-1.0
-8.326672684688674e-17
1.491862189340054e-16
2.7755575615628914e-17
-1.0
-1.0
-0.9999999999999999
-0.9999999999999999
-0.9999999999999999
1.734723475976807e-17
-0.9999999999999999
-1.0
-0.9999999999999999
-1.6479873021779667e-17
-0.9999999999999998
-1.0
-3.2959746043559335e-17
-0.9999999999999999
-0.9999999999999999
-2.6020852139652106e-17
1.717376241217039e-16
-1.3877787807814457e-17
-1.222980050563649e-16
-1.4051260155412137e-16
-0.9999999999999998
8.6736173798840345e-19
2.42861286636753e-17
-2.7755575615628914e-17
-7.28583859910259e-17
3.122502256758253e-17
-0.9999999999999999
2.2551405187698492e-17
2.0816681711721688e-17
9.540979117872439e-18
-1.0
2.2551405187698492e-17
3.469446951953614e-18
-1.0
1.3877787807814457e-17
5.551115123125783e-17
-0.9999999999999999
-0.9999999999999999
1.3877787807814457e-17
-0.9999999999999999
-0.9999999999999999
8.673617379884035e-19
-2.949029909160572e-17
1.734723475976807e-17
-0.9999999999999999
