-1.7007389034932414
-1.3785193413445187
-1.654822303075176
-1.6010836581016263
-1.5407442139276994
-1.690164894354896
-1.622175620491247
-1.6571919273338498
-1.6345423349147314
-1.6320992347782488
-1.664499759028202
-1.606247220542897
-1.6280854422798405
-1.624842727557341
-1.623895366892126
-1.5763539181309492
-1.6319101666383355
-1.596744520913815
-1.6529737706775072
-1.7208440265231326
-1.6755112065322824
-1.6559356763033384
-1.6666050611924346
-1.6409532653848986
-1.181848948926623
-1.6464965751822165
-1.6235813993116592
-1.6304431969352906
-1.6707302689872223
-1.6398553840959438
-1.6894772007362049
-1.6826406695202119
-1.6201099449342626
-1.5820514797929743
-1.600165350554315
-1.6673038368245088
-1.577060829873275
-1.6470141722058296
-1.669711156394531
-1.6714696689695194
-1.6762384507402686
-1.5967023686245845
-1.678298193036725
-1.657472548384364
-1.685926217863124
-1.6390361392502202
-1.700843057100176
-1.6499621049635338
-1.6359224948193698
-1.6405244436689317
-1.6411793323608754
-1.6729452041482216
-1.70723339484083
-1.6688772209792966
-1.6543338339451688
-1.510457088356275
-1.6285268509917317
-1.6355463341672112
-1.593680407612187
-1.6186785919978965
-1.649045587040715
-1.6235320091071503
-1.6298296077996948
-1.6103590834640131
-1.7252544326253163
-1.6510216345371374
-1.6406489029086353
-1.6525237667396258
-1.569955251791882
-1.6322345520052342
-1.5985131001019839
-1.5871503097728379
-1.6355912010370253
-1.6977750951305277
-1.5018322592699798
-1.6338611296304129
-1.6463048591047627
-1.6503190788984432
-1.5901840001718668
-1.561388938826014
-1.667415221754247
-1.672304334231253
-1.602539971713208
-1.6755943268916744
-1.628804281740088
-1.6403904828738833
-1.6437516369110934
-1.7047774858241809
-1.632394902962953
-1.5869416869526065
-1.652879411768075
-1.587803993318685
-1.6368489934356891
-1.634059916022652
-1.6426191895685485
-1.6798432914652868
-1.6026351252229882
-1.5725080140170347
-1.4906347284799215
-1.685653374578109
-1.5993041396866527
-1.6927958488624912
-1.6661703042666083
-1.6254192835236478
-1.5875158001522418
-1.7074327241046472
-1.6315586350113263
-1.6428599685852454
-1.6776413796571465
-1.5976125804217414
-1.7551023704188011
-1.5862137337903117
-1.663890022023282
-1.6177580567400687
-1.7184788287393646
-1.660304602167779
-1.612364781626059
-1.6503818343476246
-1.6476376921594256
-1.659848619456239
-1.6154247423307901
-1.647619330411698
-1.5428477851716258
-1.5362379032239528
-1.6855865335623124
-1.5856105020542575
-1.6412503657882738
-1.6599911720106393
-1.5820478038240575
-1.605136740749263
-1.5004516855057746
-1.6139049831115049
-1.617633809923478
-1.6099985584477405
-1.5775168325790168
-1.627983357632546
-1.615586561400385
-1.6772722047835102
-1.7185710784804535
-1.661991769039988
-1.6077203810310663
-1.5699538702739495
-1.636327530416671
-1.642522644236456
-1.6813100579508284
-1.6286213721561489
-1.6512046801655471
-1.6812383104606232
-1.6336423303337102
-1.7485316504497528
-1.6266805836973404
-1.6788830479231969
-1.6190789440814293
-1.54142011090029
-1.7258046059503744
-1.5924922312696934
-1.5985076312782638
-1.6529558648158216
-1.688293006313951
-1.5543176652097712
-1.7681996831025137
-1.6080100786705713
-1.7080119097738387
-1.6132607512767037
-1.5690832897948914
-1.6627373041868843
-1.5787343519738841
-1.6233751434014339
-1.6073971578266584
-1.6467899571473452
-1.6669344250326488
-1.5285579927647588
-1.6375756054178026
-1.6323993187826793
-1.7370424566228106
-1.6604744519634613
-1.6062473158096335
-1.5919710716876612
-1.5691014547011959
-1.552934847132509
-1.5537046250495627
-1.6898988251739704
-1.727429409360358
-1.6818933713068227
-1.7157596265926653
-1.5892395031176156
-1.6511379041332572
-1.6952578116316614
-1.6026064336316042
-1.7245099950929
-1.6344513362917785
-1.6111544482936686
-1.626992959152427
-1.683761074588147
-1.6641437816489268
-1.7112825358939867
-1.4545970155696266
-1.64442765991925
-1.7001993802248077
-1.6821143641894138
-1.5891298726879142
-1.6177526354078222
-1.6315956695613296
-1.6366806505694056
-1.5737970722088146
-1.6114540785432308
-1.6015394606220175
-1.6290122358601824
-1.6795744455026094
-1.6641258426588816
-1.6179880982754369
-1.7019114486074092
-1.6258985011645328
-1.6672121837578697
-1.625482670160089
-1.663486884261112
-1.6029301149621042
-1.716458794857467
-1.6830165659903933
-1.582571908016809
-1.5537297056820838
-1.656941798288767
-1.7110149188129702
-1.6330181360038851
-1.7856660565123486
-1.679709282639901
-1.657672692497927
-1.707974452775767
-1.7086933661731611
-1.6747353259290474
-1.653549085186725
-1.691309871938337
-1.5598081700601722
-1.639040170526065
-1.6855855720146455
-1.583481292690134
-1.6351649154802983
-1.7322469969762757
-1.669685253515952
-1.6372141397626796
-1.738969025505364
-1.660002109448201
-1.6945045812028023
-1.572843863394242
-1.636015832493629
-1.6382960555690533
-1.6012971782189003
-1.7112639871785411
-1.6648994619298105
-1.60475354200039
-1.6234214838358199
-1.673395505109338
-1.6710185167215688
-1.6138992738549998
-1.6122978010742117
-1.7033371133656865
-1.7108822381123752
-1.5742690672333841
-1.5675260391460846
-1.657853207101084
-1.644562225100102
-1.6552517786920564
-1.6225506586629581
-1.674742613100836
-1.6735645164147173
-1.6509512576855843
-1.6723074266664024
-1.622506848082085
-1.5593637273847472
-1.607651522421076
-1.641596917220693
-1.6297965293955161
-1.5584648706807864
-1.5861600897037909
-1.688876121419118
-1.593775088331898
-1.6368448765072383
-1.6683561997274798
-1.6727359003331457
-1.6906105329243601
-1.640959012157218
-1.5574541133240432
-1.6003159419869657
-1.6215667018951831
-1.6537478834627084
-1.535153698253212
-1.7349210664380108
-1.6500214348516635
-1.681698624308524
-1.7613932729535544
-1.564622214460325
-1.5710846492945394
-1.5587063470482485
-1.6766456283760258
-1.600898563702968
-1.6427542102915809
-1.6142966155364549
-1.6340882133878687
-1.5620218278939957
-1.6520943137987638
-1.6188676914207933
-1.6159787734133868
-1.6560702831000274
-1.5937277400225025
-1.6212847358062263
-1.6923883926941174
-1.6409372326206546
-1.5904827256290937
-1.6639928324224014
-1.6612966662020596
-1.6555735426140645
-1.695897849852794
-1.7070979369112163
-1.5562057048068025
-1.646041557654186
-1.6330188583927128
-1.564483568540155
-1.648333563495194
-1.67487879646882
-1.6505678271989908
-1.7377451706433078
-1.670082064978577
-1.6306318064737841
-1.6135812645462457
-1.6651968379617135
-1.641095207076684
-1.639793217288871
-1.6214876481544171
-1.6198315998250663
-1.6415186302151834
-1.512184192734181
-1.5874125613596646
-1.6509601061138823
-1.6820875742260437
-1.589145098133915
-1.5268175513350877
-1.5257362526791431
-1.664650504260862
-1.6692886025028866
-1.6699617097040025
-1.6786711696828789
-1.589271069929058
-1.646268670897103
-1.6440443358721293
-1.7254388080193874
-1.6549868079848418
-1.368775579525307
-1.6596748789224018
-1.7312999715532378
-1.6537581785402888
-1.6337296329280118
-1.5607391511711868
-1.7025489492186099
-1.6186201927085122
-1.6082835607341823
-1.6285470180782844
-1.669522682619872
-1.656198141323172
-1.6484521681117406
-1.6441115795184347
-1.6708480562675603
-1.6262280766710113
-1.6135644262599866
-1.6855798897148917
-1.6199279923496457
-1.7186318929236686
-1.6718625603331296
-1.6885038552313143
-1.6583346708253555
-1.677058982907639
-1.532727172914745
-1.6658192676462715
-1.6401616927111269
-1.649831435805686
-1.6485477218106541
-1.6364389852719883
-1.5830163457949713
-1.6618831823205664
-1.6129610054557453
-1.6051193638145056
-1.3630997586812268
-1.6825207105122897
-1.6071900339447613
-1.645881525720424
-1.64187300389309
-1.6599567331075145
-1.6221570923992037
-1.7181221640492126
-1.6371871322175515
-1.6161815417545007
-1.6080678895779335
-1.6933547463552707
-1.639818567102101
-1.6776891402435838
-1.6342368035352834
-1.616984752358138
-1.6065982040730378
-1.6207502132494898
-1.6416448257498573
-1.6562382037015597
-1.4567070205236325
-1.6810542183156358
-1.6742930578536155
-1.6602807764396852
-1.676308706657467
-1.6150304792013848
-1.607854515169022
-1.5984746481924113
-1.66459653635733
-1.5527870267790482
-1.7103558443950866
-1.6542125164296473
-1.7029361886425345
-1.6314479366758088
-1.7351699672403187
-1.6303830065178637
-1.6649745285857342
-1.6141988556702276
-1.649602172937529
-1.6789061649544876
-1.5903124144792782
-1.5877847799603115
-1.6475488734156272
-1.6577120087529327
-1.567609009225213
-1.5836105098966677
-1.6314651824648758
-1.6327313026689518
-1.6586026571811978
-1.5659261170827572
-1.5610632638598623
-1.6609788871065911
-1.6807906117040339
-1.703619039580542
-1.6559374639052953
-1.6658537069005623
-1.6638629956058322
-1.5916880725344436
-1.5987628726766618
-1.6331781900057665
-1.6743180023156576
-1.6615279544480488
-1.6265143898638459
-1.6615200711628406
-1.631114980009934
-1.671719918900992
-1.5361854687378869
-1.6526423045639935
-1.5995928152561336
-1.8403235413525274
-1.6790167726383194
-1.7036524784759564
-1.6589657052219735
-1.6954086878834178
-1.728849644299088
-1.6219388883469241
-1.6182663673033038
-1.5152153921898026
-1.5999103864951718
-1.5788322348830721
-1.6321538187185534
-1.604376013906217
-1.6019850592640579
-1.7263534172818777
-1.7812988525346125
-1.7030000367462395
-1.634252443986753
-1.5817379970789036
-1.763896732303752
-1.6064718377983842
-1.6196887522230436
-1.7274411295610153
-1.5944050443503306
-1.6984693475363168
-1.6419583722604534
-1.7286985302326985
-1.6542661341380969
-1.6681664743994542
-1.706088738961342
-1.6313802514971707
-1.672110026743489
-1.67816316422822
-1.4927942968540415
-1.620223003451431
-1.6851628382746342
-1.6442225232565832
-1.5666737620993791
-1.6422761632310299
-1.687384985934144
-1.6429228947171604
-1.652643570582101
-1.7322917432966911
-1.6295799253056105
-1.5445249666566612
-1.6135805115192356
-1.6771589240898912
-1.6619380202830063
-1.7136181484850992
-1.6979385681293169
-1.6014529680759542
-1.663372116678658
-1.6613304526804842
-1.7067644015486143
-1.5609716634792543
-1.721297356090869
-1.6335056693562524
-1.6536210542723222
-1.4841684641798785
-1.5927163297456002
-1.5618630469458898
-1.7290687219930374
-1.802721916045789
-1.6443332433411164
-1.613202368634581
-1.5069423800664064
-1.6077192297955474
-1.6998038474816561
-1.6497502839477487
-1.7792954829732697
-1.7059697473936617
-1.6581706211111362
-1.6971532026677145
-1.6444078857981752
-1.7681996831025137
-1.6957125040862306
-1.6224569624545302
-1.5370206101718473
-1.7821851563391893
-1.788987362089306
-1.5327181706762414
-1.6227940098653062
-1.6017909038330094
-1.7166520279039672
-1.6879027585446815
-1.5807329077156016
-1.7147245085772584
-1.5980596731894714
-1.6450933054138703
-1.7442475526639527
-1.7392599780324953
-1.6805347518722804
-1.7050123417071164
-1.6707244811286572
-1.5838087957349365
-1.644990729370421
-1.8803005992728776
-1.6179703880926857
-1.7033688096358008
-1.5751887305285286
-1.7377878920799756
-1.6878849915913035
-1.6061546919857441
-1.6592517863752494
-1.8876518194007836
-1.8235541774669732
-1.8539289733814686
-1.5285601178650134
-1.5756669405079757
-1.669620153544956
-1.6310783369917203
-1.71973598678277
-1.7619506766537336
-1.7487333142098318
-1.7140197854017176
-1.7138125710663152
-1.6870945477986525
-1.8019262714673907
-1.7957030590614353
-1.7033140815559353
-0.7564852311423125
-1.4855209546533152
-1.8252033399945986
-1.8539289733814686
-1.8219178213083171
-1.7683203483037613
-1.9160012780738467
-1.8835577573579247
-1.736814556937089
-1.9113443163685937
-1.6807134093331744
-1.7528258263259726
-1.8835577573579247
-1.9015030698047326
-1.9113443163685937
-1.9035268919263169
-1.8361304919238122
-1.822278546720634
-1.8062295781281752
-1.8008425824365943
-1.8513899360382495
-1.7428191629377352
-1.846581233589349
-1.6519695529757294
-1.6887070704381886
-1.6259897963559977
-1.879938680344423
-1.609364806296729
-1.8352176126608226
-1.8628058315809009
-1.4687883978578808
-1.6920424449956029
-1.8097898610674283
-1.8038231327958085
-1.8853796457139727
-1.8325036648718158
-1.7116335915788634
-1.8030983358857027
-1.8803005992728776
-1.699789268272036
-1.8134777801519215
-1.6286449674548265
-1.790362764242591
-1.8726956012580678
-1.5932712156916011
-1.6681469112063025
-1.8740104464157283
-1.5680473290359132
-1.6183278911664505
-1.7947517652787124
-1.624624459837246
-1.8853796457139727
-1.669267405073804
-1.660992448957109
-1.4310896516708502
-1.4144833230254055
-1.649510588133318
-1.6829886934785
-1.5581951893013481
-1.795878924305987
-1.7211846729529725
-1.635868704536497
-1.5539494796031954
-1.5933790069724711
-1.6989644563362496
-1.6333279593596968
-1.6957762919059411
-1.6714712813693233
-1.6003935236258626
-1.676658091923652
-1.6072763579674938
-1.8843005964361952
-1.6427635558668463
-1.6798505838413647
-1.6451618959080567
-1.6081044878656372
-1.591774816031348
-1.6508901415766966
-1.6491271986643534
-1.6706914430338378
-1.5853819677407426
-1.5869003337407386
-1.8140066159986838
-1.6378922851828666
-1.576643698450497
-1.640649001222118
-1.644435172801201
-1.6926078218790535
-1.6362458555141566
-1.5981092272663104
-1.5156441330048953
-1.6090016445182174
-1.6197207297205956
-1.854149183757678
-1.629311627730453
-1.7454756627641166
-1.6039868534837907
-1.6908756127373858
-1.7714829850102574
-1.6489750182543828
-1.6264614887445263
-1.605108375108119
-1.703238724333331
-1.6289846004951254
-1.5834286162883786
-1.6109045900775323
-1.5016416721680121
-1.6917861062241886
-1.6564441841643174
-1.648815598476719
-1.6624933956479007
-1.7571843618463518
-1.717602926093907
-1.8461790616790452
-1.6421816992981837
-1.6477021449046474
-1.8726275634339808
-1.6020275136261348
-1.7625632091789578
-1.6526257096086718
-1.7232958963826372
-1.6357187501613835
-1.7086841117027252
-1.6355089995008585
-1.8807691752596705
-1.6367264162592126
-1.7281457948276164
-1.6209833964771578
-1.5151877977702257
-1.6963822789056273
-1.7122522897013719
-1.7571843618463518
-1.7208880548956784
-1.687307630467935
-1.668432613328798
-1.638034808365912
-1.7213469902679321
-1.6794268996865571
-1.6918806723587907
-1.6238927162196637
-1.6931485039677099
-1.5845396739007767
-1.1685084172891078
-1.5923065331363027
-1.9113443163685937
-1.1218984290879463
-1.8213740171357546
-1.6554195748410534
-1.734664165183233
-1.7009216959459763
-1.9101452843614921
-1.8242745941612148
-1.5812426405019642
-1.5555549373872308
-1.8598283603998127
-1.8331998655347108
-1.8507046041329347
-1.914802246066745
-1.6137790083445571
-1.6047343684966129
-1.5754834628265393
-1.5842091675338976
-1.608720210240625
-1.697206841269458
-1.8448861382786617
-1.8725555348037604
-1.5904056740597121
-1.8766699535302922
-1.6170015270162643
-1.46041561842564
-1.6369440896261807
-1.6890686466820262
-1.870465999606823
-1.8688905515089855
-1.5771076223802019
-1.8769106361380048
-1.876159191058163
-1.9892528998069379
-1.7668422532609735
-1.8734036611523592
-1.61901281471694
-1.5422225185463785
-1.8194650326235187
-2.1379890897656484
-2.017770422680635
-2.0198366309618856
-1.8983490546941901
-1.654395607850326
-1.7042054582200814
-1.7860821081507625
-1.8426411763864385
-1.6620011864142354
-1.6487344944115863
-2.1379890897656484
-1.7269921084164412
-2.2644054788165544
-2.1641934840532864
-1.6312583913376517
-1.5477547605315622
-1.5428472991319635
-1.749373187815095
-1.7396841383228556
-1.7186059585154225
-2.164152793634863
-1.9624850511473344
-2.2644054788165544
-1.8519451194679672
-2.2644054788165544
-1.3805025227403058
-2.056077473264601
-1.7705727797100086
-1.8224540007784304
-1.9579872924007071
-1.4182852123185
-1.841345345567527
-1.6429411701677819
-1.5668958407097389
-1.8453761733900271
-1.8498154529815949
-1.1190441332472996
-1.8519451194679672
-1.9156506597631466
-2.1369553820287783
-2.2644054788165544
-1.4401050697350295
-2.277299784583335
-1.4394847601193799
-2.094192499622058
-1.6855459219269522
-1.9978815479656558
-1.7437904167793155
-1.8280195792486318
-2.2644054788165544
-1.4352254271466354
-1.8280195792486313
-2.2644054788165544
-1.8743494536229377
-2.068210773773105
-1.6325508919654568
-1.5603955046612905
-1.8413453455675275
-1.6426829037788537
-1.9156506597631466
-2.2644054788165544
-2.0567651691760034
-2.0237566679228776
-1.8519451194679675
-1.8453761733900271
-2.277299784583335
-2.0884001585940375
-1.8413453455675275
-1.747815762598334
-2.057660284063788
-1.842435091079777
-1.6651671808065924
-1.6208172075252276
-2.2374301599801543
-2.068210773773105
-1.3805025227403058
-1.6879526136440004
-1.7043003961158456
-1.8692001922320136
-2.2644054788165544
-1.8498154529815949
-1.6811781941548845
-1.8453761733900271
-1.8382611459435212
-1.9080601001867468
-1.6311178778131408
-1.8658687616618803
-1.8860406038455888
-2.2644054788165544
-2.2644054788165544
-1.5668958407097386
-1.826136193129017
-1.6890328148998999
-2.2644054788165544
-1.5861766570136602
-1.6039007714905262
-1.5668958407097389
-1.8251691739353553
-2.277299784583335
-1.6473114076414617
-1.6446579570633162
-2.2644054788165544
-1.6714554465999136
-2.277299784583335
-1.8995540353110423
-1.8584070548028306
-1.6806049322512921
-2.273045969594667
-2.277299784583335
-2.1538868046680704
-2.006478287053218
-1.6924469983708998
-2.277299784583335
-2.277299784583335
-1.6378815078270086
-1.6438062969623268
-1.9269552632420357
-2.317169409186516
-2.277299784583335
-1.8652424697013703
-1.652595038208754
-1.3088446733158885
-2.317169409186516
-2.317169409186516
-2.317169409186516
-2.317169409186516
-2.317169409186516
-1.6248719220871877
-1.6072477724578833
-2.317169409186516
-1.5879831071915198
-1.3994911721457741
-1.7174393307841402
-1.4775998448258194
-1.7123831314505826
-1.3088446733158885
-1.8130070412512023
-1.5036379370140347
-2.317169409186516
-1.9104036731002754
-2.068220611815156
-2.317169409186516
-1.8973846270061676
-1.830546746084211
-1.719342915653922
-2.317169409186516
-2.317169409186516
-2.317169409186516
-1.6727712258550442
-2.2768393013067008
-2.317169409186516
-2.317169409186516
-2.317169409186516
-1.857477180296127
-1.5984914081812174
-1.7156677972713978
-2.317169409186516
-1.45007449073956
-1.883621949963038
-1.574547091943382
-1.8130070412512023
-2.317169409186516
-2.057660284063788
-2.0337050806468335
-1.858330290666145
-1.6368163492501853
-1.883621949963038
-1.849566802860591
-1.6399680155065728
-1.482179077826248
-1.883621949963038
-1.8981381379307722
-2.317169409186516
-1.6252445039114622
-2.285162848687255
-1.8898969107404058
-1.6236272737322641
-2.317169409186516
-2.0518760125150712
-1.5044049807365152
-2.317169409186516
-1.6731127778244779
-1.612377134307817
-1.3439240829819061
-1.6692843181298171
-1.8941952433956024
-2.277299784583335
-2.0518760125150712
-2.2644054788165544
-2.068220611815156
-2.317169409186516
-2.317169409186516
-1.6465538412040301
-2.043129344353994
-1.882255734213431
-2.317169409186516
-1.8130070412512023
-1.6350065839681183
-1.885526408746366
-1.885526408746366
-1.6536315450842145
-1.4626244122942955
-2.285162848687255
-1.8130070412512023
-2.317169409186516
-2.317169409186516
-2.317169409186516
-1.8898969107404058
-1.8658687616618803
-2.277299784583335
-2.317169409186516
-1.45007449073956
-2.317169409186516
-2.317169409186516
-2.060398836990413
-1.882255734213431
-1.853546708458536
-2.317169409186516
-2.317169409186516
-2.317169409186516
-1.9110217714783713
-2.253156288187993
-2.317169409186516
-2.317169409186516
-1.519853298541662
-1.6708308006072068
-1.8305467460842113
-1.837331306619508
-1.4473420592403459
-2.317169409186516
-2.317169409186516
-2.317169409186516
-2.317169409186516
-2.317169409186516
-1.8973846270061676
-2.317169409186516
-1.882255734213431
-1.8898969107404058
-1.8192718144437963
-1.60786241535647
-2.317169409186516
-2.317169409186516
-2.317169409186516
-2.317169409186516
-1.6618658082597437
-1.854491228192512
-2.068220611815156
-1.9104036731002754
