-1.7152500994237965
-1.618408567571432
-1.6730661796867028
-1.6724376724143595
-1.6174382653454813
-1.691203015179924
-1.6615330180007601
-1.625730142112399
-1.7178342308936212
-1.670638874498214
-1.5882955705740844
-1.6748563875291207
-1.6746807492962925
-1.6786070588718383
-1.6504245177125554
-1.4406155697612792
-1.6026938381315183
-1.6373916122607026
-1.644723312063013
-1.7462570491902187
-1.6015727402377133
-1.5721380297051823
-1.6529259373112684
-1.670441308575321
-1.6652517786815568
-1.6472297307340311
-1.63620097830552
-1.6360633814787262
-1.5989275005299983
-1.6452984819393888
-1.6763938782871357
-1.6546959474747973
-1.6564279196472955
-1.5944239118765073
-1.6616438918265861
-1.612709193608046
-1.6291687017686163
-1.583689968077076
-1.6769012005136703
-1.7088989418836629
-1.6952006237117323
-1.597845332251838
-1.4854245403114164
-1.542925931833885
-1.6573926023067758
-1.661908010712103
-1.580258312062866
-1.706905653201693
-1.6760156267059418
-1.6120845495343135
-1.7141033662855334
-1.6434430977079513
-1.6657825395873147
-1.6197724496739545
-1.658976101765254
-1.7274086211976127
-1.6670128601941872
-1.6984362707504248
-1.631274729702485
-1.5988290364309832
-1.5934704948452845
-1.6910733756207565
-1.6132359359892448
-1.7121879012601449
-1.5678345258633264
-1.6970305740620588
-1.5446185013752556
-1.5920824297023177
-1.6669862590523765
-1.614106176748447
-1.591217300924874
-1.637301751585195
-1.606712107523357
-1.6638686593114926
-1.5978640221499438
-1.6912074062025935
-1.6584380852663203
-1.5793779380554829
-1.633936858292012
-1.6956233664774445
-1.6269421545495193
-1.6508588335971315
-1.650450373872117
-1.5968020959652185
-1.688267853103787
-1.679038016332424
-1.581082759426118
-1.692031601444618
-1.6503830902119603
-1.7163832602240663
-1.612972139262877
-1.5794977400138868
-1.6133352358159287
-1.5954734226415694
-1.6495691179992618
-1.6853691832615256
-1.5535817613145797
-1.6008867881088873
-1.6388681551302613
-1.749768930750589
-1.6501601246834225
-1.659274795008521
-1.6196573816326316
-1.584348108504142
-1.6142305425296801
-1.5917409772050604
-1.6078825484722965
-1.595308657790457
-1.7187841198162452
-1.6631496185858443
-1.4107978080744772
-1.6862112338106012
-1.6726412050352035
-1.7225244180292631
-1.5860986328016458
-1.7137401543087325
-1.6474433418394476
-1.5947164886078478
-1.7017863635358859
-1.5409447305703838
-1.617743786913797
-1.6317614382054877
-1.8629198525427342
-1.6371902183934564
-1.5934271118918508
-1.673141411827083
-1.6888812330147545
-1.6289622251503906
-1.625962638190436
-1.6054220138766837
-1.6650026087405452
-1.601482834855275
-1.6295089996363905
-1.6384322324699634
-1.6983948833317581
-1.6813244428676999
-1.6707741825847309
-1.6344566228004263
-1.599855275206151
-1.5970931303267333
-1.6102777473130134
-1.6646221162222363
-1.6163712426420254
-1.6489356510952748
-1.6389322804657895
-1.6404859012822832
-1.6003229509736376
-1.6205863874044448
-1.6492125470729493
-1.6356517464461058
-1.6267034318688736
-1.6671850926989846
-1.7262069425528024
-1.6487402096397115
-1.6040539471943973
-1.5790396402711624
-1.646440721943188
-1.6512361659327703
-1.6130010329585107
-1.621550777133542
-1.8069360499784792
-1.6129869961322614
-1.5988699071995083
-1.615238980462046
-1.585635950464599
-1.6368724142175033
-1.5939421980481294
-1.6281303766452104
-1.6075484184599538
-1.573750722566051
-1.6464036508154656
-1.6894351005217778
-1.657662824235388
-1.6000091530296945
-1.6602465036245613
-1.6392842546233717
-1.638539075502593
-1.666502185868095
-1.6296426151514074
-1.559278572351419
-1.4788868476593462
-1.5580205568277647
-1.7083576832756933
-1.6172937656589066
-1.6189313441404982
-1.6623439262466992
-1.6374899447489872
-1.5733599698003298
-1.5979029168065144
-1.551842965608236
-1.6337227003368746
-1.6985455680074615
-1.6655444046485481
-1.7106306732754797
-1.6019649974273567
-1.6587939418094555
-1.6468419086064612
-1.3718855545282738
-1.632941757198499
-1.678053249799433
-1.6110621481575453
-1.6536746532426596
-1.5470113024886154
-1.611314539010342
-1.6560733451899186
-1.605047095752849
-1.7595029027890166
-1.6692272645713229
-1.7040969268783173
-1.6609377711206108
-1.7174561747706694
-1.643198503269973
-1.7093657665269786
-1.6353785304880348
-1.6496181174608575
-1.613118840854153
-1.58131434794824
-1.6595194836844254
-1.620094646951307
-1.677215321748675
-1.6418747663413262
-1.5646826335813968
-1.6526090395249073
-1.604227687866264
-1.6736308699445588
-1.6459340780659395
-1.6950395514880787
-1.6036367061968688
-1.6668129240919805
-1.6592631691609911
-1.670155697554587
-1.5901242715548554
-1.7000306794236473
-1.6612513698740328
-1.6992556607049552
-1.63902651155946
-1.550663239821174
-1.667414974863562
-1.6619580708720136
-1.6866758257566554
-1.6527004711073576
-1.5978417693932965
-1.6181033313608604
-1.6274674883503495
-1.6371014862977527
-1.5758466856821862
-1.666992694721249
-1.6341193671298513
-1.6047066943178288
-1.6956168864875985
-1.6280595691889184
-1.7257431025137544
-1.6296685145014391
-1.6509352913892332
-1.572946046397943
-1.6283585906946956
-1.651121116314708
-1.6411592373192951
-1.6880322767955633
-1.5944330697588727
-1.6083186094964703
-1.6050104471871907
-1.6745560792186212
-1.6323076376469579
-1.6426405357955594
-1.6703884310657326
-1.5327832994850143
-1.7040464424450286
-1.667501161020659
-1.6940267952523367
-1.7047278723184058
-1.7181596009510094
-1.6323762080148843
-1.624435230400498
-1.587176199165578
-1.572531426532813
-1.683999911524594
-1.688256224942528
-1.674928908271416
-1.5691612983781469
-1.6862214710013825
-1.663768800613133
-1.642421822212615
-1.66211687465871
-1.7105588149291715
-1.586707985896271
-1.6545166242551101
-1.643540016113887
-1.6519987595427867
-1.6550932737872102
-1.6717571578009607
-1.6045817422037492
-1.6126219381393259
-1.593288480601184
-1.6322393087348772
-1.5784450936831609
-1.6569273203614554
-1.5955174956100482
-1.674529761810707
-1.6213028171847463
-1.7190612646497359
-1.6510196730966353
-1.6332836368843928
-1.6449875564734884
-1.708475753849866
-1.538543459152475
-1.6847133659419942
-1.633907898675169
-1.7510357647139132
-1.7474468856593202
-1.5869890386066525
-1.5466951429205278
-1.6797458419987636
-1.6509328962311633
-1.5495355791005678
-1.7452963411186895
-1.7271969215281202
-1.6691447241755433
-1.5384247178706396
-1.6279512682379518
-1.5958627740902174
-1.5060152872542856
-1.6341998023713806
-1.7255134804074028
-1.6742034002470263
-1.5955006163299013
-1.6320531196527508
-1.6789771340539354
-1.6484128990715687
-1.6409848463449188
-1.6475452995308293
-1.640533212347748
-1.5949718718300872
-1.6625233465627591
-1.667246956786666
-1.6068743918950947
-1.6586109146684893
-1.6052053435214113
-1.6581650550521883
-1.5996456566797135
-1.651464980124252
-1.7350161489656264
-1.5965524835324525
-1.5784004304076957
-1.5854880894604977
-1.6606915153176067
-1.6688082682354526
-1.6358119204330215
-1.6990633660254397
-1.7137250004128046
-1.6217830077621607
-1.7153030437122532
-1.6943310136912801
-1.668125641240954
-1.666946911362375
-1.6325128172371342
-1.643168845266582
-1.3733819464852817
-1.630774807193097
-1.6329566480058257
-1.619534395263906
-1.6005860155888132
-1.667075285203042
-1.6244940306866522
-1.5825580356924682
-1.6093334170528042
-1.5262769574269908
-1.589169022150495
-1.621144055664498
-1.6448592668596214
-1.619188594484068
-1.5378358572374717
-1.6436017021598757
-1.6195548590478224
-1.6572073222141426
-1.5666568584214522
-1.6504106708021893
-1.6612909067539559
-1.613814359154328
-1.6715059431571058
-1.6526386835194005
-1.6271429352481181
-1.6045115743305818
-1.635147357907027
-1.6232250365111627
-1.6996196246923534
-1.5836968366030129
-1.6886409041135184
-1.6246173071620658
-1.4779162872945752
-1.595408352573545
-1.6232417033055964
-1.7123913330459235
-1.656712951119503
-1.6785069728646111
-1.6518955779342486
-1.6037600728083572
-1.666167896515623
-1.5447808497813327
-1.6478381171049137
-1.6550433856954965
-1.5608464571210514
-1.6165737921868415
-1.6650121356608345
-1.7792618257942925
-1.6429740191342543
-1.6456427741451978
-1.6936485370369914
-1.6041345867705492
-1.6774470414685116
-1.6465715825249432
-1.6604108011775558
-1.6590733025170552
-1.6239057127495478
-1.5210922352854164
-1.6409340239274866
-1.6427839699724107
-1.625562094271939
-1.662420645753054
-1.6290251630369095
-1.6460872929467925
-1.5619965902430888
-1.5754956328629182
-1.5897354824455603
-1.7129253038011483
-1.6395098117981708
-1.600856171707195
-1.619881678266183
-1.6728500961944428
-1.699421650096662
-1.6319318369699793
-1.6616974509799518
-1.6992440429585594
-1.5443520626862237
-1.6990225005563993
-1.6964227264750689
-1.6075678873933248
-1.6170748140196647
-1.5749009469681334
-1.667082032399512
-1.5987168036478474
-1.6645080997903874
-1.5770818648047973
-1.517768631800698
-1.6393481638336251
-1.6737648897563442
-1.6785245151016224
-1.7098204938033403
-1.7105489086534056
-1.5224191489623338
-1.6426842994129551
-1.6842797713626905
-1.6899586452644417
-1.522596284907159
-1.6121019264662888
-1.6576973414384673
-1.599181103476417
-1.6580115911561732
-1.508982244899603
-1.7520491247537835
-1.6195458401651233
-1.4957959128500213
-1.6590211111163298
-1.650844699924179
-1.624324601952807
-1.639942521625791
-1.688471928723071
-1.5068980191158872
-1.5587717493198614
-1.5931959717412
-1.7231208109978102
-1.7350591458798967
-1.6854218487664947
-1.6205968087445077
-1.6086298009137
-1.640375396662027
-1.7492817234944262
-1.581529564725641
-1.674277302891266
-1.5930120255516278
-1.621000742125716
-1.7188933380999494
-1.6384023026097907
-1.6331578748278754
-1.6120679751258464
-1.678169070361034
-1.6789157089757072
-1.5796900366058912
-1.6021843295622666
-1.7564355524084339
-1.6429260634932423
-1.649102671614801
-1.6076050669017068
-1.605742853956697
-1.663344917536069
-1.634280662809226
-1.6960617697242597
-1.6657865181178708
-1.6043834117829965
-1.6363198274427648
-1.55312106434994
-1.5572005772043274
-1.8629198525427342
-1.6883281845206333
-1.6244529566251682
-1.5545357064410847
-1.7541998109669465
-1.7362517070097954
-1.676040520172194
-1.6093814403842026
-1.6373651655313215
-1.7693755760034242
-1.7045335924964646
-1.6075644391740105
-1.6724238424531
-1.638981755995372
-1.5528882804773114
-1.7114167169511731
-1.6625194884621783
-1.8424240869582245
-1.6997704837747536
-1.7671120843627701
-1.6431471563030227
-1.7790801144639197
-1.7953625934370674
-1.6628949897801013
-1.7436602448116938
-1.7802158231866885
-1.6185231350691387
-1.7752791861283077
-1.8096204615460298
-1.496008155838143
-1.6382759041020758
-1.4992085968231528
-1.7813451681587438
-1.6433849420191995
-1.7802855511425568
-1.6482830824276566
-1.5978287148247754
-1.774041944085988
-1.9624057626771179
-1.7901816968639825
-1.628227908420552
-1.6568532076844333
-1.801561598542038
-1.6999666216909144
-1.7548888868481234
-1.7962533097210638
-1.8949029148094205
-1.6278935588126726
-1.6017507886374807
-1.6100170899571533
-1.7880578801178382
-1.7003861591614524
-1.6592379189489357
-1.6858450753307166
-1.7959053889056646
-1.5887869354693325
-1.8949029148094205
-1.775900487189327
-1.6559517258337997
-1.729417899664195
-1.8041254044482367
-1.6398933905386803
-1.744421727324228
-1.914343355543552
-1.7196021324714734
-1.5998711754337929
-1.7848332272027183
-1.661372687151532
-1.6798199745640066
-1.5927399632363073
-1.6820614875518656
-1.648969363022099
-1.9520753444939645
-1.5968740248455806
-1.49143602333892
-2.011446470269277
-1.8347611349985928
-1.80031225951419
-1.6180357273367714
-1.6190168882197302
-2.0077403582589257
-1.8774439245223848
-1.773997955066327
-1.7707228290512382
-1.926801903900246
-1.576990154702336
-1.926801903900246
-1.6709140190239182
-1.7045458498590573
-1.8097586023175831
-1.8202981243429
-1.8964103307290034
-1.6521342113621318
-1.7963488801278655
-1.794151783453758
-2.005039337742372
-1.907983106789401
-1.719640952816162
-1.6480856667168935
-1.5901179564526142
-1.6636795683722043
-1.831397344147767
-1.7550846968560772
-1.7612076573789945
-1.8514372368279695
-1.8882000150109812
-1.8614033774054028
-2.011446470269277
-1.7459506625602161
-1.5982026580538347
-1.5544141784114696
-1.6825657195084647
-1.7990202660912342
-1.6774370443605344
-1.8551556468646115
-1.9520753444939645
-1.6698741521206426
-1.632555986179245
-1.8067629167540182
-1.6525625765190535
-2.2443227525266227
-1.6506227248109548
-2.2443227525266227
-1.6311088876759847
-2.2443227525266227
-1.6727119224666656
-1.3973336988755591
-1.7332933770935062
-2.011446470269277
-1.5798285843154773
-1.5986506293372904
-1.7656487672738044
-1.669174093799334
-1.410382022881806
-1.6826625651879468
-2.1303166645889124
-1.8530342938821163
-2.2383791798699075
-1.6350422355594105
-1.4041791333406175
-1.9020382855381424
-1.8389193092856546
-1.6864236918231077
-2.2383791798699075
-1.7661714706741725
-1.781835468972859
-1.4152565188272281
-2.230609653434936
-1.7835341446944155
-1.4489315897085822
-2.230609653434936
-1.8389193092856546
-1.4033172750082958
-2.2526243970142827
-2.025547856199602
-1.8520441974554074
-2.2443227525266227
-2.0137628894877566
-1.665267739181655
-2.008169800528968
-1.8931418811457539
-1.7636230206922856
-2.0607699379791296
-1.8412503276260688
-1.5138059293165085
-1.8613775551181018
-2.0093575395085503
-1.669848595147343
-1.7785701880119322
-2.2443227525266227
-1.9810722529857603
-2.0075323996410344
-1.9982154621777264
-1.6020977791261353
-1.6573518651353287
-1.7622070856390033
-1.9907311611038636
-2.1145569401631734
-1.8093103982848362
-2.2443227525266227
-2.253108315115605
-2.0162975294467107
-2.0055661729212613
-2.1145569401631734
-2.010430067994818
-1.7964585686329049
-1.8545823352201602
-1.9541318392181979
-2.1938951831679
-2.0100279155829837
-2.008169800528968
-2.010136569772805
-2.127280027435698
-1.8268178493485678
-1.645707207620777
-2.237861107922751
-1.4032550003659392
-2.006352696633429
-2.350250739023437
-1.690945202702345
-1.864225314458894
-1.944050153436115
-2.2443227525266227
-2.0162975294467107
-1.8296159590386174
-1.8979156129931403
-1.743992966741524
-1.6575047307535613
-2.1303166645889124
-1.6915787344423407
-2.2443227525266227
-1.8491102503977677
-1.8776858829607719
-1.8612357245479063
-2.003264919082813
-1.685435287687101
-1.842073986327454
-1.6526763897348602
-1.8991581617367241
-2.350250739023437
-1.7632312859423316
-1.8381221669393006
-1.672993766002387
-1.9355439455354317
-2.127280027435698
-2.006352696633429
-2.2383791798699075
-2.013766350079802
-2.065873444790247
-2.2443227525266227
-1.692471538498629
-2.350250739023437
-1.8052808364326043
-2.1266571321869465
-2.1072380267411654
-1.944050153436115
-2.1266571321869465
-2.037097734644165
-1.86282536608061
-1.732194180442486
-1.8733872992769705
-1.9870835888264047
-2.180193654398121
-2.1383947660298084
-2.0644104635176843
-1.6385751699245021
-2.134724832924247
-2.350250739023437
-1.8494225618813118
-2.350250739023437
-1.9355439455354317
-1.9995297679967552
-2.0573921034153217
-1.3909056999841038
-1.6292962910094149
-2.250266325183338
-1.787779041629574
-1.7591825852789593
-2.107126597230528
-2.037097734644165
-2.250266325183338
-2.250266325183338
-2.173571029423467
-2.350250739023437
-1.44322197629399
-2.350250739023437
-1.9550022787865495
-2.350250739023437
-2.350250739023437
-1.6014268535818283
-1.537849567848793
-1.9584824770208702
-1.9355439455354317
-2.059316689881836
-1.3485943847391868
-2.350250739023437
-2.006771790909995
-1.944050153436115
-2.1383947660298084
-1.8270555619106923
-2.1383947660298084
-2.250266325183338
-2.1347248329242468
-1.9550022787865495
-1.9550022787865495
-1.7785701880119322
-1.8914748783559403
-1.7434945753844975
-2.067643042926653
-2.0644104635176843
-2.350250739023437
-1.7434945753844975
-2.2383791798699075
-2.1383947660298084
-1.5548595762053965
-2.0644104635176843
-2.237861107922751
-2.1072380267411654
-2.0644104635176843
-1.9020382855381424
-1.9440501534361152
-2.350250739023437
-1.492399628571801
-1.5342343640744227
-2.350250739023437
-1.9550022787865495
-2.107126597230528
-2.173571029423467
-2.1383947660298084
-2.350250739023437
-1.9440501534361152
-1.9995297679967552
-2.2443227525266227
-1.9440501534361152
-2.180193654398121
-2.0644104635176843
-1.7591825852789593
-2.0644104635176843
-1.9325131959796575
-1.845884528571117
-2.059316689881836
-2.350250739023437
-1.8249849307063417
-1.9525551576144167
-2.059316689881836
-2.065873444790247
-1.5864455491339706
-2.179649597813711
-2.059316689881836
-2.350250739023437
-1.864225314458894
-2.173571029423467
-1.8618928722349777
-2.250266325183338
-1.9355439455354317
-2.350250739023437
-2.193674236833801
-2.065873444790247
-1.9968913198234972
-2.1383947660298084
-1.9907311611038636
-2.350250739023437
-1.5208371520474264
-2.350250739023437
-2.2443227525266227
-2.016180875001488
-1.935543945535431
-1.6387330310359152
-2.1318459282462694
-2.2443227525266227
-1.9599454582934328
-2.1562819465062724
-2.2443227525266227
-1.6155102169086275
-1.9968913198234972
-2.350250739023437
-2.2383791798699075
-2.1383947660298084
-1.9358728047348555
-1.6616367182652905
-2.140710243585394
-1.9525551576144167
-2.2383791798699075
-2.1383947660298084
-2.2443227525266227
-2.1674924610332233
-2.2443227525266227
-2.350250739023437
-2.010136569772805
-1.9550022787865495
-2.2443227525266227
-2.350250739023437
-2.350250739023437
-1.9020382855381424
-2.250266325183338
-1.640009639037613
-2.350250739023437
-2.1327357005771903
-2.1674924610332233
-2.2443227525266227
-1.773448589904367
-1.9550022787865495
-2.2443227525266227
-2.350250739023437
-2.253108315115605
-2.051197686777763
-1.9968913198234972
-1.6223301821169234
-2.350250739023437
-2.2355371899376406
-1.9206016758459035
-2.059316689881836
-1.67000557892629
-2.350250739023437
-1.6983053398395058
-2.2443227525266227
-2.1383947660298084
-2.350250739023437
-2.059316689881836
-2.253108315115605
-2.1383947660298084
-2.2614548381784383
-2.350250739023437
-1.737596606861545
-1.7640859103942734
-1.7824364446966992
-2.350250739023437
-2.350250739023437
-2.350250739023437
-2.350250739023437
-2.350250739023437
-2.350250739023437
-2.350250739023437
-2.173571029423467
-2.350250739023437
-2.350250739023437
-2.350250739023437
-1.691254128964591
-1.6103187896918834
-1.6304433328607384
-2.2443227525266227
-2.350250739023437
-1.6722720826092567
-1.499140572296287
-2.350250739023437
-2.1846999536210285
-2.350250739023437
-2.350250739023437
-2.350250739023437
-2.350250739023437
-1.5570846575872088
-1.8709568292939052
-2.253108315115605
-1.6771824961119455
-2.1091929055796275
-1.6206664656284315
-2.350250739023437
-2.253108315115605
-1.5983660777928332
-1.6551025995474185
-2.350250739023437
-1.8833125617685011
-2.350250739023437
-2.180193654398121
-2.350250739023437
-2.350250739023437
-2.2087869430168907
-2.350250739023437
-2.350250739023437
-2.350250739023437
-2.2443227525266227
-1.8490742922897352
-1.6129505339372774
-2.350250739023437
-2.037097734644165
-2.2443227525266227
-1.8980487493887854
-1.9550022787865495
-1.6418010411514772
-2.350250739023437
-2.1846999536210285
-2.350250739023437
-1.5882045562082632
-2.003264919082813
-2.2355371899376406
-2.350250739023437
-1.6061194623963013
-2.350250739023437
-1.864225314458894
-2.350250739023437
-2.350250739023437
-1.6491730240959082
-2.2443227525266227
-2.2443227525266227
-2.350250739023437
-2.350250739023437
-2.2443227525266227
-2.350250739023437
-2.350250739023437
-1.723687972541803
-2.350250739023437
-2.250266325183338
-2.350250739023437
-1.667346168714458
-2.2443227525266227
-2.065873444790247
-1.6413287170659965
-2.350250739023437
-2.2443227525266227
-2.127280027435698
-2.350250739023437
-1.6524960091546175
-2.2355371899376406
-2.350250739023437
-1.5753087398091603
-2.350250739023437
-2.350250739023437
-2.253108315115605
