-1.7152500994237965
-1.7233287530628376
-1.5975137243465944
-1.6271837198598902
-1.632532608200902
-1.5748917594163938
-1.6739440728144108
-1.542054764103552
-1.6120236582808993
-1.6683922035238696
-1.6549955053086431
-1.6064578296842948
-1.6800076294983415
-1.6814765684577466
-1.6860482323457693
-1.6086800968273087
-1.6743828878172071
-1.7139493032156412
-1.6059283770734054
-1.6977765376122513
-1.678187962340863
-1.6975281509760722
-1.6266165478959205
-1.7246742188326
-1.672625898363234
-1.6052409284498566
-1.675026291931121
-1.6682405102287432
-1.579199824180547
-1.6393470975219224
-1.6897939894031624
-1.5335277154633067
-1.6308266354109389
-1.6875194016851076
-1.64606261421091
-1.6384884551784928
-1.6598521795170846
-1.6582008883891597
-1.6493943244386906
-1.6285017950556873
-1.6293033866830422
-1.6093196183450516
-1.6374879948572785
-1.666618854602456
-1.636022044191841
-1.6477169444756152
-1.7191626714833945
-1.627983960972998
-1.6767262259378033
-1.6823736102653637
-1.6385181200028647
-1.6758493201188722
-1.6795276063062394
-1.6059242461050978
-1.6480641253022414
-1.6727090238615667
-1.6852795602433948
-1.554147268582489
-1.6242603607524522
-1.6329832118075316
-1.4961743813429538
-1.603399163020358
-1.577356937574489
-1.6808894039624114
-1.6970917237588687
-1.6611545276047335
-1.6343820535560791
-1.6404851671891933
-1.6621308587299108
-1.582786035209297
-1.5825877070038668
-1.703557980300867
-1.6686545848678367
-1.5914181988034553
-1.6074454346530527
-1.5891733018284253
-1.6023346452392797
-1.6370450311996405
-1.6466489583774597
-1.7058557050322096
-1.6311050200161548
-1.6434029153178893
-1.4989774646951661
-1.6078050618204223
-1.663491228118936
-1.6915759071356449
-1.6230488958223297
-1.6532292774227577
-1.6211851514293845
-1.7007006495638377
-1.7101728705804131
-1.534156240735312
-1.5998053447169664
-1.617968951754239
-1.5795922707263037
-1.6749631494599708
-1.6382385432615438
-1.6433477894142803
-1.609088188161128
-1.562951525178223
-1.6637300756412052
-1.6071891116166934
-1.6362138101873747
-1.675308491008254
-1.5791883698211497
-1.6308912890514546
-1.6423493327147265
-1.7167779714308282
-1.7082038183170836
-1.6445191896603688
-1.631219046864133
-1.5128779284181357
-1.629135977347298
-1.6756491592426102
-1.6405309940540775
-1.6914604800523838
-1.6577860130655337
-1.6151881417527338
-1.642096126736298
-1.6957862081811357
-1.697162146050609
-1.6697537906813245
-1.733591235586823
-1.6642692616332897
-1.6364973675406975
-1.617615333334097
-1.6845051654008727
-1.6574463564851705
-1.6259619919918444
-1.5770643653367171
-1.6822751790723687
-1.6856929817121
-1.699984186474163
-1.6940467391985712
-1.6713949380937754
-1.6038933760256466
-1.7085453843224288
-1.6451405682690932
-1.6107417754873015
-1.6475559130435757
-1.5838240091876221
-1.6224242408234888
-1.6169939694157431
-1.6355089546246198
-1.6219526794105095
-1.637608153414155
-1.6355747781404488
-1.6452713427906103
-1.6964251248423856
-1.6563889594423105
-1.6907322180774618
-1.6431203982475917
-1.6375117909033954
-1.6884998385972867
-1.6414318471980713
-1.6539075401213623
-1.6395017508114877
-1.5947011255488899
-1.706143229554113
-1.682508446860766
-1.6904971469208767
-1.6150966726866927
-1.684864844115306
-1.5635108456639362
-1.6440403965114536
-1.6549467373568534
-1.6904642869507611
-1.5928128230115195
-1.633597139782608
-1.6386807435481676
-1.6082045444968351
-1.6315962097123122
-1.5971538900415652
-1.643198503269973
-1.4581599025045622
-1.6711870866683487
-1.5770255694893447
-1.670096047014616
-1.619143068419852
-1.6097508717259132
-1.611176182843608
-1.6579654237962427
-1.6413775134153703
-1.6303860581558773
-1.71682192421339
-1.6106585481550206
-1.6197967117810979
-1.642540926464193
-1.6841186955128788
-1.6770471230604855
-1.6757311162824933
-1.6706406802724898
-1.6857275191669283
-1.6592236882725313
-1.6781430662986359
-1.6772585085752472
-1.7094986503780087
-1.6867407010785909
-1.694486752125913
-1.5743194704536803
-1.6631257254381884
-1.6606110575198538
-1.7358336034783775
-1.6758087630004412
-1.6767605908996062
-1.5940922958511028
-1.6910988439598695
-1.609139230240882
-1.6591475475170017
-1.6662819564984406
-1.64163386059023
-1.5879603944003753
-1.6578050241360731
-1.634077840441739
-1.6878194836608045
-1.694500114652686
-1.6331623380943883
-1.6389981494885377
-1.6773688094869976
-1.6174684462408195
-1.6173366077598232
-1.7470020386242886
-1.6081260483330035
-1.6018333700458123
-1.6304345884612088
-1.5948607776269472
-1.670087440532949
-1.637134610620068
-1.6774650936303017
-1.70677993998412
-1.60497249348831
-1.5644384521786538
-1.6858206458951508
-1.6785162584276228
-1.6488187467151139
-1.6755306596795871
-1.698818544572816
-1.6073184550151103
-1.7058862176330438
-1.6476907534346459
-1.6781335144950094
-1.6582599298828034
-1.6239765706698708
-1.6658122761380412
-1.602322064984083
-1.7776965882731006
-1.703514755503943
-1.6750808687793834
-1.558588437724745
-1.698874601545379
-1.610509070375579
-1.6624112661086872
-1.6276259815291634
-1.6823251459200397
-1.6431570039057226
-1.6673140036178404
-1.6865756923455912
-1.6917645033532493
-1.606548650753919
-1.7763399707704903
-1.619647218088199
-1.6766759506908289
-1.6316517329502433
-1.5996590505909003
-1.5704743829308871
-1.6191467178685188
-1.6837415356777523
-1.6981649570208455
-1.6397446358819574
-1.5780175293262302
-1.7122562316321683
-1.6862417194192474
-1.457230919769854
-1.614120800525238
-1.5626095540616058
-1.635732058712738
-1.6575794657193452
-1.6445563394245513
-1.6418400889156042
-1.4819962176867503
-1.640013892093989
-1.7053130783687904
-1.618067339780996
-1.6455401869477972
-1.6767817661759727
-1.6178331542754174
-1.669807928056063
-1.7668634300313883
-1.5054874971072079
-1.7492399048535963
-1.6618153968703617
-1.6919488565327456
-1.6051593581271781
-1.6811552255882478
-1.542049389413038
-1.6396172182500883
-1.6735751914677501
-1.6990475800470943
-1.607115947236492
-1.7685453544320375
-1.5944787766005357
-1.601084173887157
-1.5674892336820154
-1.6302828406363945
-1.6871894544718127
-1.7665498699175401
-1.5973214471964186
-1.6055269843250601
-1.7041774698218595
-1.6847063996659606
-1.7491426987744574
-1.6481437716608618
-1.6215687928962064
-1.6531411160508926
-1.6139387401522558
-1.6551612074357531
-1.601745619683253
-1.6710314684622294
-1.638347409872898
-1.6371179798125115
-1.6744785320936943
-1.6107221678059975
-1.6414020979345445
-1.6707873592747169
-1.4751193595047036
-1.6555594502283688
-1.6356221794191164
-1.6496816521254525
-1.6012511317335298
-1.6035187099456514
-1.6179049772698935
-1.6638074720030247
-1.6411510309985369
-1.6159430060818258
-1.6473445550281596
-1.64576758739738
-1.6077447470557158
-1.6745398195330579
-1.6850443621503
-1.617991395545377
-1.6913948148419897
-1.6694788925898834
-1.6761241109543807
-1.646213482992471
-1.6049471989577166
-1.6918893502241334
-1.6765811790156488
-1.5840982097180312
-1.6885197302977473
-1.6221369292033678
-1.6514976315845482
-1.5229634844489575
-1.5305478485517983
-1.5422913965127123
-1.7179775229702285
-1.6197935593192279
-1.5617843367163997
-1.6164992983836692
-1.593436111566738
-1.6152188360751822
-1.6319643164557933
-1.6280476217029112
-1.752554397370538
-1.6626992484988379
-1.6932004974097772
-1.618012150228047
-1.62242617285541
-1.660412692796616
-1.7149532432760142
-1.6984702085113519
-1.6760029264025638
-1.6221859166509394
-1.7414072945624066
-1.6435881597854747
-1.6794225782503485
-1.6844148122013538
-1.6315497489367314
-1.7564194562977058
-1.5781284049944402
-1.5276595125651573
-1.654603339433098
-1.6266651924526814
-1.630075754901378
-1.5687656396890577
-1.57951037000992
-1.6288578266740878
-1.5599461866856286
-1.7242727869309087
-1.6123941421685422
-1.6072828733594136
-1.6083157076885006
-1.7477470873593963
-1.6380184665387407
-1.6859304233082872
-1.6770501244158873
-1.6678426100246322
-1.596080743445492
-1.6351146019665652
-1.5394907829673898
-1.7270983561152145
-1.7172067430678262
-1.59669490360301
-1.6858221348680724
-1.6254824461306383
-1.6394220017738113
-1.6461342726873338
-1.647055853292172
-1.6785739724280193
-1.7079911167841253
-1.6371775578487022
-1.5508101291000256
-1.7057203838624688
-1.6666622127763027
-1.6368310513705546
-1.6370696690140332
-1.692651788153036
-1.7016269509244393
-1.6136321174384003
-1.5663941736021116
-1.6391019530246307
-1.5193024976793668
-1.7040110325796622
-1.736800282479982
-1.700466460077661
-1.6254953934703837
-1.582911682513376
-1.6606230559400341
-1.7445312170961074
-1.5995878603401006
-1.6368704221733972
-1.6988433781691445
-1.7142646878195755
-1.6840034990407065
-1.6489407966999914
-1.6567302602764666
-1.6744680451799039
-1.525912881142415
-1.7062671456495329
-1.641541451604132
-1.6185399618556626
-1.6455560710434023
-1.638722822675598
-1.6889794827679374
-1.532288516407788
-1.6045045530760764
-1.533169414031519
-1.6762949241257576
-1.674845746919831
-1.6302066244639188
-1.6408165798097591
-1.5961992214928382
-1.6940362252661667
-1.641808701308212
-1.7076244013707762
-1.5952974480671123
-1.6751425424493043
-1.6455652705339716
-1.6234658506083564
-1.636723474102139
-1.6887818676103847
-1.5723587435486588
-1.6234691229302765
-1.626540448570926
-1.587175152500839
-1.6802244177682577
-1.5542075006943232
-1.5142615655593206
-1.5970706322208128
-1.7077968174109328
-1.5684008305707189
-1.5345858991344208
-1.6700666031231304
-1.6239852264246435
-1.6902976016263476
-1.6281439152600181
-1.6334558726509465
-1.6130166036150122
-1.6178618415466113
-1.629453796874659
-1.6343265717774291
-1.5569231584729546
-1.6433921909234335
-1.391548151828231
-1.6308850779461213
-1.583891384244584
-1.7071157309198364
-1.6296461371374076
-1.603235643472657
-1.7533869370651651
-1.5861237575270448
-1.644739363637765
-1.6951183326324228
-1.6924366626636045
-1.5312057882233672
-1.6107999744654276
-1.692934065734252
-1.6898873609000702
-1.6922527573504462
-1.591858760740886
-1.6625712089093518
-1.6656653718710979
-1.6492285199300218
-1.560652540245972
-1.7279747240791246
-1.6354459991764376
-1.7122695383103423
-1.683756518098544
-1.666180800955596
-1.7782472233087647
-1.6761231122949762
-1.6232447410377173
-1.5944174722713473
-1.6675639816658583
-1.7323074161425671
-1.6713035847931126
-1.594507092721291
-1.7782472233087647
-1.5938261433062335
-1.6245820229538643
-1.7336904920356349
-1.7190437536753798
-1.6553827769896763
-1.6088801955356837
-1.6743250745078335
-1.7691635838629811
-1.6474109300742612
-1.7668634300313883
-1.5765723642572975
-1.666943400832335
-1.6677599565962316
-1.737892114891235
-1.6955741913960791
-1.6445149174432023
-1.6620202562119275
-1.7356930650667295
-1.607692821817612
-1.6465770149450027
-1.4904800647723802
-1.7018655335991448
-1.6656168715292052
-1.593419408515441
-1.6717207802977865
-1.7691635838629811
-1.611616579448797
-1.5860126267533925
-1.6383484488552438
-1.6928388521453024
-1.8011370613292481
-1.6696872403487824
-1.6156707906301389
-1.6800531500548364
-1.7743788832994232
-1.6099416715034573
-1.7410818359395208
-1.650558308840826
-1.5458584473907577
-1.8197076000404668
-1.9027773890535444
-1.6569432254345737
-1.5388634822647758
-1.7076060060172682
-1.6280480655593987
-1.6555023316811173
-1.9027773890535444
-1.7012581989343358
-1.6956775737730028
-1.8175938122647788
-1.838253386966319
-1.6417142841011876
-1.7096073470986874
-1.8004406010012373
-1.7416033769069277
-1.6430018697787625
-1.9358452414925897
-1.7049910237656316
-1.8175938122647788
-1.6114923074296439
-1.7968907308386708
-1.6304060498691537
-1.6346306676296254
-1.9358452414925897
-1.7028029383200196
-1.7366644947161651
-1.9358452414925897
-1.6824679865095458
-1.8587310312419252
-1.783853651861949
-1.8267355134294285
-1.8587310312419252
-1.8311883607901105
-1.8530830327432248
-1.7931607551430344
-1.8255785985357966
-1.644640007277426
-1.7289570624856925
-1.7971673536948307
-1.8808443274968327
-1.8220891432996538
-1.639115251333027
-1.7007019622851682
-1.7873406022314606
-1.865993207979361
-1.6405333179582668
-1.629716772149382
-1.7859994438527713
-1.7190362964429955
-1.7715735481282089
-1.6402192397279916
-1.7314501470339276
-1.9358452414925897
-1.7051202630510869
-1.8016478725981533
-1.699318046131503
-1.6352299046000367
-1.948389396055979
-1.6614097997137207
-1.7114682474848575
-1.8534003166917512
-1.6856191159713743
-1.842986491308746
-1.7952649672912655
-1.6457745065135836
-1.6923160332485143
-1.8367935622573968
-1.8902363578613322
-1.8275206559535344
-1.8229844627521854
-1.6089442146460442
-1.7048408544265816
-1.8083830717102967
-1.6034166020916694
-1.914386668087247
-1.5717300192202552
-1.7375625629820708
-1.824782098013113
-1.9072043179456093
-1.628895377871601
-1.8154240900539178
-1.813074144324439
-1.875543657624301
-1.947573914842361
-1.672353515702077
-1.582031845584932
-1.9019983658563588
-1.8317341643434812
-1.6073601740760999
-1.7155541807562504
-1.7024612531921888
-1.919301333589833
-1.855212746783546
-1.5136144287077027
-1.7528165800379791
-1.8927294971784283
-1.963970416839555
-1.857795922149874
-1.665242110971995
-1.8155947545712006
-1.9737071043169563
-1.8299910803435262
-1.8962318748473348
-1.7473540806322503
-1.422569657009575
-1.8478780949815954
-1.9737071043169563
-1.8193039344956052
-1.8393771083353225
-1.6590281176447088
-2.0182402700284507
-1.6033802254198128
-1.8193039344956052
-1.775834018165687
-1.3775465759255159
-1.4937968767514906
-1.6927409800547344
-1.6239852549935005
-1.8490112543220176
-1.6470086381693534
-1.9160041596719148
-1.97133440691745
-2.0182402700284507
-1.8390977435418385
-1.7120593764366272
-1.621434123194732
-2.0182402700284507
-1.528904541327755
-1.6086520828927315
-1.5052003854319458
-1.7812750811642923
-1.6454857407068606
-1.9423567639540522
-1.7617203277301978
-1.9469202606364688
-1.9160041596719148
-1.5052003854319458
-1.9950948989925392
-1.813768049315379
-1.9161400772101427
-2.0182402700284507
-1.761720327730198
-1.6369057797206632
-1.6570172594785344
-1.6789364809613219
-1.7241434125823027
-1.9821663950777058
-1.5948970661960815
-1.636300435377348
-1.5528223986456489
-1.974458680528495
-1.8294041300305677
-1.7053392460431491
-1.5776920847385314
-1.7045353757721395
-1.5052003854319458
-1.9592166060121738
-2.1195027125963044
-1.9586401886681368
-2.1195027125963044
-1.6944156629302092
-1.7808944421615103
-2.1195027125963044
-1.7244460690409893
-1.9523193096413736
-1.9053168122667536
-1.9475739148423608
-1.6607065358104205
-2.1195027125963044
-1.6291606250350317
-1.7857930056062024
-1.6653806169001937
-1.97133440691745
-1.5906703082403792
-2.014293550520198
-2.012896188143678
-1.5739102340073716
-1.5205754656587858
-1.8949068399674545
-1.8290007069903054
-2.0221200980780774
-2.1633632553122766
-1.6682429943893513
-1.5331819704398375
-1.562893114331044
-1.8849397905849334
-1.9754824167388358
-1.8463617879885919
-1.9834403216867682
-2.1195027125963044
-1.6226140643051323
-2.0054688133836636
-1.6740896067361641
-2.1272800274356984
-1.9011183100332198
-2.140204840017007
-2.140204840017007
-1.8392345483641006
-2.029232596842713
-1.8526966185022407
-1.8637594804305058
-1.6517019961371189
-1.8311317411313384
-1.6159644113317322
-1.826862380963106
-1.8455516922285895
-1.8403742505028617
-1.8353758436286314
-1.779096507278338
-1.8455516922285895
-1.6465796259368797
-1.8392345483641008
-2.0298084550149156
-1.761370445128503
-1.8403742505028617
-1.93214225176415
-1.741458424706014
-1.829079755904464
-1.8530868219578707
-1.9835382263389787
-1.9058353204812981
-1.845651387706646
-2.0124097624315294
-1.835185601150254
-2.1633632553122766
-1.994416081919267
-1.826826542672802
-2.1272800274356984
-1.96087292970655
-2.0756421698803322
-2.1633632553122766
-2.0319306635162495
-2.0676430429266537
-1.5420299816922045
-1.8526966185022407
-1.5456469004816635
-1.8584122680393818
-1.8819676395375726
-1.8302165699314465
-2.1633632553122766
-1.5420299816922045
-1.7768539018757668
-1.9951128181376916
-1.857214111219992
-1.9244285438064497
-2.1633632553122766
-1.9950948989925394
-1.702723244994387
-1.9950948989925394
-1.985264231087517
-2.1633632553122766
-1.853959860051669
-2.1205876659611107
-1.8655195462799186
-1.616108444711767
-1.8275206559535346
-1.853959860051669
-1.65036440188775
-1.8459210751190978
-1.9754824167388358
-1.6369469135316206
-1.8271198071758274
-1.6161084447117673
-1.642929961696171
-1.8455123423995472
-1.9950948989925394
-1.590678115599144
-1.996870211414419
-1.9628843523032868
-1.9721127862974686
-2.1195027125963044
-1.515617208210684
-1.9950948989925394
-2.008405797495917
-2.1633632553122766
-1.9475739148423608
-1.9950948989925394
-1.9935005809730515
-1.9950948989925394
-1.8819676395375728
-2.077812076609945
-1.6742588895409714
-2.1633632553122766
-2.0096403758328463
-1.841308473980965
-2.1633632553122766
-2.109520127239527
-2.0756421698803322
-1.8463617879885919
-2.1195027125963044
-2.1205876659611107
-2.1205876659611107
-1.8135973160969694
-1.8290007069903054
-1.8605172425248455
-1.9871868355528775
-2.1633632553122766
-1.5420299816922045
-1.686688331551189
-1.8753381676465124
-1.4454628760008723
-1.826826542672802
-2.1633632553122766
-2.1205876659611107
-1.8526966185022407
-2.077812076609945
-2.0756421698803322
-1.8285411380048593
-1.9968702114144186
-2.1633632553122766
-1.9475739148423608
-1.8303771675165599
-2.1633632553122766
-1.8003928321207527
-1.7403520515371478
-2.140204840017007
-1.8236379066338262
-2.1633632553122766
-1.9363198082372155
-1.826862380963106
-1.9835555831241256
-1.994416081919267
-1.8302165699314465
-2.1633632553122766
-2.0119938658356826
-2.1633632553122766
-2.0756421698803322
-1.836485489020004
-1.8417403901460774
-1.8584122680393818
-1.8285411380048593
-1.6765313306937673
-2.1633632553122766
-1.8756526731177967
-2.1633632553122766
-2.1205876659611107
-1.9572518776486498
-2.1633632553122766
-1.9950948989925394
-1.9210181131195856
-1.6705717386999024
-2.1195027125963044
-2.1205876659611107
-2.1205876659611107
-2.1633632553122766
-2.077812076609945
-2.1633632553122766
-2.1633632553122766
-2.015179149030212
-1.8819676395375726
-1.8526966185022407
-1.8268265426728025
-2.0193507114793947
-2.1633632553122766
-2.1633632553122766
-1.6013612651097675
-1.678926900398118
-1.9968702114144186
-1.9950948989925394
-2.1205876659611107
-2.1633632553122766
-2.1633632553122766
-2.1633632553122766
-1.8584122680393818
-1.8469809689650996
-2.1633632553122766
-2.0493293560996357
-2.1633632553122766
-1.8392345483641006
-1.9950948989925394
-2.1205876659611107
-1.6931254213159368
-1.8451967182603453
-1.7372460908180485
-2.075642169880333
-2.1633632553122766
-2.1633632553122766
-2.1633632553122766
-2.1633632553122766
-1.9951128181376916
-1.9968702114144186
-1.9352954568869947
-2.0756421698803322
-1.9737071043169565
-1.8753381676465124
-1.90769419183046
-2.1633632553122766
-1.8529165769844151
-2.1633632553122766
-2.1633632553122766
-2.1633632553122766
-1.702723244994387
-2.1633632553122766
-1.8698155368083291
-2.1633632553122766
-2.1633632553122766
-1.9171096904149336
-1.8302165699314465
-1.5462949865182127
-2.1633632553122766
-1.638687924252047
-1.8472778439122512
-1.6538871167997948
-2.1633632553122766
-2.1633632553122766
-2.1633632553122766
-2.2270115593569266
-2.024047093678272
-2.0756421698803322
-1.8330687439463302
-2.036261950878237
-2.0240470936782726
-1.5643718074947743
-2.227283394433382
-2.227283394433382
-1.993103457949171
-2.0131021796947945
-1.6365357270350465
-1.792604144898049
-2.2270115593569266
-2.013102179694794
-2.106716658025326
-1.8094689806999744
-1.996947268104732
-1.879383116291548
-2.1195027125963044
-1.8088152743802854
-2.114511419917916
-2.2275552295098384
-2.034994270490036
-1.6754676778827533
-2.024318928754728
-1.821082627999618
-1.6426032976516252
-1.6046997131937335
-2.2275552295098384
-1.7763930154158125
-1.6246461211941274
-1.5984735189583001
-2.2275552295098384
-1.5976696873463232
-1.6167330168685274
-2.227283394433382
