0.9999999999999996
-3.469446951953614e-17
-8.673617379884031e-19
-1.5612511283791258e-17
-1.0408340855860843e-17
3.469446951953614e-18
-3.469446951953614e-17
-3.903127820947816e-17
5.117434254131581e-17
-7.632783294297951e-17
-5.204170427930421e-18
2.6020852139652106e-18
4.5102810375396984e-17
-1.734723475976807e-18
-4.336808689942018e-18
6.938893903907228e-18
1.474514954580286e-17
-1.5612511283791264e-17
-1.9081958235744878e-17
8.326672684688674e-17
-1.9081958235744878e-17
6.938893903907235e-18
-2.2551405187698492e-17
-2.42861286636753e-17
5.160802341031001e-17
-3.469446951953614e-18
3.469446951953614e-17
8.326672684688674e-17
-5.204170427930421e-18
-4.85722573273506e-17
-1.0408340855860843e-17
-2.7755575615628914e-17
9.540979117872439e-18
-1.3877787807814457e-17
3.469446951953614e-18
-4.5102810375396984e-17
-7.483741188258148e-50
-1.6653345369377348e-16
1.951563910473908e-17
2.0816681711721685e-17
-1.3530843112619095e-16
-4.336808689942018e-17
-2.42861286636753e-17
7.28583859910259e-17
1.0408340855860843e-17
8.673617379884035e-18
1.9081958235744878e-17
-3.4694469519536134e-18
3.469446951953614e-18
-1.6046192152785466e-17
0.0
3.0357660829594124e-17
2.6020852139652106e-18
-2.862293735361732e-17
6.765421556309548e-17
-1.5612511283791264e-17
3.4694469519536134e-18
-1.1275702593849246e-16
5.204170427930421e-18
2.0816681711721685e-17
3.469446951953614e-18
1.9081958235744878e-17
3.469446951953614e-18
-6.938893903907228e-18
5.204170427930421e-18
-1.214306433183765e-17
3.8163916471489756e-17
-2.2985086056692694e-17
7.806255641895632e-18
1.5612511283791264e-17
6.830473686658678e-18
3.642919299551295e-17
1.301042606982606e-17
1.6479873021779667e-17
4.33680868994202e-18
-1.3010426069826044e-17
6.894537962655969e-34
-3.469446951953614e-18
-1.3877787807814457e-17
-1.0408340855860841e-17
-1.1221492485224971e-17
5.204170427930412e-18
1.9949319973733282e-17
-2.7755575615628914e-17
2.4286128663675305e-17
0.0
-1.734723475976807e-18
3.469446951953614e-18
-4.7704895589362195e-17
1.3010426069826053e-17
-6.071532165918825e-18
3.469446951953614e-18
6.137918583984345e-66
0.0
1.491862189340054e-16
1.1015494072452725e-16
-6.245004513516506e-17
1.0061396160665481e-16
-3.122502256758253e-17
-6.245004513516506e-17
-1.491862189340054e-16
1.3877787807814457e-17
2.42861286636753e-17
1.984089975648473e-17
7.632783294297951e-17
-2.3592239273284576e-16
-1.734723475976807e-18
7.806255641895632e-18
2.6020852139652106e-18
-1.474514954580286e-17
-1.5959455978986625e-16
1.9081958235744878e-17
3.122502256758253e-17
5.204170427930421e-18
8.673617379884035e-19
-6.938893903907228e-18
2.6020852139652106e-18
-8.673617379884035e-19
3.9898639947466563e-17
-6.938893903907228e-17
-5.204170427930421e-18
4.85722573273506e-17
-1.0408340855860843e-17
1.8453120975703285e-16
1.0408340855860843e-17
-7.979727989493313e-17
-2.6020852139652106e-17
-9.8879238130678e-17
1.734723475976807e-18
-5.160802341031001e-17
1.5265566588595902e-16
-3.4694469519536107e-18
-7.806255641895632e-18
-4.401860820291148e-17
2.6020852139652106e-18
-6.938893903907228e-18
6.938893903907226e-18
0.0
-2.419939248987646e-16
1.734723475976807e-17
1.9081958235744878e-17
1.3877787807814457e-17
1.734723475976807e-17
-4.336808689942018e-18
3.122502256758253e-17
-6.9388939039072276e-18
5.204170427930421e-17
2.6888213877640516e-17
-6.591949208711867e-17
3.469446951953614e-17
3.3176586478056436e-17
-8.673617379884035e-19
-1.3877787807814455e-17
-1.214306433183765e-17
6.765421556309548e-17
-2.6020852139652106e-18
-1.040834085586085e-17
1.5612511283791264e-17
2.6020852139652106e-18
1.734723475976807e-17
-1.734723475976807e-17
-5.0306980803327406e-17
1.6154612370034016e-17
-2.0816681711721685e-17
-3.382710778154774e-17
-1.6306400674181987e-16
4.336808689942018e-18
-1.3877787807814457e-17
-1.0061396160665481e-16
-3.469446951953614e-18
-4.336808689942018e-19
-2.168404344971009e-17
-5.204170427930421e-18
-2.0816681711721685e-17
3.469446951953614e-18
0.0
-2.2551405187698492e-17
-4.5102810375396984e-17
3.469446951953614e-18
-0.7071067811865474
3.2742905609062234e-17
-1.5612511283791264e-17
-6.938893903907228e-17
3.8163916471489756e-17
8.413408858487514e-17
-1.6653345369377348e-16
-9.71445146547012e-17
5.204170427930421e-18
-9.367506770274758e-17
7.025630077706069e-17
-1.7347234759768069e-18
-1.3010426069826053e-17
-6.938893903907228e-18
-1.214306433183765e-17
1.734723475976807e-18
8.673617379884035e-17
2.5153490401663703e-17
5.898059818321144e-17
5.204170427930421e-18
5.204170427930421e-18
1.734723475976807e-18
-3.2526065174565133e-18
-7.806255641895632e-18
-3.469446951953614e-17
1.214306433183765e-17
-4.85722573273506e-17
3.0791341698588326e-17
4.2825985813177425e-18
-1.431146867680866e-17
2.2551405187698492e-17
8.673617379884035e-17
1.3877787807814457e-17
0.0
-3.176712365382528e-17
5.637851296924623e-17
-1.3877787807814457e-17
-4.163336342344337e-17
-2.2551405187698492e-17
0.14644660940672588
-1.0842021724855044e-16
-1.0408340855860843e-17
6.938893903907224e-18
-1.0408340855860843e-16
-1.0562839665440027e-16
-1.0408340855860843e-17
-1.9081958235744878e-16
1.973247953923618e-17
-5.204170427930421e-18
3.469446951953614e-18
-8.673617379884041e-19
1.0408340855860841e-17
-1.0408340855860843e-17
4.163336342344337e-17
7.849623728795052e-17
-8.326672684688674e-17
-8.673617379884037e-18
1.734723475976807e-17
-6.938893903907228e-18
3.469446951953614e-18
-0.707106781186547
1.942890293094024e-16
4.5102810375396984e-17
3.469446951953614e-17
-1.3010426069826053e-17
0.0
9.540979117872439e-18
-1.5612511283791264e-17
-3.469446951953614e-17
-4.466912950640278e-17
3.469446951953614e-18
-1.734723475976807e-18
1.457167719820518e-16
-3.4694469519536138e-18
-2.2551405187698492e-17
-1.734723475976808e-18
-9.540979117872439e-18
-6.071532165918825e-18
-0.9999999999999998
-1.973247953923618e-17
-7.719519468096792e-17
3.8163916471489756e-17
2.957703526540456e-16
-5.2041704279304207e-17
1.734723475976808e-18
3.469446951953614e-18
3.903127820947816e-17
3.122502256758253e-17
-1.734723475976807e-17
1.734723475976807e-17
9.540979117872439e-18
1.0408340855860841e-17
7.979727989493313e-17
1.5612511283791264e-17
1.0408340855860843e-17
5.551115123125783e-17
-1.3010426069826053e-17
1.474514954580286e-17
-2.42861286636753e-17
4.5102810375396997e-17
2.3418766925686896e-17
1.734723475976807e-17
-1.3010426069826053e-17
-1.0408340855860843e-17
-4.5437000071567326e-49
-1.249000902703301e-16
-3.469446951953614e-18
-5.117434254131581e-17
-4.0766001685454967e-17
-6.375108774214766e-17
-7.806255641895632e-18
-6.938893903907228e-18
-2.6020852139652106e-17
-2.7755575615628914e-17
-1.6479873021779667e-17
-1.0408340855860843e-17
1.7780915628762273e-17
-3.686287386450715e-17
5.854691731421724e-18
-9.540979117872439e-18
3.469446951953614e-18
1.5699247457590104e-16
5.551115123125784e-17
1.734723475976807e-17
-5.898059818321144e-17
8.673617379884035e-19
1.3877787807814457e-17
3.122502256758252e-17
-2.7755575615628914e-17
-2.3418766925686896e-17
3.469446951953614e-18
-2.42861286636753e-17
-1.6479873021779667e-17
1.3877787807814457e-17
-4.5102810375396984e-17
0.0
0.0
-3.469446951953614e-17
8.673617379884035e-19
-1.734723475976807e-17
4.85722573273506e-17
-1.0408340855860843e-17
-4.163336342344337e-17
-4.4885969940899884e-17
-6.418476861114186e-17
-4.336808689942018e-18
-5.117434254131581e-17
3.8163916471489756e-17
-2.7755575615628914e-17
2.2551405187698492e-17
-3.469446951953614e-18
-1.734723475976807e-17
6.938893903907228e-18
-1.214306433183765e-17
1.9081958235744878e-17
-1.3444106938820255e-17
-2.168404344971009e-17
-1.0408340855860843e-17
6.938893903907228e-18
-1.214306433183765e-17
0.0
-3.122502256758253e-17
3.1225022567582534e-17
-1.7780915628762273e-17
1.1275702593849246e-17
-0.35355339059327334
9.540979117872439e-18
1.0408340855860843e-17
1.7347234759768063e-18
4.5102810375396984e-17
4.9439619065339e-17
1.6479873021779667e-17
2.0816681711721685e-17
1.6653345369377348e-16
-1.0408340855860843e-17
5.724587470723463e-17
-1.734723475976807e-17
-3.122502256758253e-17
-1.1492543028346347e-17
-0.9999999999999991
2.4286128663675296e-17
-5.204170427930421e-18
-8.153200337090993e-17
2.775557561562891e-17
-3.469446951953614e-18
1.3791051634015616e-16
-8.326672684688674e-17
-3.469446951953614e-17
1.734723475976808e-18
1.5612511283791264e-17
0.0
-4.163336342344337e-17
-2.0816681711721685e-17
-1.3877787807814452e-17
-2.0816681711721685e-17
4.85722573273506e-17
3.4694469519536138e-18
0.9999999999999997
1.5612511283791267e-17
-7.632783294297951e-17
-2.0816681711721685e-17
6.93889390390723e-18
2.862293735361732e-17
2.42861286636753e-16
-5.204170427930421e-18
-6.938893903907228e-18
-7.112366251504909e-17
-7.37257477290143e-17
-1.734723475976807e-16
-1.1275702593849246e-17
-1.0408340855860843e-17
3.8163916471489756e-17
-1.5612511283791264e-17
2.246466901389965e-16
-6.93889390390723e-18
2.168404344971009e-17
-1.0408340855860843e-17
-6.591949208711867e-17
3.144186300207963e-18
1.5612511283791264e-16
-1.5959455978986625e-16
-5.377642775528102e-17
9.107298248878237e-18
-4.336808689942018e-18
-6.938893903907226e-18
-6.7220534694101275e-18
1.5265566588595902e-16
4.336808689942018e-18
1.431146867680866e-17
1.7347234759768074e-17
1.0083080204115191e-17
-2.7755575615628914e-17
-3.469446951953614e-18
-4.90059381963448e-17
-1.0408340855860841e-17
4.85722573273506e-17
2.8449465006019636e-16
-1.0408340855860843e-17
-6.938893903907228e-18
7.806255641895632e-18
-6.418476861114186e-17
9.540979117872439e-18
2.5153490401663703e-17
-3.469446951953614e-18
5.637851296924623e-17
2.168404344971009e-18
-6.071532165918825e-18
1.249000902703301e-16
5.724587470723463e-17
-6.9388939039072276e-18
1.3877787807814457e-17
-3.903127820947816e-17
-6.938893903907228e-18
-5.204170427930421e-18
2.0816681711721685e-17
1.734723475976807e-17
2.168404344971009e-17
1.3877787807814457e-17
1.3877787807814457e-17
-1.0408340855860843e-17
2.233456475320139e-17
-4.85722573273506e-17
-1.734723475976807e-18
-3.035766082959412e-17
9.540979117872439e-18
3.3306690738754696e-16
8.673617379884035e-17
9.540979117872439e-18
-1.3877787807814455e-17
3.209238430557093e-17
-1.734723475976807e-17
-3.469446951953614e-18
6.071532165918825e-18
-1.1535911115245767e-16
7.979727989493314e-17
3.382710778154774e-17
-2.6020852139652106e-18
-4.597017211338539e-17
-1.1449174941446927e-16
2.0816681711721685e-17
1.474514954580286e-17
-6.505213034913027e-19
8.673617379884035e-18
-6.938893903907228e-18
-8.673617379884035e-18
2.2551405187698492e-17
6.93889390390723e-18
-5.637851296924624e-18
-3.608224830031759e-16
5.204170427930421e-18
2.255140518769849e-17
1.0408340855860843e-17
-1.1275702593849248e-17
-1.5612511283791264e-17
1.734723475976807e-18
-3.9898639947466563e-17
1.1275702593849246e-17
1.1994811311785971e-32
-3.122502256758253e-17
-1.2836953722228372e-16
2.565854121688508e-49
-1.9949319973733282e-17
-3.469446951953614e-18
-8.673617379884035e-19
-5.377642775528102e-17
3.8163916471489756e-17
1.734723475976807e-17
-5.551115123125783e-17
1.214306433183765e-17
4.336808689942018e-18
1.734723475976807e-18
8.326672684688673e-17
5.898059818321144e-17
-6.41463530422127e-50
6.938893903907226e-18
6.938893903907228e-18
-1.7347234759768063e-18
-1.734723475976807e-17
-4.163336342344337e-17
3.469446951953614e-18
6.071532165918825e-18
-1.7105694144590052e-49
-7.806255641895632e-18
3.469446951953614e-18
-2.168404344971009e-17
1.3010426069826053e-17
-6.591949208711867e-17
-2.3418766925686896e-17
-3.469446951953614e-18
1.734723475976807e-17
-1.5612511283791264e-16
1.6306400674181987e-16
-4.163336342344337e-17
5.377642775528102e-17
1.5612511283791264e-16
-1.734723475976807e-18
-1.6653345369377348e-16
-1.249000902703301e-16
0.9999999999999994
3.2959746043559335e-17
0.9999999999999993
-2.168404344971009e-17
-0.9999999999999989
-1.1449174941446927e-16
0.9999999999999989
1.734723475976807e-18
0.9999999999999991
0.9999999999999996
9.540979117872439e-18
-1.5612511283791264e-17
1.734723475976807e-17
-3.729655473350135e-17
0.999999999999999
-0.9999999999999998
0.7071067811865464
-0.7071067811865468
-0.9999999999999994
-0.9999999999999991
0.9999999999999998
-0.9999999999999989
0.9999999999999998
0.9999999999999992
-0.999999999999999
0.9999999999999993
-2.3245294578089215e-16
-4.336808689942018e-19
-0.9999999999999992
-0.999999999999999
0.9999999999999997
-2.7755575615628914e-16
0.9999999999999998
0.9999999999999997
-0.9999999999999997
1.0
0.9999999999999998
-0.9999999999999994
1.1102230246251565e-16
-1.3877787807814457e-17
0.9999999999999992
-0.999999999999999
0.999999999999999
-0.9999999999999987
0.9999999999999994
-0.9999999999999996
0.9999999999999992
-0.999999999999999
-2.3433746604091534e-34
0.9999999999999988
-1.4224732503009818e-16
-0.707106781186547
0.9999999999999996
-0.9999999999999988
-4.163336342344337e-17
0.9999999999999994
0.9999999999999989
-0.9999999999999989
0.9999999999999996
0.9999999999999998
-0.4999999999999994
-1.1275702593849246e-17
0.9999999999999992
-0.9999999999999992
0.9999999999999997
1.6263032587282567e-17
-0.9999999999999989
0.9999999999999991
-0.707106781186547
-0.9999999999999991
0.707106781186547
0.9999999999999989
-0.9999999999999986
-0.9999999999999987
1.3183898417423734e-16
-0.9999999999999991
0.7071067811865466
-0.7071067811865466
0.9999999999999997
0.9999999999999993
0.9999999999999993
-0.9999999999999993
-3.8163916471489756e-17
-0.7071067811865471
-1.734723475976807e-18
0.9999999999999987
0.9999999999999997
0.9999999999999993
4.1633363423443376e-17
0.999999999999999
0.9999999999999992
-0.9999999999999989
0.9999999999999992
-2.42861286636753e-17
0.9999999999999993
2.255140518769849e-16
6.5052130349130266e-18
-0.999999999999999
0.9999999999999992
0.9999999999999993
-0.9999999999999991
0.9999999999999991
-0.9999999999999993
0.9999999999999988
-0.9999999999999991
0.9999999999999993
-0.999999999999999
0.7071067811865472
-5.724587470723463e-17
0.7071067811865468
-0.9999999999999993
0.9999999999999987
1.734723475976807e-18
-3.3306690738754696e-16
-2.211772431870429e-16
6.938893903907228e-18
0.7071067811865469
-0.9999999999999992
6.938893903907228e-18
7.697835424647081e-18
1.3877787807814455e-17
0.9999999999999994
-0.9999999999999989
0.7071067811865467
0.9999999999999993
-3.3306690738754696e-16
-2.0816681711721685e-16
3.885780586188048e-16
0.7071067811865469
1.387778780781446e-17
0.999999999999999
0.9999999999999996
-0.9999999999999993
-0.999999999999999
-0.9999999999999997
-0.9999999999999989
-0.9999999999999993
-0.9999999999999993
1.3877787807814457e-17
0.7071067811865466
-0.9999999999999991
0.9999999999999989
-6.938893903907228e-17
-6.071532165918825e-18
1.474514954580286e-17
-0.9999999999999993
0.9999999999999996
-0.9999999999999987
-5.204170427930429e-18
-0.9999999999999991
-0.9999999999999992
-0.9999999999999989
2.6020852139652106e-16
-0.7071067811865468
-5.551115123125783e-17
7.112366251504909e-17
0.9999999999999993
0.7071067811865466
-1.3877787807814457e-17
-9.71445146547012e-17
-0.9999999999999992
0.9999999999999994
-0.999999999999999
-0.9999999999999993
0.9999999999999992
-0.9999999999999993
0.9999999999999993
5.345529420184391e-50
-0.9999999999999996
-0.9999999999999998
0.9999999999999993
0.9999999999999991
0.9999999999999993
2.7755575615628914e-17
-0.9999999999999992
0.9999999999999996
0.9999999999999994
3.122502256758253e-17
0.9999999999999989
0.9999999999999996
-0.9999999999999991
7.806255641895632e-18
-0.9999999999999993
0.9999999999999993
-0.9999999999999994
-0.9999999999999996
1.734723475976807e-17
-0.7071067811865468
-2.0816681711721685e-17
2.2551405187698492e-17
0.999999999999999
1.3877787807814457e-17
-0.9999999999999996
0.9999999999999991
1.0408340855860843e-17
0.9999999999999992
4.336808689942018e-17
-0.9999999999999988
0.999999999999999
0.7071067811865465
-2.0816681711721685e-17
-1.249000902703301e-16
-0.7071067811865465
-0.9999999999999996
-1.8041124150158794e-16
0.9999999999999994
2.7755575615628914e-17
1.3877787807814455e-17
0.9999999999999986
-0.9999999999999996
0.9999999999999992
-2.7755575615628914e-17
0.9999999999999988
0.9999999999999996
-2.461138931542095e-17
-2.7755575615628914e-17
-3.0531133177191805e-16
1.734723475976807e-18
0.9999999999999989
0.9999999999999994
-0.9999999999999993
8.673617379884035e-19
9.71445146547012e-17
-0.9999999999999998
-3.469446951953615e-18
-0.9999999999999996
0.7071067811865468
0.9999999999999994
0.9999999999999992
-2.7755575615628914e-16
-0.9999999999999991
-0.9999999999999992
-0.9999999999999992
-0.9999999999999996
2.6020852139652106e-17
-0.9999999999999996
-6.938893903907228e-18
6.245004513516506e-17
-2.8449465006019636e-16
-0.9999999999999994
-0.9999999999999994
-0.9999999999999996
1.3877787807814457e-17
0.9999999999999997
0.9999999999999994
-0.9999999999999997
0.9999999999999989
0.9999999999999996
0.999999999999999
-0.7071067811865465
0.9999999999999994
0.9999999999999988
-0.7071067811865468
6.938893903907228e-17
0.7071067811865467
4.5102810375396997e-17
1.5016200088924236e-17
4.336808689942018e-18
-0.9999999999999993
0.7071067811865466
1.3877787807814457e-17
-0.9999999999999992
-3.469446951953614e-18
-0.9999999999999997
-0.9999999999999996
-1.3010426069826053e-17
-3.122502256758253e-17
5.204170427930421e-17
-0.9999999999999988
0.9999999999999993
0.9999999999999993
6.938893903907228e-18
0.9999999999999994
-1.474514954580286e-17
-0.999999999999999
-0.9999999999999993
0.9999999999999999
-0.9999999999999988
-0.9999999999999989
0.9999999999999991
-1.734723475976807e-17
-0.9999999999999992
-0.9999999999999989
-0.9999999999999992
-0.9999999999999989
-4.0115480381963664e-18
7.030123981227449e-34
0.9999999999999997
-0.9999999999999992
0.9999999999999996
2.0816681711721685e-17
0.9999999999999998
-3.469446951953614e-18
5.000488467056479e-35
0.7071067811865467
0.9999999999999997
0.7071067811865469
6.938893903907228e-18
-6.938893903907228e-18
3.087388524454382e-34
0.9999999999999992
-1.9081958235744878e-17
0.9999999999999993
1.3877787807814457e-16
-1.8214596497756474e-17
0.9999999999999998
-0.9999999999999993
0.7071067811865466
0.9999999999999994
-0.7071067811865469
-0.7071067811865465
-0.9999999999999994
9.020562075079397e-17
5.637851296924623e-18
1.5612511283791264e-17
-0.9999999999999988
-0.9999999999999996
3.469446951953614e-18
-0.9999999999999992
0.999999999999999
6.591949208711867e-17
0.9999999999999989
-0.9999999999999993
0.9999999999999988
-0.7071067811865467
1.1145598333150986e-16
-2.0816681711721685e-17
0.707106781186547
-0.9999999999999992
0.999999999999999
-1.214306433183765e-17
-0.9999999999999994
-0.9999999999999993
0.9999999999999997
0.9999999999999991
-0.9999999999999993
0.9999999999999998
0.9999999999999992
0.9999999999999994
-0.7071067811865469
0.7071067811865469
-1.1275702593849246e-17
-0.9999999999999996
-3.209238430557093e-17
-0.9999999999999997
2.2551405187698492e-17
-0.9999999999999998
-1.0408340855860843e-17
0.9999999999999987
-0.9999999999999998
0.9999999999999992
4.163336342344337e-17
-0.9999999999999993
0.7071067811865471
-1.0755285551056204e-16
0.7071067811865467
-0.9999999999999989
-0.9999999999999988
2.6020852139652106e-17
-0.9999999999999993
-0.9999999999999992
-3.7470027081099033e-16
1.474514954580286e-17
8.326672684688674e-17
2.081668171172169e-17
-0.9999999999999999
-1.4311468676808659e-16
0.9999999999999993
3.469446951953614e-18
0.9999999999999998
-0.9999999999999997
-0.9999999999999998
-0.9999999999999998
-0.9999999999999998
-1.6479873021779667e-17
-0.9999999999999993
1.9081958235744878e-16
3.469446951953614e-17
-1.3530843112619095e-16
-0.9999999999999993
-0.9999999999999994
-1.3877787807814457e-17
3.469446951953614e-18
-3.469446951953614e-17
-0.9999999999999992
0.9999999999999997
-2.0816681711721682e-17
0.9999999999999997
-0.9999999999999996
-0.9999999999999993
-0.9999999999999996
-0.9999999999999993
-0.9999999999999991
-1.734723475976807e-18
0.7071067811865472
1.3877787807814466e-17
-0.9999999999999997
-0.9999999999999993
-6.938893903907228e-17
-1.3444106938820255e-16
-0.9999999999999994
0.9999999999999997
-0.9999999999999998
-0.9999999999999991
0.7071067811865465
-3.859759734048396e-17
0.9999999999999993
6.93889390390723e-18
-0.9999999999999989
-2.5153490401663703e-17
-2.42861286636753e-17
1.908195823574488e-17
0.7071067811865466
0.9999999999999998
-0.7071067811865464
0.9999999999999992
-1.0408340855860843e-17
3.469446951953614e-17
-0.999999999999999
0.9999999999999989
-0.9999999999999996
0.9999999999999998
-1.9949319973733282e-17
-0.9999999999999993
-0.9999999999999993
-3.469446951953614e-17
4.163336342344337e-17
-5.204170427930421e-17
0.9999999999999993
0.7071067811865465
-0.9999999999999997
-2.42861286636753e-17
-1.0408340855860844e-17
-6.938893903907228e-17
-0.9999999999999991
-2.0816681711721685e-17
2.7755575615628914e-17
0.7071067811865469
-0.9999999999999998
0.9999999999999993
-1.9081958235744878e-17
8.673617379884035e-18
-2.3418766925686896e-17
0.9999999999999998
-2.636779683484747e-16
-0.9999999999999989
4.163336342344337e-17
-1.734723475976807e-17
0.9999999999999996
-0.9999999999999992
1.1709383462843448e-17
0.9999999999999992
-0.7071067811865471
0.9999999999999994
0.707106781186547
-1.7347234759768075e-18
0.9999999999999997
7.632783294297951e-17
-0.9999999999999989
-0.9999999999999989
7.979727989493313e-17
-6.938893903907228e-18
-0.9999999999999998
-0.9999999999999997
4.85722573273506e-17
0.9999999999999996
-0.9999999999999999
0.9999999999999996
2.0816681711721685e-17
-0.9999999999999993
-0.9999999999999993
0.9999999999999994
-2.949029909160572e-17
-0.9999999999999996
0.9999999999999998
-6.071532165918825e-18
0.7071067811865465
0.9999999999999994
-0.9999999999999997
0.9999999999999997
1.491862189340054e-16
-0.9999999999999992
-0.9999999999999993
