-1.7152500994237965
-1.6885168933089467
-1.6324682018008674
-1.6019583047663966
-1.6611649432746565
-1.6937023392318524
-1.6655322338388894
-1.6196956206728326
-1.7235154670741923
-1.6532640221798967
-1.633262164593592
-1.6512132539219104
-1.709440597385041
-1.6148836192515663
-1.7626739396813709
-1.6467451540653006
-1.5624643327323389
-1.6304825462799557
-1.5975405757281542
-1.6630202037900053
-1.625799455505104
-1.670424153542238
-1.719202889235915
-1.6383963564293684
-1.608729188712611
-1.593901161755408
-1.6198636555203507
-1.591930995628325
-1.6755528242860023
-1.7016070982427236
-1.6355296025631865
-1.6132330953400675
-1.655935999399746
-1.4626986599269591
-1.6505587779425561
-1.6682943293566896
-1.6449564160211614
-1.6258748069133706
-1.5650123156733393
-1.6758092843619339
-1.6232275012509223
-1.7113203120733573
-1.661704285605623
-1.6317712434456935
-1.5558200940375606
-1.6893776936620277
-1.6878182292591823
-1.634907844734654
-1.641403740699997
-1.6766567829333234
-1.6293495178171937
-1.6667554873120969
-1.7413771621667673
-1.6449038391440425
-1.6742285719032648
-1.6334460947843457
-1.6682491281518932
-1.687309893541097
-1.5969418377703524
-1.5599092519341744
-1.6216799291804527
-1.6553320261637585
-1.514021485513492
-1.640992714410876
-1.6379514192775597
-1.6662750270083493
-1.6173174677391182
-1.6663163469207738
-1.7003291647796328
-1.5456326449467523
-1.6601455557226765
-1.703323782488251
-1.6603510689978629
-1.627931042607363
-1.6659734505351922
-1.638159234658954
-1.668134731611249
-1.652368548132114
-1.6573456004023253
-1.6362071632620285
-1.6156934372168525
-1.641310177722076
-1.6456144550140654
-1.5940675468164924
-1.7296843252439829
-1.6419603039615218
-1.655449971617131
-1.6154806093292637
-1.5937614767559927
-1.6867350735366191
-1.644798329298759
-1.6995279434880362
-1.7327874355657453
-1.6806437546927802
-1.6859166366568248
-1.5571631727983137
-1.6510983481403303
-1.6639598466217325
-1.6056582274755256
-1.6515221971754561
-1.6967171257326648
-1.679023087801573
-1.6588626341035353
-1.6654252710980992
-1.6389999132309534
-1.6387455005806435
-1.6681934267039458
-1.637570896367352
-1.7284724299366074
-1.717206505389114
-1.6349751191795847
-1.6441874174273556
-1.5103547381953242
-1.7342523570682964
-1.7127719466109987
-1.733130313438772
-1.648175647742408
-1.582937953620065
-1.6109736684717468
-1.7133397830931614
-1.602721924777024
-1.6413768199341094
-1.691844076519076
-1.5892705506356415
-1.692234323558278
-1.6914486348917064
-1.6219671272102185
-1.6382465757827223
-1.6854906685681343
-1.6374628963243416
-1.666281829755978
-1.5898431542625762
-1.641456146978772
-1.6890198768332643
-1.6017734020590646
-1.6309014203802044
-1.5633783306302322
-1.5585034943336356
-1.65668146752162
-1.6585190801003262
-1.5999815354489446
-1.6253923338027259
-1.6374904773711854
-1.6078994592207752
-1.6545132185765292
-1.6832002453438764
-1.6192368660501042
-1.6201592165384953
-1.6509860623781327
-1.631962489064781
-1.6367103186067782
-1.6922887135044946
-1.5894822206386634
-1.6405099463472161
-1.5810434405640184
-1.606198245725765
-1.6769891384471483
-1.7135975802058714
-1.652116306369892
-1.6402328309885856
-1.6072393065012784
-1.6451604807456224
-1.6638103845140395
-1.670089701914374
-1.6422853957009023
-1.6787371013055683
-1.5985629306724594
-1.6616917943906326
-1.6131284027565533
-1.742341927902464
-1.561052472134533
-1.670150595802822
-1.5276030069701787
-1.6159651500517853
-1.6726191116464793
-1.636785210923783
-1.6152543447009169
-1.6062220441971755
-1.6830149207093819
-1.6281456942368104
-1.6376105952760405
-1.6044399183163534
-1.650444837007601
-1.5853934351722663
-1.6558176572068357
-1.4620147682688822
-1.4962435904698705
-1.592144138975638
-1.6288603764632457
-1.6626907259228545
-1.606582525129104
-1.6783029283366266
-1.668694757183538
-1.6094818112772342
-1.6592866375568582
-1.5636906774514159
-1.6640563320290223
-1.6395290954811979
-1.6815905485998328
-1.7366508313513664
-1.5664916962637516
-1.6239811911185835
-1.7625004221938765
-1.5876584126409827
-1.706568250101693
-1.5381365319609928
-1.679169741120606
-1.6476358014865744
-1.5144022597437024
-1.6098651990566926
-1.6232287643532628
-1.7083882143835964
-1.5707416528246971
-1.604797088493345
-1.5411505016692126
-1.554523434922995
-1.661745411759062
-1.6659616214858537
-1.56377864375636
-1.6378458658511177
-1.6812235188862095
-1.6419315053367078
-1.5182833208835587
-1.6274977942564683
-1.6343472179180913
-1.64838957062419
-1.6837106112335645
-1.6349272193083002
-1.6292353218800257
-1.6573647157155802
-1.5954682132352094
-1.5966455771948462
-1.6359317907735293
-1.676150003690404
-1.6784509772129363
-1.6343512469865595
-1.7283245577879445
-1.5861850927650532
-1.664592642292274
-1.6509156584063704
-1.6840233633588266
-1.637075766979258
-1.653502717067173
-1.6497311075456307
-1.6294243369738153
-1.7155615062532252
-1.64884411960243
-1.6333413547308613
-1.6175324842534065
-1.5792257975695745
-1.5415203408712075
-1.585838461202369
-1.6320524099376856
-1.6375764038380305
-1.6690644965813288
-1.6628705477839818
-1.615167876677212
-1.68524133596437
-1.6811063444126293
-1.7923781417575078
-1.517303092792479
-1.6090886911114646
-1.6224223423895954
-1.5962530245643083
-1.5020664122418657
-1.6103509369558286
-1.5886506182272098
-1.62815041687329
-1.6073177076819367
-1.6532271969518832
-1.634934533162407
-1.6851060079235047
-1.638222794319023
-1.6435903014769477
-1.58978063261137
-1.6369700599645889
-1.5841281962832108
-1.6539846009744434
-1.5672992656225988
-1.6443269704330186
-1.7049323290371725
-1.6169522780052275
-1.613971034523293
-1.6101757768416345
-1.597820386664074
-1.4822845030236265
-1.6036618227985613
-1.655880531961174
-1.7237160364220623
-1.6543265220289511
-1.5136309274145554
-1.786440323613755
-1.604897448614515
-1.6050688278521614
-1.691626826593107
-1.6078198587089556
-1.6166974632929334
-1.4708784552287548
-1.6228414292503865
-1.4485951821298149
-1.6361097711069106
-1.6755163747703394
-1.6574554961006744
-1.6804708854742403
-1.7040714974218627
-1.5786941304211075
-1.682244241578801
-1.6541304476031087
-1.7227281016838414
-1.59388911372647
-1.663613922140653
-1.6610747044034513
-1.609525712027659
-1.6107639373895073
-1.6911213046706126
-1.6083323753664922
-1.6879353690806544
-1.5895191970934996
-1.675888094226613
-1.643198503269973
-1.6058569287286513
-1.6558571350434201
-1.5761185742403439
-1.6381932017447376
-1.5574326640986391
-1.5968364116681883
-1.7382803992866822
-1.5974579065222807
-1.6333447911615981
-1.5668533047462743
-1.6796851440930876
-1.6280901917178043
-1.651142470259932
-1.6573032569426815
-1.7339873056219792
-1.6806451185506048
-1.6196721666531244
-1.6787018435357466
-1.706944492580449
-1.6200392034097704
-1.6736157204188566
-1.6576897921304057
-1.68305323832647
-1.6432198941941831
-1.632159914682276
-1.636821199794796
-1.7981470889925755
-1.6503705863242781
-1.6168613192100125
-1.6031478745739174
-1.6613293064516168
-1.5897814293938992
-1.773223563446129
-1.582040960050502
-1.6469455322902915
-1.6349131311831135
-1.624514455723431
-1.6451611908565706
-1.6155616108920734
-1.6068587247850024
-1.7536644144617342
-1.6919978699469016
-1.6449263433332
-1.6049069842049184
-1.6415667760455686
-1.6639328973507042
-1.681810311103112
-1.649805722405355
-1.6405300342163514
-1.6011801965854136
-1.6547093515093876
-1.6708335818771254
-1.643545952259214
-1.6371368657255607
-1.649856820728822
-1.7057726122508077
-1.6747322513180054
-1.6225402649104375
-1.6457971083428604
-1.5792540149563403
-1.7073382496781655
-1.582739898480078
-1.681861572015802
-1.684877814625306
-1.563191041548733
-1.5916181610812874
-1.5920672697761509
-1.6322895538307114
-1.6180130678855609
-1.5874576863545935
-1.6335348026031296
-1.6373757344218465
-1.5805947984888333
-1.7120698794135683
-1.671626783415121
-1.6565617207876386
-1.6597213657676437
-1.6590824919107043
-1.6578163425369157
-1.629227156394629
-1.6239857555207058
-1.6850728092964116
-1.603959300800842
-1.6556397399160587
-1.680502811651691
-1.6556946140707114
-1.5228392088896832
-1.7118041727572368
-1.6656610686258224
-1.6563431478911732
-1.6602660674816925
-1.5793436567314598
-1.651521672079373
-1.6771764958972897
-1.740838913478842
-1.529082464879381
-1.6620261642139296
-1.6100725082067313
-1.6448856369224436
-1.75509248286602
-1.58725074871658
-1.5803583704073871
-1.6896817198844511
-1.5608894169690088
-1.6279771101479354
-1.6500385595876785
-1.595888612366965
-1.636368423135645
-1.6303927782884309
-1.6337736393076179
-1.6519029451788925
-1.6117803554096437
-1.6183251458380041
-1.6796956459505847
-1.6736570850814472
-1.66801515004097
-1.6544931815499158
-1.6420940724778672
-1.6399399699039492
-1.6949917206351337
-1.6347428960069001
-1.6588122546648718
-1.60027897709255
-1.6804359332890606
-1.516770316903713
-1.7072457116758935
-1.6423704244491095
-1.61873332941623
-1.63724187935939
-1.633520984119997
-1.5702962250031136
-1.661070093710313
-1.757193351313998
-1.6159476263416548
-1.5785670480511214
-1.7070200387837657
-1.6122488472343817
-1.5509731022820745
-1.670315010697695
-1.6450997403431518
-1.6634089255547206
-1.678323299105583
-1.6163280957032167
-1.6603796105079545
-1.73434504940208
-1.5880534047868322
-1.6207045717096766
-1.6497907663345943
-1.6192460804479951
-1.688503558240242
-1.6181735278934255
-1.5518303108270284
-1.6028282308594606
-1.6845345258584083
-1.6107888458642183
-1.6623028262185997
-1.6057702421810414
-1.6637682100453528
-1.7042459212903893
-1.6439739598904666
-1.6843944455656823
-1.5533233043910364
-1.579029128216373
-1.646410049835758
-1.6774957242628616
-1.6105495915518375
-1.6467997779552654
-1.6308411387281045
-1.768440779471274
-1.6802193854678786
-1.6043738501265494
-1.6247600037790324
-1.681414176305089
-1.5794893237953944
-1.6375688820105312
-1.6145115037031041
-1.5361206118230433
-1.645408276739141
-1.6425909932763467
-1.6361461991680515
-1.654136656678578
-1.703512156383538
-1.5238405383587377
-1.6496732290069622
-1.6119255948382563
-1.6548303659943242
-1.6938410523969556
-1.752703251899438
-1.7851514884758048
-1.6378173927619575
-1.669351717350216
-1.6363105482899605
-1.6310777610605356
-1.6341346726487336
-1.5861599907323547
-1.6600145806066067
-1.784185450528201
-1.6996735387161734
-1.7577435085985162
-1.7211677285382734
-1.615386494765328
-1.6651774114680054
-1.7591409131219167
-1.777725848242209
-1.7875773155477883
-1.7603178984516
-1.6203919948333674
-1.758154932128207
-1.6988334367809017
-1.6969302414869145
-1.7414464756483854
-1.7923781417575078
-1.6085006863354496
-1.7865072334084622
-1.7889650908614707
-1.7332205397261806
-1.6861073113536702
-1.852594111540958
-1.772456479114438
-1.6643908953287079
-1.7701407786222134
-1.6542806718191323
-1.4898037485204867
-1.7772006913555731
-1.7802293759373053
-1.7840849270342025
-1.7048719121203793
-1.7779966071816056
-1.7841283513261676
-1.735237752124762
-1.7523492571994976
-1.8248089237894758
-1.7708686921376144
-1.8141045206855995
-1.6952669878052975
-1.846542562502569
-1.7754657072299633
-1.821908160257555
-1.7133332364281857
-1.7816021363616248
-1.7216090754978508
-1.7621434462851338
-1.729858464941202
-1.841522327717317
-1.6568044911306608
-1.6769121807338305
-1.692212179483552
-1.761678192187813
-1.823772233435833
-1.6096413383763548
-1.4465200876957152
-1.778071096943441
-1.724429319697135
-1.9213631102802329
-1.8175683680392711
-1.6725652701632896
-1.6646057961652585
-1.6758330013554876
-1.6969897107932084
-1.8323194283016122
-1.6671204894986429
-1.6066859823700956
-1.6755492575198445
-1.6239042750489456
-1.848987885206459
-1.7680877353750486
-1.7023391082163104
-1.6247499546293698
-1.9213631102802329
-1.8157921141625926
-1.8230673801134625
-1.875124674769862
-1.5457261795827362
-1.6289491934291218
-1.844443410799852
-1.7825450956458708
-1.6630436690170698
-1.7979898640084593
-1.8150406368906133
-1.6951825660008537
-1.8336595320608984
-1.7463279018734688
-1.788719812540897
-1.6023355055356603
-1.6810513672727116
-1.9331553661642695
-1.7792784130756487
-1.832856281404565
-1.8171699825915522
-1.80811455894575
-1.7167171585595737
-1.8210640255205284
-1.9140045521885347
-1.9213631102802329
-1.6040952539949342
-1.6252681196158802
-1.5173324796587206
-1.692520557255163
-1.8011582901200245
-1.850347400577151
-1.5922157628791733
-1.728604483967221
-1.7326663430645528
-1.7036842626415951
-1.9160725084269148
-1.8490145202974564
-1.741307268256884
-1.8719637756401697
-1.7898115769623597
-1.7052126927641436
-1.734550499330672
-1.9292560533687086
-1.9292560533687086
-1.835921410322203
-1.7137100071526474
-1.8797533859611215
-1.8359279063046539
-1.8047019487462996
-1.6150803243181238
-1.821884556351912
-1.8580644906599588
-1.9292560533687086
-1.9095708543961962
-1.8687265892041742
-1.601575963248261
-1.9095708543961962
-1.6739722982139416
-1.9292560533687086
-1.764729847613453
-1.695498394806446
-1.8491415351473115
-1.8558558659301547
-1.8131970121249852
-1.8106792127724056
-1.9213631102802329
-1.8941508290686322
-1.8601658189337347
-1.6471873447596033
-1.69754714370919
-1.590387130620499
-1.9292560533687086
-1.8336595320608984
-1.9248016314991043
-1.8322271220302477
-1.6850470487470592
-1.7942571794595736
-1.7107529167990618
-1.9248016314991043
-1.7835574772338887
-1.835921410322203
-1.525284963129025
-1.9248016314991043
-1.9394238662438592
-1.8773254907261956
-1.825364483664719
-1.9494206872160764
-1.8579300440714341
-1.9494206872160764
-1.7325808811358339
-1.6334554047359646
-1.8245025467394003
-1.8166948828290852
-1.9494206872160764
-1.9525605765210807
-1.9525605765210807
-1.6539031588417499
-1.4872863369200038
-1.9525605765210807
-1.9525605765210807
-1.8194487700798385
-1.8173399132811447
-1.876533482313115
-1.6683943491716569
-1.7419171871150396
-1.9525605765210807
-1.5715914467825975
-1.9525605765210807
-1.946579853196835
-2.057437148157284
-1.7848372766051608
-1.6999896365915976
-1.8843553103752813
-1.9096312757885228
-1.8686459467871348
-1.8284110070617536
-1.8954715939560898
-1.7341588229371507
-2.057437148157284
-1.8498953738567798
-1.946579853196835
-1.6071521572533605
-1.6496649135761765
-1.8508013335454945
-1.6255829549965546
-1.9169998660503178
-2.057437148157284
-1.9525605765210807
-1.8004524591761322
-1.8459004193148563
-1.8345595445376806
-1.6374936362471004
-1.707537087155912
-1.9169998660503178
-1.8476840048848775
-1.8432094950138973
-2.057437148157284
-1.8920611905610338
-1.8476840048848775
-1.4859218579205944
-1.8110543048936918
-1.8777676196686923
-2.057437148157284
-1.6980980911801005
-1.9525605765210807
-1.7221659110559648
-1.9169998660503178
-1.8843553103752813
-1.936193082342143
-1.6450950913981461
-1.6061294556573615
-1.7184870089918955
-1.5607548845711758
-2.057437148157284
-1.6603531908024256
-2.057437148157284
-1.8551277923998724
-2.057437148157284
-1.52037480851022
-1.8283161122498333
-1.8551277923998724
-1.6765551064608217
-2.057437148157284
-1.8522477680373957
-1.7698079796869555
-1.6609842658811986
-1.9901335137296268
-1.7409214709529046
-1.8279089966734028
-1.636371555868234
-1.7451767378836862
-1.8600636453812949
-1.9901335137296268
-1.6353778066601656
-1.8085213311280726
-1.6854253759492448
-1.9169998660503178
-1.7989790147089297
-1.6716159525120124
-2.057437148157284
-2.0681685197153126
-1.7066710515330263
-1.7066684409838313
-1.8976564158267486
-1.6400991835902996
-1.9734618760660374
-1.81026872077283
-2.0681685197153126
-1.947316809332335
-1.6407431464576985
-1.8013243721365417
-2.0681685197153126
-2.023785330943455
-2.0681685197153126
-1.7385061126462085
-2.0681685197153126
-2.0681685197153126
-2.0681685197153126
-1.8402344927376546
-1.6531391627699161
-1.7005421010352497
-1.6968593431843417
-2.0681685197153126
-1.9463661336157005
-1.585815123195623
-1.8655862244026393
-1.9464233236741904
-1.6968593431843422
-2.0681685197153126
-2.0349778343881484
-2.0681685197153126
-1.6005590184909244
-1.822067543515074
-1.3255501666533716
-1.8954268505441592
-1.6511023307474244
-1.8655862244026393
-1.8494757976989789
-1.861532705103523
-1.8655862244026393
-1.6968593431843417
-1.9181961177206943
-1.8822282582118108
-2.0681685197153126
-2.078899891273341
-1.7589361223468347
-2.078899891273341
-1.861532705103523
-1.9463661336157005
-2.078899891273341
-1.7587344953850839
-1.7989790147089297
-1.8993926301301118
-1.8732251376256812
-1.9192703911653637
-1.7509583587891158
-1.9149291250312284
-1.8990720429297618
-1.9429582811208395
-1.8680653863081704
-1.8816966511063
-1.8395071722134242
-1.702986110890399
-1.771259898359121
-1.50385223901484
-1.9462807979110721
-1.861532705103523
-1.6893614228049076
-1.7313135009738927
-2.078899891273341
-1.8454543514558448
-1.9462807979110721
-2.078899891273341
-1.9067187724898054
-1.8884989912267207
-1.8136617045488033
-1.5154706943785725
-2.078899891273341
-1.9462807979110721
-2.047717471270585
-1.8722640766615517
-1.8459004193148563
-2.0681685197153126
-2.0681685197153126
-1.8722640766615517
-2.078899891273341
-2.0681685197153126
-1.8990720429297618
-2.0681685197153126
-2.078899891273341
-1.6422867738883244
-1.593250456976933
-2.015471562867474
-1.8223794108358822
-1.728208558166335
-1.746836349598643
-1.8017706665159858
-1.787093762274233
-1.7842046503441127
-2.078899891273341
-1.7911044218215748
-2.078899891273341
-1.471124653874278
-1.9029493341771644
-1.9181961177206943
-1.6062603644683497
-1.9280103510452515
-1.8843553103752813
-1.9632919480791093
-2.078899891273341
-2.078899891273341
-1.9624001552940988
-1.8065058629624495
-1.9632919480791093
-2.078899891273341
-2.078899891273341
-2.078899891273341
-1.8412912339920524
-2.057437148157284
-1.6351873455750152
-2.078899891273341
-2.078899891273341
-1.8288493756387496
-1.9462807979110721
-1.9584405363225272
-1.9382266036977112
-2.078899891273341
-2.0471857270704077
-2.0681685197153126
-1.8954268505441592
-2.078899891273341
-1.8490280354683624
-1.8700070113130252
-2.0466539828702306
-1.7616421126865238
-2.0471857270704077
-2.078899891273341
-1.9382266036977112
-1.7082933104194393
-1.645962341158313
-2.078899891273341
-2.078899891273341
-2.057437148157284
-2.078899891273341
-1.8959532781409651
-2.015471562867474
-1.8621712836736761
-2.078899891273341
-1.9193923693910708
-1.8491035587667546
-2.078899891273341
-2.0028025382985506
-1.8474855037094482
-2.078899891273341
-1.6962066025138007
-1.9624001552940988
-2.0681685197153126
-1.8760446564054063
-1.85790379424957
-1.8651474011957565
-1.8884989912267207
-1.6179870567015635
-2.078899891273341
-2.078899891273341
-1.9462807979110721
-2.0681685197153126
-2.057437148157284
-2.078899891273341
-2.078899891273341
-2.078899891273341
-2.0681685197153126
-2.078899891273341
-1.9546162129171334
-2.078899891273341
-2.078899891273341
-1.9462807979110721
-2.078899891273341
-1.9382266036977112
-2.078899891273341
-1.8175073964269755
-2.0681685197153126
-2.057437148157284
-2.0681685197153126
-2.0681685197153126
-2.078899891273341
-2.078899891273341
-1.8760446564054059
-1.8522477680373957
-1.8987422407411674
-1.5561755861304198
-1.71572214710432
-2.0681685197153126
-2.078899891273341
-1.970214005651139
-2.078899891273341
-1.876044656405406
-2.0354855290069316
-2.0681685197153126
-2.078899891273341
-1.6980980911801005
-2.0354855290069316
-2.078899891273341
-2.047717471270585
-2.078899891273341
-2.078899891273341
-2.0681685197153126
-2.078899891273341
-2.078899891273341
-2.0471857270704077
-1.8594444231845322
-2.0466539828702306
-2.078899891273341
-1.8722640766615517
-1.6297291341224642
-1.9193923693910708
-2.078899891273341
-2.0681685197153126
-1.6341087002732748
-2.078899891273341
-2.0681685197153126
-1.6139168668288217
-2.078899891273341
-2.0681685197153126
-2.0681685197153126
-2.078899891273341
-1.5543360764200396
-2.078899891273341
-1.6550446007515984
-1.8508013335454945
-1.9462807979110721
-1.8441690400659665
