-0.9999999999999989
-0.6257767767562519
-0.6257536078257826
-0.6257536078257826
-0.6257536078257826
-0.6195294782519625
-0.6319777373996027
-0.6257304388953132
-0.9999999999999997
-0.6319777373996027
-0.6257536078257826
-0.6257536078257826
-0.6257536078257826
-0.6257536078257826
-0.6319777373996027
-0.625776776756252
-0.6257536078257826
-0.31843080679888447
-0.6257536078257826
-0.6257536078257826
-0.6195294782519625
-0.6257767767562519
-0.9999999999999993
-0.6257536078257826
-0.9999999999999996
-0.6257536078257826
-0.6319777373996027
-0.31843080679888447
-0.6319777373996027
-0.625776776756252
-0.6257536078257826
-0.9999999999999996
-0.6257536078257826
-0.6257536078257826
-0.31843080679888447
-0.6257536078257826
-0.6319777373996027
-0.6257536078257826
-0.6319777373996027
-0.6257536078257826
-0.6257536078257826
-0.6257536078257826
-0.6257536078257826
-0.9330764088526808
-0.9999999999999998
-0.4999999999999996
-0.6319777373996027
-0.9999999999999996
-0.6319777373996027
-0.31843080679888447
-0.9999999999999993
-0.6257536078257826
-0.9999999999999993
-0.9999999999999993
-0.9330764088526808
-0.7071067811865468
-0.6257536078257826
-0.6319777373996027
-0.9330995777831502
-0.6257536078257826
-0.6319777373996027
-0.9999999999999993
-0.9999999999999991
-0.6257536078257826
-0.31843080679888447
-0.6319777373996027
-0.9999999999999993
-0.9999999999999991
-0.625776776756252
-0.9999999999999996
-0.9330764088526808
-0.9330764088526808
-0.6195294782519625
-0.6257536078257826
-0.6257536078257826
-0.625776776756252
-0.6195294782519625
-0.6319777373996027
-0.6257536078257826
-0.9999999999999994
-0.9999999999999991
-0.7071067811865467
-0.9999999999999996
-0.31843080679888447
-0.31843080679888447
-0.6257536078257826
-0.9999999999999989
-0.9999999999999993
-0.6257536078257826
-0.9999999999999998
-0.6195294782519625
-0.9330764088526808
-0.31843080679888447
-0.6319777373996027
-0.6195294782519625
-0.9999999999999992
-0.6319777373996027
-0.6195294782519625
-0.31843080679888447
-0.6257304388953132
-0.6319777373996027
-0.6319777373996027
-0.6319777373996027
-0.6257767767562519
-0.6257536078257826
-0.9330995777831502
-0.31843080679888447
-0.6195294782519625
-0.6257536078257826
-0.6257536078257826
-0.9330764088526808
-0.6257536078257826
-0.6195294782519625
-0.6257536078257826
-0.9330764088526808
-0.6257536078257826
-0.6319777373996027
-0.9330764088526808
-0.31845397572935386
-0.6257536078257826
-0.6257536078257826
-0.707106781186547
-0.9330764088526808
-0.625776776756252
-0.6257536078257826
-0.31843080679888447
-0.6257536078257826
-0.9999999999999993
-0.6257536078257826
-0.6257536078257826
-0.6257536078257826
-0.6195294782519625
-0.6257536078257826
-0.6257536078257826
-0.7071067811865472
-0.6257536078257826
-0.6319777373996027
-0.9999999999999996
-0.6257536078257826
-0.6257536078257826
-0.9999999999999993
-0.6257536078257826
-0.625776776756252
-0.6319777373996027
-0.6257536078257826
-0.6257536078257826
-0.6257536078257826
-0.6195294782519625
-0.6319777373996027
-0.9999999999999996
-0.6257536078257826
-0.625776776756252
-0.31843080679888447
-0.9999999999999993
-0.31843080679888447
-0.6257536078257826
-0.6257536078257826
-0.9999999999999991
-0.6195294782519625
-0.6257536078257826
-0.9330764088526808
-0.9330764088526808
-0.6319777373996027
-0.6257536078257826
-0.6257536078257826
-0.6257536078257826
-0.6319777373996027
-0.6319777373996027
-0.3184076378684151
-0.6257536078257826
-0.6319777373996027
-0.6257536078257826
-0.707106781186547
-0.9999999999999993
-0.6257536078257826
-0.3184076378684151
-0.6257536078257826
-0.6195294782519625
-0.9999999999999993
-0.6257536078257826
-0.6257536078257826
-0.6257536078257826
-0.6257536078257826
-0.6319777373996027
-0.9999999999999996
-0.6195294782519625
-0.9999999999999996
-0.625776776756252
-0.6319777373996027
-0.9999999999999989
-0.7071067811865476
-0.6257536078257826
-0.6257536078257826
-0.9330764088526808
-0.6257536078257826
-0.6257536078257826
-0.6257536078257826
-0.6195294782519625
-0.613282179747673
-0.6381786980429536
-0.9999999999999996
-0.6257304388953132
-0.6257536078257826
-0.6257536078257826
-0.625776776756252
-0.9330764088526808
-0.9330764088526808
-0.6257304388953132
-0.6257536078257826
-0.9330532399222115
-0.6319777373996027
-0.6257536078257826
-0.6195294782519625
-0.6257536078257826
-0.6319777373996027
-0.7071067811865471
-0.6257536078257826
-0.9999999999999991
-0.9999999999999996
-0.6257536078257826
-0.9999999999999993
-0.9999999999999991
-0.707106781186547
-0.6319777373996027
-0.6257536078257826
-0.6319777373996027
-0.6319777373996027
-0.9330764088526808
-0.6195294782519625
-0.9999999999999991
-0.4999999999999999
-0.625776776756252
-0.31843080679888447
-0.6257536078257826
-0.6319777373996027
-0.9330764088526808
-0.9999999999999993
-0.6319777373996027
-0.9999999999999996
-0.6319777373996027
-0.9999999999999996
-0.6257536078257826
-0.9999999999999991
-0.6257536078257826
-0.6257536078257826
-0.6257304388953132
-0.9330764088526808
-0.9330764088526808
-0.9330995777831502
-0.6257304388953132
-0.6257536078257826
-0.9330764088526808
-0.6257536078257826
-0.6319777373996027
-0.9330995777831502
-0.6257536078257826
-0.6257536078257826
-0.6195294782519625
-0.6257536078257826
-0.6257536078257826
-0.6257536078257826
-0.6319777373996027
-0.31843080679888447
-0.6195294782519625
-0.6195294782519625
-0.6257536078257826
-0.9330532399222115
-0.6257536078257826
-0.31845397572935386
-0.6257536078257826
-0.6319777373996027
-0.613282179747673
-0.31843080679888447
-0.6257536078257826
-0.6195294782519625
-0.6257536078257826
-0.6195294782519625
-0.6195294782519625
-0.9999999999999992
-0.7071067811865471
-0.6195294782519625
-0.6257536078257826
-0.625776776756252
-0.6257536078257826
-0.6319777373996027
-0.6319777373996027
-0.6195294782519625
-0.6319777373996027
-0.9999999999999996
-0.6257536078257826
-0.6257536078257826
-0.6319777373996027
-0.625776776756252
-0.9330764088526808
-0.9999999999999993
-0.6257536078257826
-0.9330764088526808
-0.6257767767562519
-0.31845397572935386
-0.6381786980429536
-0.6257304388953132
-0.9999999999999993
-0.7071067811865472
-0.9999999999999996
-0.6319777373996027
-0.6319777373996027
-0.9999999999999996
-0.9330532399222115
-0.625776776756252
-0.31845397572935386
-0.6257536078257826
-0.9999999999999991
-0.6195294782519625
-0.6257536078257826
-0.9330764088526808
-0.6257536078257826
-0.6195294782519625
-0.6319777373996027
-0.6319777373996027
-0.6257536078257826
-0.9330764088526808
-0.6195294782519625
-0.7071067811865474
-0.9330532399222115
-0.9999999999999996
-0.6257536078257826
-0.6257536078257826
-0.31843080679888447
-0.7071067811865469
-0.9999999999999998
-0.6257536078257826
-0.6195294782519625
-0.6319777373996027
-0.6257536078257826
-0.6381786980429536
-0.6257536078257826
-0.6257536078257826
-0.6257536078257826
-0.31845397572935386
-0.7071067811865469
-0.7071067811865468
-0.6257536078257826
-0.6257536078257826
-0.6319777373996027
-0.6257536078257826
-0.6257536078257826
-0.9999999999999997
-0.9999999999999993
-0.6195294782519625
-0.6257536078257826
-0.6195294782519625
-0.6257536078257826
-0.613282179747673
-0.6319777373996027
-0.6319777373996027
-0.6257536078257826
-0.6257536078257826
-0.6195294782519625
-0.6257536078257826
-0.6195294782519625
-0.9999999999999996
-0.9330532399222115
-0.9999999999999996
-0.6319777373996027
-0.9999999999999991
-0.9999999999999989
-0.9999999999999993
-0.9330995777831502
-0.9999999999999996
-0.6257536078257826
-0.6195294782519625
-0.9999999999999993
-0.6257536078257826
-0.625776776756252
-0.6257536078257826
-0.9999999999999996
-0.6319777373996027
-0.7071067811865471
-0.707106781186547
-0.6195294782519625
-0.6257536078257826
-0.6319777373996027
-0.6257536078257826
-0.9999999999999996
-0.6257536078257826
-0.6257304388953132
-0.6195294782519625
-0.9330764088526808
-0.6257304388953132
-0.9999999999999993
-0.6257536078257826
-0.6195294782519625
-0.625776776756252
-0.6319777373996027
-0.6257536078257826
-0.6257536078257826
-0.625776776756252
-0.6257536078257826
-0.6319777373996027
-0.9999999999999996
-0.31843080679888447
-0.6319777373996027
-0.9330995777831502
-0.613282179747673
-0.9999999999999992
-0.6257536078257826
-0.6257767767562519
-0.6319777373996027
-0.31843080679888447
-0.6319777373996027
-0.9999999999999996
-0.6319777373996027
-0.6195294782519625
-0.6195294782519625
-0.6319777373996027
-0.6257536078257826
-0.6319777373996027
-0.625776776756252
-0.6257536078257826
-0.9330764088526808
-0.6195294782519625
-0.6319777373996027
-0.6257536078257826
-0.6319777373996027
-0.6257536078257826
-0.7071067811865471
-0.6319777373996027
-0.6195294782519625
-0.6257536078257826
-0.6257536078257826
-0.6257536078257826
-0.9999999999999989
-0.31843080679888447
-0.6257536078257826
-0.6257536078257826
-0.6319777373996027
-0.6195294782519625
-0.6257536078257826
-0.6319777373996027
-0.6257536078257826
-0.6257767767562519
-0.6257536078257826
-0.5000000000000002
-0.6257536078257826
-0.9999999999999996
-0.9999999999999996
-0.9999999999999998
-0.9999999999999996
-0.707106781186547
-0.31843080679888447
-0.31843080679888447
-0.6195294782519625
-0.6319777373996027
-0.6195294782519625
-0.6257536078257826
-0.9330764088526808
-0.7071067811865476
-0.6195294782519625
-0.6257536078257826
-0.9999999999999996
-0.9999999999999991
-0.6257536078257826
-0.6257536078257826
-0.9330764088526808
-0.7071067811865475
-0.625776776756252
-0.31843080679888447
-0.625776776756252
-0.6319777373996027
-0.6257536078257826
-0.6195294782519625
-1.0
-0.9330764088526808
-0.6195294782519625
-0.625776776756252
-0.6257536078257826
-0.31845397572935386
-0.6257536078257826
-0.9999999999999991
-0.6257536078257826
-0.31843080679888447
-0.9999999999999993
-0.6195294782519625
-0.6257536078257826
-0.6195294782519625
-0.6195294782519625
-0.6319777373996027
-0.6319777373996027
-0.7071067811865471
-0.9330532399222115
-0.9999999999999996
-0.6195294782519625
-0.6195294782519625
-0.6381786980429536
-0.6195294782519625
-0.6257536078257826
-0.6195294782519625
-0.6257536078257826
-0.6257536078257826
-0.6319777373996027
-0.9330532399222115
-0.6319777373996027
-0.6257536078257826
-0.6257536078257826
-0.7071067811865471
-0.625776776756252
-0.6257536078257826
-0.9999999999999993
-0.3184076378684151
-0.9999999999999993
-0.9999999999999996
-0.6257536078257826
-0.9330532399222115
-0.7071067811865476
-0.31843080679888447
-0.6257536078257826
-0.6257536078257826
-0.707106781186547
-0.9999999999999996
-0.6257536078257826
-0.6257536078257826
-0.6257536078257826
-0.6257536078257826
-0.6257536078257826
-0.6195294782519625
-0.9999999999999991
-0.6257536078257826
-0.6257536078257826
-0.6257304388953132
-0.6257536078257826
-0.9999999999999989
-0.6319777373996027
-0.707106781186547
-0.9330764088526808
-0.6257536078257826
-0.31845397572935386
-0.625776776756252
-0.6195294782519625
-0.3184076378684151
-0.31843080679888447
-0.7071067811865469
-0.9999999999999996
-0.9999999999999991
-0.6381786980429536
-0.6257536078257826
-0.6257536078257826
-0.6381786980429536
-0.6319777373996027
-0.31843080679888447
-0.6257536078257826
-0.6319777373996027
-0.6257767767562519
-0.6257536078257826
-0.9999999999999996
-0.9999999999999996
-0.613282179747673
-0.9999999999999991
-0.6257536078257826
-0.6319777373996027
-0.6319777373996027
-0.625776776756252
-0.6257536078257826
-0.9999999999999996
-0.9999999999999993
-0.6319777373996027
-0.6257536078257826
-0.31843080679888447
-0.625776776756252
-0.7071067811865472
-0.7071067811865472
-0.6257536078257826
-0.9330764088526808
-0.6195294782519625
-0.9999999999999993
-0.31843080679888447
-0.6257536078257826
-0.31843080679888447
-0.9330764088526808
-0.6257536078257826
-0.6195294782519625
-0.707106781186547
-0.9999999999999993
-0.31843080679888447
-0.9330995777831502
-0.6257536078257826
-0.6257536078257826
-0.6257536078257826
-0.6257536078257826
-0.9999999999999991
-0.9330764088526808
-0.6319777373996027
-0.9999999999999993
-0.6257536078257826
-0.31843080679888447
-0.6257536078257826
-0.9999999999999989
-0.6257536078257826
-0.9999999999999991
-0.9999999999999991
-0.6257536078257826
-0.625776776756252
-0.6319777373996027
-0.625776776756252
-0.6257536078257826
-0.9999999999999996
-0.6257536078257826
-0.6257304388953132
-0.6195294782519625
-0.6257304388953132
-0.9999999999999993
-0.6257536078257826
-0.6257536078257826
-1.0
-0.6257536078257826
-0.9999999999999996
-0.6195294782519625
-0.31843080679888447
-0.6257536078257826
-0.9999999999999996
-0.6257536078257826
-0.6257536078257826
-0.6257304388953132
-0.31843080679888447
-0.6195294782519625
-0.6257536078257826
-0.9330532399222115
-0.6319777373996027
-0.6257536078257826
-0.6319777373996027
-0.707106781186547
-0.6319777373996027
-0.6319777373996027
-0.7071067811865468
-0.6257536078257826
-0.6195294782519625
-0.9999999999999993
-0.6257536078257826
-0.6195294782519625
-0.9999999999999993
-0.9999999999999989
-0.9330995777831502
-0.6257304388953132
-0.9999999999999992
-0.6319777373996027
-0.9999999999999993
-0.6195294782519625
-0.6319777373996027
-0.6319777373996027
-0.6257536078257826
-0.6195294782519625
-0.6319777373996027
-0.6257536078257826
-0.9999999999999996
-0.6257536078257826
-0.9330532399222115
-0.6257304388953132
-0.31843080679888447
-0.6319777373996027
-0.6319777373996027
-0.9999999999999991
-0.3184076378684151
-0.7071067811865469
-0.6319777373996027
-0.6319777373996027
-0.6195294782519625
-0.7071067811865469
-0.6257536078257826
-0.6381786980429536
-0.625776776756252
-0.9999999999999989
-0.9999999999999991
-0.6195294782519625
-0.31843080679888447
-0.6195294782519625
-0.625776776756252
-0.6195294782519625
-0.6257536078257826
-0.707106781186547
-0.9330532399222115
-0.6195294782519625
-0.9330764088526808
-0.9999999999999992
-0.6257536078257826
-0.9999999999999999
-0.31843080679888447
-0.6257536078257826
-0.6257536078257826
-0.9999999999999993
-0.6257536078257826
-0.6195294782519625
-0.6257536078257826
-0.9330764088526808
-0.9999999999999991
-0.9999999999999993
-0.9999999999999992
-0.6319777373996027
-0.9999999999999996
-0.9999999999999991
-0.6319777373996027
-0.6257536078257826
-0.9999999999999998
-0.9999999999999993
-0.7071067811865469
-0.9999999999999991
-0.6257536078257826
-0.6257536078257826
-0.9330532399222115
-0.9330532399222115
-0.625776776756252
-0.9999999999999992
-0.9999999999999993
-0.9999999999999993
-0.9999999999999996
-0.6257536078257826
-0.6319777373996027
-0.9330532399222115
-0.9999999999999996
-0.6257536078257826
-0.7071067811865469
-0.9999999999999993
-0.9999999999999993
-0.6319777373996027
-0.6257536078257826
-0.6257536078257826
-0.9999999999999992
-0.6257304388953132
-0.9330764088526808
-0.9999999999999996
-0.9999999999999996
-1.0
-0.9999999999999992
-0.9999999999999996
-0.6257536078257826
-0.9999999999999992
-0.9999999999999996
-0.9999999999999993
-0.6257536078257826
-0.9330764088526808
-0.6319777373996027
-0.9330764088526808
-0.9999999999999996
-0.6257304388953132
-0.9999999999999996
-0.9999999999999996
-0.6319777373996027
-0.9330764088526808
-0.6195294782519625
-0.9999999999999998
-0.9999999999999993
-0.6319777373996027
-0.9999999999999989
-0.9999999999999993
-0.9999999999999992
-0.6257536078257826
-0.31845397572935386
-0.625776776756252
-0.6257536078257826
-0.9330764088526808
-0.625776776756252
-0.7071067811865469
-0.6257536078257826
-0.6257536078257826
-0.9999999999999993
-0.9999999999999991
-0.9999999999999992
-0.6257536078257826
-0.6257536078257826
-0.9330995777831502
-0.6319777373996027
-0.9999999999999993
-0.9999999999999992
-0.9999999999999991
-0.6257536078257826
-0.625776776756252
-0.9999999999999993
-0.9999999999999996
-0.31845397572935386
-0.6257536078257826
-0.9999999999999993
-0.9999999999999989
-0.9999999999999991
-0.9999999999999991
-0.6257536078257826
-0.9999999999999993
-0.707106781186547
-0.6319777373996027
-0.6257536078257826
-0.6319777373996027
-0.31843080679888447
-0.6319777373996027
-0.9999999999999991
-0.6257536078257826
-0.9999999999999991
-0.9999999999999996
-0.6319777373996027
-0.6195294782519625
-0.707106781186547
-0.6319777373996027
-0.9999999999999989
-0.6319777373996027
-0.9330764088526808
-0.9999999999999991
-0.6257536078257826
-0.6257536078257826
-0.9999999999999996
-0.6257536078257826
-0.6319777373996027
-0.9999999999999997
-0.6195294782519625
-0.9999999999999993
-0.6257536078257826
-0.6195294782519625
-0.6195294782519625
-0.9999999999999993
-0.9999999999999993
-0.31845397572935386
-0.6195294782519625
-0.9999999999999991
-0.9999999999999991
-0.6319777373996027
-0.6257304388953132
-0.6257536078257826
-0.6257536078257826
-0.7071067811865468
-0.9999999999999993
-0.9999999999999996
-0.9999999999999992
-0.6257536078257826
-0.613282179747673
-0.9999999999999992
-0.9999999999999993
-0.613282179747673
-0.9330764088526808
-0.9999999999999993
-0.9330764088526808
-0.9999999999999991
-0.9999999999999991
-0.6195294782519625
-0.6257536078257826
-0.31843080679888447
-0.6257536078257826
-0.7071067811865466
-0.6195294782519625
-0.6319777373996027
-0.6257536078257826
-0.6257536078257826
-0.9999999999999991
-0.613282179747673
-0.7071067811865466
-0.31843080679888447
-0.9999999999999992
-0.6257536078257826
-0.6381786980429536
-0.6257536078257826
-0.625776776756252
-0.6257536078257826
-0.9999999999999992
-0.9999999999999991
-0.6195294782519625
-0.6257536078257826
-0.6195294782519625
-0.9999999999999991
-0.6257536078257826
-0.6195294782519625
-0.9999999999999996
-0.6195294782519625
-0.6257536078257826
-0.9999999999999993
-0.9999999999999993
-0.7071067811865471
-0.6319777373996027
-0.9999999999999992
-0.6257536078257826
-0.625776776756252
-0.9999999999999998
-0.9999999999999989
-0.6195294782519625
-0.6319777373996027
-0.625776776756252
-0.6195294782519625
-0.6381786980429536
-0.9999999999999989
-0.9999999999999993
-0.6257536078257826
-0.6257536078257826
-0.6257536078257826
-0.9999999999999993
-0.6257536078257826
-0.6257536078257826
-0.6257536078257826
-0.31843080679888447
-0.625776776756252
-0.31843080679888447
-0.31843080679888447
-0.9999999999999989
-0.6195294782519625
-0.6257536078257826
-0.6195294782519625
-0.6257536078257826
-0.9999999999999992
-0.6195294782519625
-0.9330764088526808
-0.9999999999999991
-0.9999999999999996
-0.6257536078257826
-0.9330764088526808
-0.6257536078257826
-0.9999999999999991
-0.31843080679888447
-0.9330532399222115
-0.6257536078257826
-0.6195294782519625
-1.0
-0.9999999999999996
-0.6319777373996027
-0.6319777373996027
-0.6257536078257826
-0.6257536078257826
-0.9999999999999993
-0.6319777373996027
-0.31843080679888447
-0.6195294782519625
-0.9999999999999996
-0.9999999999999991
-0.6319777373996027
-0.6195294782519625
-0.6257536078257826
-0.6257536078257826
-0.9999999999999993
-0.6257536078257826
-0.6257536078257826
-0.6257536078257826
-0.6257536078257826
-0.9999999999999993
-0.9999999999999993
-0.9999999999999993
-0.6257304388953132
-0.9999999999999996
-0.9999999999999992
-0.9999999999999989
-0.9999999999999989
-0.6195294782519625
-0.9999999999999991
-0.31845397572935386
-0.6257536078257826
-0.9999999999999993
-0.6319777373996027
-0.9999999999999996
-0.9999999999999996
-0.6257536078257826
-0.6257536078257826
-0.6195294782519625
-0.6257536078257826
-0.6257536078257826
-0.6257536078257826
-0.3184076378684151
-0.9999999999999992
-0.31843080679888447
-0.9999999999999993
-0.9999999999999996
-0.9999999999999992
-0.9999999999999993
-0.9999999999999996
-0.6257536078257826
-0.9999999999999996
-0.6257536078257826
-0.6257536078257826
-0.6195294782519625
-0.6195294782519625
-0.6195294782519625
-0.31845397572935386
-0.9999999999999991
-0.6257536078257826
-0.6257536078257826
-0.6257536078257826
-0.6257536078257826
-0.31843080679888447
-0.9999999999999992
-0.31843080679888447
-0.9999999999999991
-0.9999999999999993
-0.6257536078257826
-0.6257536078257826
-0.6257536078257826
-0.9999999999999996
-0.31843080679888447
-0.6319777373996027
-0.6319777373996027
-0.9999999999999991
-0.7071067811865468
-0.9999999999999993
-0.9999999999999993
-0.7071067811865474
-0.9330764088526808
-0.6257536078257826
-0.9999999999999996
-0.625776776756252
-0.9999999999999992
-0.9999999999999996
-0.6195294782519625
