0.9999999999999989
-1.0408340855860843e-17
-6.938893903907228e-18
2.7538735181131813e-17
8.673617379884035e-17
-2.7755575615628914e-17
4.5102810375396984e-17
-3.5561831257524545e-17
-4.7704895589362195e-17
-3.469446951953612e-18
8.673617379884034e-18
-1.713039432527097e-17
2.1467203015212988e-17
1.3877787807814457e-17
-2.42861286636753e-17
1.665334536937735e-16
6.591949208711867e-17
1.5265566588595902e-16
6.938893903907228e-18
1.734723475976807e-18
-8.673617379884035e-19
3.469446951953615e-18
3.469446951953614e-17
3.469446951953614e-17
1.8214596497756474e-17
-5.865533753146579e-17
1.3877787807814457e-17
-2.7755575615628914e-17
1.734723475976807e-16
8.673617379884035e-19
1.0408340855860843e-17
-6.071532165918825e-18
-1.474514954580286e-17
1.734723475976807e-18
-2.7755575615628914e-17
-5.204170427930421e-18
1.1275702593849246e-17
3.4694469519536138e-18
1.0408340855860843e-17
1.3444106938820255e-17
-1.0842021724855044e-18
3.122502256758253e-17
-1.491862189340054e-16
-6.938893903907228e-17
-1.8214596497756474e-17
1.3877787807814457e-17
-1.3877787807814454e-17
-7.632783294297951e-17
1.214306433183765e-17
4.336808689942018e-18
9.71445146547012e-17
3.469446951953614e-18
1.7694179454963432e-16
-2.7755575615628914e-17
3.469446951953614e-18
1.2576745200831851e-16
-5.2475385148298415e-17
-2.7755575615628914e-17
-1.7105694144590052e-49
4.4994390158148434e-18
-3.469446951953614e-17
5.551115123125783e-17
-1.0408340855860843e-17
-3.469446951953609e-18
-5.4643789493269423e-17
3.642919299551295e-17
2.688821387764051e-17
3.2959746043559335e-17
9.8879238130678e-17
1.431146867680866e-17
-3.469446951953614e-18
1.0408340855860843e-17
-2.7755575615628914e-17
8.673617379884035e-19
-4.163336342344337e-17
9.107298248878237e-18
-2.42861286636753e-17
1.1449174941446927e-16
-4.1633363423443376e-17
1.6653345369377348e-16
-1.0408340855860843e-17
7.090682208055199e-17
1.0408340855860843e-17
-3.2959746043559335e-17
1.3877787807814457e-17
1.1275702593849246e-17
-1.0408340855860843e-17
5.898059818321144e-17
4.85722573273506e-17
1.734723475976807e-17
-1.5612511283791264e-17
-3.469446951953614e-18
3.664603343001005e-17
-1.0408340855860843e-17
2.1666711874356395e-34
3.144186300207963e-18
1.214306433183765e-17
1.0408340855860843e-17
-3.469446951953614e-18
1.0408340855860843e-16
4.163336342344337e-17
2.7755575615628914e-17
-6.5052130349130266e-18
-4.683753385137379e-17
-2.42861286636753e-17
-8.673617379884035e-18
1.214306433183765e-16
-1.734723475976807e-18
-3.469446951953614e-18
-2.775557561562891e-17
8.879615792656281e-17
-4.597017211338539e-17
-1.3877787807814457e-17
8.673617379884043e-19
9.540979117872439e-18
-6.245004513516506e-17
3.832654679736258e-17
-1.3877787807814457e-17
-1.734723475976807e-17
6.396792817664476e-17
-4.163336342344337e-17
-1.1275702593849246e-17
-2.0816681711721685e-17
-4.5102810375396984e-17
5.377642775528102e-17
-2.2723217683798945e-33
-2.2551405187698492e-17
2.5153490401663703e-17
1.6479873021779667e-17
-4.5102810375396984e-17
-9.974659986866641e-17
3.5561831257524545e-17
1.0061396160665481e-16
-1.040834085586084e-17
1.734723475976808e-18
2.3418766925686896e-17
0.7071067811865466
1.5612511283791264e-17
-3.0357660829594124e-17
7.806255641895632e-18
-3.556183125752456e-17
4.163336342344337e-17
6.938893903907228e-17
1.734723475976807e-18
-4.7704895589362195e-17
-3.469446951953614e-18
-1.1275702593849246e-17
9.606031248221569e-17
6.93889390390723e-18
3.469446951953614e-17
8.673617379884035e-18
3.4694469519536138e-18
-3.0357660829594124e-17
-6.938893903907228e-18
-2.7755575615628914e-17
6.938893903907228e-18
-5.551115123125783e-17
-1.6631661325927638e-16
7.892991815694472e-17
9.020562075079397e-17
4.336808689942018e-18
1.214306433183765e-17
-1.8388068845354155e-16
3.2959746043559335e-17
5.204170427930421e-18
-1.6046192152785466e-17
2.168404344971009e-17
1.3481509610710648e-33
4.2500725161431774e-17
-5.4643789493269423e-17
4.85722573273506e-17
-3.2959746043559335e-17
-1.734723475976807e-17
-1.734723475976807e-18
-5.204170427930421e-17
4.553649124439119e-18
1.734723475976807e-18
-1.3877787807814457e-17
2.0816681711721685e-17
-8.673617379884035e-18
-6.071532165918825e-18
1.0408340855860843e-17
-8.673617379884035e-19
3.469446951953614e-17
1.8214596497756474e-17
5.377642775528102e-17
3.4211388289180104e-49
1.5612511283791264e-17
1.5612511283791264e-17
1.1796119636642288e-16
-4.5102810375396984e-17
-1.97758476261356e-16
1.1102230246251565e-16
1.3877787807814457e-17
6.938893903907228e-18
6.938893903907228e-18
-3.469446951953614e-18
-1.431146867680866e-17
-0.9999999999999992
-3.122502256758253e-17
-2.168404344971009e-17
8.579481839663952e-36
2.7755575615628914e-17
3.122502256758253e-17
-2.0816681711721685e-17
-1.9081958235744878e-17
-1.700029006457271e-16
1.1622647289044608e-16
3.8163916471489756e-17
-1.0408340855860844e-17
-6.938893903907228e-18
-4.1633363423443376e-17
-1.702197410802242e-17
2.168404344971009e-17
6.9388939039072276e-18
-3.469446951953614e-17
2.7755575615628907e-17
1.3877787807814457e-17
-1.7520707107365752e-16
0.9999999999999996
7.806255641895632e-18
-5.551115123125783e-17
-1.0389091606083387e-33
1.6523241108679088e-16
-6.938893903907228e-18
6.9388939039072245e-18
-2.6020852139652106e-17
-2.7755575615628914e-17
-1.3877787807814457e-17
3.469446951953614e-18
-4.163336342344337e-17
-6.808789643208968e-17
1.5439038936193583e-16
-5.724587470723463e-17
-5.204170427930421e-18
-1.8214596497756474e-17
5.724587470723463e-17
-8.673617379884035e-17
1.3010426069826053e-18
7.979727989493313e-17
-9.71445146547012e-17
-3.3393426912553537e-17
3.538896272811546e-33
-1.5265566588595902e-16
7.806255641895632e-18
-3.0357660829594124e-17
-1.561251128379126e-17
-1.0408340855860843e-16
2.7755575615628914e-17
3.7621815385247004e-17
-8.673617379884035e-17
-3.2959746043559335e-17
-7.025630077706069e-17
-1.734723475976807e-17
-1.3444106938820255e-16
5.637851296924623e-17
-1.734723475976807e-17
2.0816681711721685e-17
-7.28583859910259e-17
-1.3877787807814457e-17
-1.9949319973733282e-17
-5.204170427930421e-18
-9.540979117872439e-18
-1.474514954580286e-17
-3.469446951953614e-17
5.637851296924623e-18
5.117434254131581e-17
-2.168404344971009e-17
1.457167719820518e-16
2.7755575615628914e-17
-1.474514954580286e-16
5.594483210025203e-17
1.1102230246251565e-16
4.85722573273506e-17
-1.7347234759768077e-17
-3.469446951953615e-18
1.5829351718288365e-17
-6.938893903907228e-18
-3.469446951953614e-18
2.168404344971009e-17
-6.938893903907228e-18
-3.469446951953614e-17
1.7158963679327915e-35
2.34337466040915e-34
1.5612511283791264e-17
-4.85722573273506e-17
1.0408340855860843e-17
-1.1275702593849246e-17
2.0816681711721685e-16
-2.42861286636753e-17
4.85722573273506e-17
0.0
1.0885389811754465e-16
1.491862189340054e-16
-5.204170427930421e-18
1.3877787807814457e-17
-0.5
0.0
2.168404344971009e-17
-8.666684749742561e-34
-7.28583859910259e-17
1.6479873021779667e-17
1.8041124150158794e-16
1.5612511283791264e-17
-1.4116312285761268e-16
-4.163336342344337e-17
3.469446951953614e-18
-1.9081958235744878e-17
4.87890977618477e-18
9.812029660993815e-18
-2.0816681711721685e-17
3.4694469519536126e-18
6.765421556309548e-17
6.245004513516506e-17
4.683753385137379e-17
2.42861286636753e-17
1.7780915628762273e-17
0.0
-2.5153490401663703e-17
-2.6020852139652106e-18
-1.734723475976807e-17
-1.942890293094024e-16
-1.0408340855860841e-17
1.0408340855860843e-17
-1.0408340855860843e-17
-1.1882855810441129e-16
6.071532165918825e-18
-5.204170427930421e-17
8.673617379884035e-19
9.974659986866641e-18
-4.85722573273506e-17
-1.8214596497756474e-17
2.0816681711721685e-17
-1.3877787807814457e-17
1.0364972768961422e-16
-1.9949319973733282e-17
2.42861286636753e-17
-8.673617379884035e-17
-3.8163916471489756e-17
4.336808689942018e-18
-2.3418766925686896e-17
-1.3877787807814457e-17
7.28583859910259e-17
0.0
3.122502256758253e-17
5.2041704279304205e-18
2.0383000842727483e-17
6.9388939039072245e-18
1.3877787807814457e-17
6.938893903907228e-18
-1.3877787807814455e-17
-1.8214596497756474e-17
-3.469446951953616e-18
3.5561831257524545e-17
0.0
-8.673617379884035e-19
-1.734723475976807e-17
-2.6020852139652106e-17
1.1102230246251565e-16
-1.3877787807814457e-17
2.8536201179818477e-16
-1.734723475976807e-18
6.938893903907228e-18
4.163336342344337e-17
2.0816681711721685e-17
4.163336342344337e-17
-3.122502256758253e-17
0.0
-4.336808689942018e-18
-1.3400738851920835e-16
3.469446951953614e-17
4.85722573273506e-17
-6.938893903907228e-18
4.85722573273506e-17
3.469446951953614e-18
6.852157730108388e-17
2.905661822261152e-17
1.5612511283791264e-17
5.377642775528102e-17
2.4936649967166602e-17
1.3877787807814457e-17
4.8148248609680905e-34
2.6020852139652106e-17
-4.5102810375396984e-17
4.2500725161431774e-17
-1.3877787807814452e-17
6.938893903907228e-18
-2.0816681711721685e-17
-1.474514954580286e-17
-1.9949319973733282e-17
6.0715321659188256e-18
-4.0766001685454967e-17
1.3877787807814457e-17
-5.898059818321144e-17
-1.6479873021779667e-17
1.6653345369377348e-16
6.071532165918825e-18
7.37257477290143e-17
-4.206704429243757e-17
4.5102810375396984e-17
3.0357660829594124e-17
-1.734723475976807e-18
5.811323644522304e-17
-2.7755575615628914e-17
-1.734723475976807e-17
8.847089727481716e-17
-9.629649721936164e-35
-3.469446951953614e-18
-1.1275702593849246e-17
-2.6020852139652106e-18
-2.0816681711721685e-17
-1.6653345369377348e-16
3.469446951953614e-18
1.3877787807814452e-17
4.119968255444917e-18
-1.6479873021779667e-17
-4.1633363423443376e-17
1.3877787807814457e-17
3.382710778154774e-17
-1.249000902703301e-16
2.7755575615628914e-17
-2.9652929417478546e-17
1.734723475976807e-17
3.469446951953614e-17
6.938893903907228e-17
-2.168404344971009e-17
3.122502256758253e-17
1.1627180905117056e-33
-3.4694469519536138e-18
3.642919299551295e-17
-4.428771124622768e-48
-6.591949208711867e-17
2.2551405187698492e-17
7.249246775781204e-17
-2.1033522146218786e-17
-2.0816681711721685e-16
4.336808689942018e-18
-5.854691731421724e-18
2.42861286636753e-17
-1.0408340855860843e-17
-0.4999999999999999
-6.245004513516506e-17
1.0408340855860843e-17
2.7755575615628914e-17
-2.5326962749261384e-16
3.382710778154774e-17
1.3877787807814457e-16
1.0755285551056204e-16
2.949029909160572e-17
-1.0842021724855044e-17
3.209238430557093e-17
-6.938893903907228e-18
-4.1633363423443376e-17
-1.734723475976807e-17
1.9949319973733282e-17
3.7730235602495554e-17
1.3877787807814452e-17
-1.4311468676808659e-16
-1.214306433183765e-17
-5.204170427930421e-17
2.0816681711721685e-17
3.8163916471489756e-17
0.9999999999999994
1.0842021724855044e-17
-6.938893903907228e-17
-1.3877787807814457e-17
-7.806255641895632e-18
7.112366251504909e-17
-1.214306433183765e-16
1.3877787807814457e-17
4.553649124439119e-18
2.168404344971009e-17
1.3010426069826053e-17
-3.469446951953614e-18
-2.949029909160572e-16
-6.938893903907228e-18
-1.3877787807814457e-17
-1.1275702593849246e-16
1.3877787807814457e-17
7.28583859910259e-17
-1.2793585635328952e-17
2.7755575615628914e-17
2.42861286636753e-17
1.3877787807814457e-17
2.905661822261152e-17
-7.806255641895632e-18
2.7755575615628914e-17
2.2551405187698492e-17
1.3010426069826053e-17
0.0
-3.8163916471489756e-17
-2.255140518769849e-16
2.8189256484623115e-18
-5.746271514173174e-17
1.3877787807814457e-17
-2.6020852139652103e-18
2.6020852139652106e-18
2.7755575615628914e-17
-1.9081958235744878e-17
-3.903127820947816e-18
8.673617379884035e-18
-1.4338573731120802e-17
1.0061396160665481e-16
1.734723475976807e-18
-5.2041704279304205e-18
-2.983724378680108e-16
2.636779683484747e-16
-2.7755575615628914e-17
2.3592239273284576e-16
1.6479873021779658e-17
-6.938893903907228e-18
-2.0816681711721685e-17
-5.117434254131581e-17
-4.445228907190568e-18
2.0816681711721688e-17
-6.41463530422127e-50
-1.214306433183765e-17
-6.0715321659188256e-18
1.0408340855860846e-17
-1.1102230246251565e-16
5.204170427930422e-18
-2.168404344971009e-17
1.734723475976807e-16
6.9388939039072245e-18
-5.204170427930422e-17
-9.540979117872439e-18
-3.469446951953614e-18
-1.3877787807814455e-17
-1.8865117801247777e-17
-1.734723475976807e-17
-2.7755575615628914e-17
-6.938893903907238e-18
5.551115123125783e-17
1.3877787807814457e-17
-4.9439619065339e-17
-2.5153490401663706e-17
2.42861286636753e-17
5.551115123125783e-17
-5.898059818321144e-17
1.1275702593849246e-17
-1.1275702593849246e-17
5.898059818321144e-17
-9.71445146547012e-17
1.9949319973733288e-17
-2.905661822261152e-17
6.9388939039072276e-18
2.4286128663675293e-17
-1.249000902703301e-16
0.49999999999999956
1.1102230246251565e-16
-1.3010426069826053e-17
1.463672932855431e-17
1.3877787807814457e-16
7.589415207398531e-17
2.914335439641036e-16
-1.0928757898653885e-16
4.163336342344337e-17
-1.196959198423997e-16
-1.3227266504323154e-17
-1.1102230246251565e-16
2.42861286636753e-17
3.122502256758253e-17
1.0408340855860843e-17
-6.938893903907228e-18
-7.936359902593892e-17
-0.49999999999999933
-2.6888213877640507e-17
-1.3877787807814463e-17
3.4694469519536134e-18
9.540979117872439e-18
-6.245004513516506e-17
-3.9898639947466563e-17
-8.933825901280557e-17
1.3877787807814455e-17
1.6479873021779667e-17
-4.336808689942018e-17
-1.0408340855860841e-17
6.938893903907228e-18
3.469446951953615e-18
-6.591949208711867e-17
-1.249000902703301e-16
9.36750677027476e-17
-1.734723475976807e-17
-6.938893903907228e-17
-2.710505431213761e-17
-8.326672684688674e-17
-3.8518598887744724e-33
-2.3852447794681098e-17
-1.7347234759768046e-18
-9.974659986866641e-17
5.204170427930421e-18
-4.85722573273506e-17
-2.2551405187698492e-17
-5.898059818321144e-17
3.0357660829594124e-17
-2.4286128663675305e-17
-5.055566104016492e-34
-4.5102810375396984e-17
-7.979727989493313e-17
-6.006480035569695e-17
5.2909066017292616e-17
-1.734723475976807e-18
-1.0061396160665481e-16
1.8735013540549517e-16
-1.0408340855860843e-16
9.540979117872444e-18
1.0408340855860847e-17
5.204170427930421e-17
-1.734723475976808e-17
-5.204170427930421e-17
6.938893903907228e-18
-5.2909066017292616e-17
-6.938893903907228e-18
-1.3877787807814457e-17
4.336808689942015e-18
-1.3183898417423734e-16
-3.3393426912553537e-17
-0.7071067811865471
6.938893903907228e-18
6.938893903907228e-17
-1.3444106938820255e-16
-1.3877787807814457e-17
-1.0148132334464322e-16
7.806255641895632e-17
-2.3852447794681098e-17
-2.949029909160572e-17
2.7755575615628914e-17
-1.3877787807814457e-17
-2.3418766925686896e-17
6.938893903907231e-18
3.903127820947816e-18
-6.938893903907228e-18
6.938893903907228e-18
2.0816681711721685e-17
1.3444106938820255e-16
1.249000902703301e-16
-3.209238430557093e-17
-2.2551405187698492e-17
-1.9081958235744878e-16
-1.0408340855860843e-16
-1.734723475976807e-17
-8.673617379884035e-19
6.9388939039072245e-18
-1.9081958235744878e-17
9.540979117872439e-18
-3.469446951953615e-18
3.469446951953614e-18
6.938893903907228e-17
1.3877787807814457e-17
1.734723475976807e-18
-3.122502256758253e-17
-2.77555756156289e-17
-2.0816681711721685e-17
-3.469446951953613e-18
6.071532165918825e-18
-1.5612511283791264e-16
8.673617379884035e-18
-8.326672684688674e-17
-9.71445146547012e-17
-1.1535911115245767e-16
-7.632783294297951e-17
-1.734723475976807e-17
-3.469446951953614e-18
-2.42861286636753e-17
2.168404344971009e-17
-1.0408340855860843e-17
-2.168404344971009e-17
-1.6653345369377348e-16
1.3704315460216776e-16
-1.0408340855860841e-17
-8.153200337090993e-17
1.0408340855860843e-16
-4.9873299934333204e-18
2.42861286636753e-17
1.3877787807814457e-17
-9.540979117872439e-18
1.3877787807814457e-17
-1.249000902703301e-16
-1.8214596497756474e-17
-2.8709673527416157e-16
8.673617379884005e-18
-6.938893903907228e-18
-6.938893903907228e-18
-7.979727989493313e-17
-1.3183898417423734e-16
-1.3010426069826053e-17
-5.204170427930421e-18
3.9898639947466563e-17
0.999999999999999
-1.3877787807814457e-17
-1.1275702593849246e-17
2.2768245622195593e-17
4.163336342344337e-17
-3.2526065174565133e-18
-3.2959746043559335e-17
-1.5265566588595902e-16
8.779350452641178e-34
1.2663481374630692e-16
8.673617379884035e-18
1.713039432527097e-17
3.122502256758253e-17
-2.3592239273284576e-16
1.222980050563649e-16
1.4224732503009818e-16
-6.245004513516506e-17
0.7071067811865468
7.806255641895632e-17
-9.020562075079397e-17
-6.071532165918825e-18
2.293117219373735e-34
-4.276423536147513e-49
-2.775557561562891e-17
5.139118297581291e-17
1.3877787807814457e-17
3.122502256758253e-17
4.85722573273506e-17
-3.2959746043559335e-17
-8.673617379884035e-19
-2.6020852139652106e-18
-3.5561831257524545e-17
-6.938893903907228e-18
-2.6020852139652106e-17
-3.122502256758253e-17
-1.3877787807814457e-17
-1.3877787807814457e-17
1.474514954580286e-17
-2.0816681711721685e-17
3.122502256758253e-17
3.469446951953614e-18
-1.734723475976807e-18
1.5178830414797062e-18
-1.734723475976807e-17
1.9081958235744878e-17
-3.4694469519536138e-18
1.214306433183765e-17
-4.336808689942018e-17
-3.469446951953614e-18
-1.3877787807814455e-17
-2.4286128663675302e-17
-1.6479873021779667e-17
-1.3877787807814457e-17
1.6653345369377348e-16
-1.3877787807814457e-17
4.336808689942018e-17
1.9949319973733282e-17
1.4224732503009818e-16
-3.404394821604484e-17
8.326672684688674e-17
9.540979117872439e-18
-3.469446951953614e-17
3.122502256758253e-17
-9.540979117872439e-18
1.734723475976807e-17
-3.469446951953614e-18
-1.942890293094024e-16
4.2500725161431774e-17
-2.2551405187698492e-17
-4.5102810375396984e-17
1.214306433183765e-17
2.3418766925686896e-17
0.0
9.866239769618087e-18
-6.938893903907228e-18
1.734723475976807e-17
-5.204170427930421e-18
2.168404344971009e-17
-1.3877787807814455e-17
-3.5561831257524545e-17
1.5178830414797062e-17
-1.9081958235744878e-17
1.9081958235744878e-17
-1.249000902703301e-16
-0.9999999999999999
-0.9999999999999999
-0.9999999999999996
0.9999999999999993
0.7071067811865462
-0.9999999999999999
3.5561831257524545e-17
-0.999999999999999
-1.1102230246251565e-16
-0.9999999999999994
1.3530843112619095e-16
-0.7071067811865466
-0.9999999999999989
0.9999999999999988
-0.707106781186547
0.9999999999999997
1.0408340855860843e-17
-0.9999999999999994
0.9999999999999998
0.7071067811865472
0.9999999999999997
3.903127820947816e-18
0.7071067811865491
0.9999999999999997
3.9898639947466563e-16
1.2771901591879242e-16
-0.9999999999999997
-0.9999999999999998
8.673617379884035e-19
0.999999999999998
-0.7071067811865467
0.9999999999999991
0.7071067811865469
-1.6479873021779667e-16
-0.9999999999999996
0.707106781186549
0.9999999999999998
4.7704895589362195e-17
-0.999999999999997
0.9999999999999987
2.3418766925686896e-17
-0.7071067811865489
-1.5785983631388945e-16
0.9999999999999999
-0.9999999999999998
0.9999999999999999
0.9999999999999997
0.9999999999999996
0.9999999999999998
-0.9999999999999998
-0.9999999999999997
-0.7071067811865464
-0.9999999999999998
-3.4694469519536138e-18
3.469446951953614e-17
-8.326672684688674e-17
-0.7071067811865469
0.9999999999999989
0.9999999999999998
0.9999999999999998
1.734723475976807e-18
0.9999999999999996
0.999999999999999
-0.9999999999999998
-0.9999999999999996
-0.9999999999999996
-0.9999999999999999
-0.9999999999999998
-0.9999999999999996
1.3877787807814457e-17
-4.336808689942018e-18
-7.632783294297951e-17
-0.9999999999999993
0.9999999999999996
2.4286128663675302e-17
0.9999999999999998
-0.9999999999999998
0.9999999999999998
0.9999999999999992
6.0715321659188256e-18
0.9999999999999998
0.9999999999999998
0.9999999999999996
-1.0408340855860843e-17
-0.9999999999999999
0.9999999999999997
0.9999999999999997
1.3877787807814455e-17
-0.9999999999999996
0.9999999999999998
-1.6479873021779667e-17
0.9999999999999998
-6.071532165918825e-18
-0.9999999999999996
0.9999999999999997
4.85722573273506e-17
-9.107298248878237e-17
-0.9999999999999981
2.6020852139652106e-18
-1.249000902703301e-16
-0.9999999999999998
0.9999999999999996
0.9999999999999997
-0.9999999999999998
2.0122792321330962e-16
1.6132928326584306e-16
-0.9999999999999994
0.9999999999999994
1.491862189340054e-16
-0.9999999999999997
0.9999999999999999
-0.9999999999999999
-0.9999999999999998
-0.9999999999999994
0.9999999999999998
0.9999999999999998
0.9999999999999997
0.9999999999999997
-0.9999999999999999
-3.5561831257524545e-17
-0.9999999999999998
-0.9999999999999999
-0.9999999999999994
0.7071067811865466
0.9999999999999994
-0.9999999999999997
-0.9999999999999997
-0.9999999999999999
-0.7071067811865465
0.9999999999999992
-1.457167719820518e-16
0.9999999999999997
-0.9999999999999999
0.9999999999999996
-0.9999999999999998
5.204170427930421e-17
-2.688821387764051e-17
1.8041124150158794e-16
0.9999999999999996
-0.9999999999999996
-0.9999999999999997
0.9999999999999996
-0.9999999999999997
-0.9999999999999996
2.7755575615628914e-17
0.9999999999999998
-7.37257477290143e-17
-0.9999999999999997
3.9898639947466563e-17
-0.9999999999999997
-0.9999999999999998
3.469446951953614e-18
-0.9999999999999996
-0.9999999999999992
-0.9999999999999998
-0.7071067811865469
0.9999999999999996
-2.220446049250313e-16
-0.9999999999999996
-0.9999999999999999
-1.457167719820518e-16
0.7071067811865465
-0.9999999999999998
-2.6020852139652106e-18
-0.9999999999999993
2.42861286636753e-17
-0.9999999999999989
4.336808689942018e-18
-0.9999999999999998
-0.9999999999999998
0.9999999999999998
1.1275702593849246e-17
-0.9999999999999993
0.9999999999999993
2.6020852139652106e-17
0.9999999999999998
-0.9999999999999974
6.938893903907228e-18
-0.9999999999999994
1.8474805019152996e-16
1.7694179454963432e-16
-2.42861286636753e-17
0.7071067811865468
-0.9999999999999999
-8.673617379884035e-18
-8.326672684688674e-17
-1.0
8.673617379884035e-18
-0.9999999999999997
-0.9999999999999999
0.7071067811865465
-0.9999999999999992
-0.9999999999999997
2.0816681711721685e-17
3.469446951953614e-18
-0.9999999999999998
0.9999999999999996
0.9999999999999998
1.0625181290357943e-17
-0.9999999999999994
0.9999999999999996
-0.999999999999999
-3.946495907847236e-17
2.3418766925686896e-17
0.9999999999999992
0.9999999999999993
-0.9999999999999998
-0.9999999999999997
1.3010426069826053e-17
-0.9999999999999996
-2.138211768073757e-50
0.9999999999999986
0.9999999999999997
-0.9999999999999998
0.7071067811865474
-0.9999999999999987
-0.9999999999999998
-5.551115123125783e-17
2.6020852139652106e-18
-0.9999999999999999
-0.35355339059327223
0.9999999999999997
-6.418476861114186e-17
1.5178830414797062e-17
-0.9999999999999997
0.9999999999999999
1.1796320909371823e-33
-5.551115123125783e-17
