1.0
-1.734723475976807e-17
8.413408858487514e-17
3.469446951953614e-17
1.3877787807814457e-17
1.3877787807814455e-17
-2.42861286636753e-17
5.204170427930421e-18
-6.245004513516506e-17
3.9898639947466563e-17
-3.176751791557391e-33
1.7453740121009331e-34
-8.153200337090993e-17
3.122502256758253e-17
2.7755575615628914e-17
-1.3877787807814457e-17
4.163336342344337e-17
-1.196959198423997e-16
-3.469446951953614e-18
-2.4286128663675302e-17
4.163336342344337e-17
1.734723475976807e-17
3.122502256758253e-17
1.1275702593849246e-17
-4.85722573273506e-17
1.249000902703301e-16
-7.979727989493313e-17
-8.326672684688674e-17
-8.673617379884035e-18
8.673617379884035e-19
-2.7755575615628914e-17
2.6020852139652106e-17
-3.469446951953614e-17
-1.0408340855860846e-17
5.204170427930421e-18
-8.673617379884035e-19
3.469446951953615e-18
2.775557561562891e-17
-2.0816681711721688e-17
-2.2551405187698492e-17
5.204170427930421e-18
-4.336808689942018e-18
-1.3877787807814457e-17
1.0408340855860844e-17
-1.3877787807814457e-17
-1.734723475976807e-17
-4.510281037539698e-17
6.9388939039072276e-18
-1.9081958235744878e-16
2.0816681711721685e-17
-1.734723475976807e-18
1.734723475976807e-17
1.5612511283791264e-17
1.3530843112619095e-16
-2.0816681711721685e-17
7.979727989493313e-17
-2.0816681711721685e-17
-3.469446951953615e-18
3.469446951953614e-17
6.938893903907228e-18
3.469446951953614e-18
4.85722573273506e-17
3.8163916471489756e-17
-2.0816681711721685e-17
-2.7755575615628914e-17
-1.8908485888147197e-16
-2.5153490401663703e-17
-1.0408340855860846e-17
2.081668171172168e-17
-1.0408340855860843e-17
3.4694469519536126e-18
2.1958779977512506e-34
-4.2500725161431774e-17
-1.3010426069826053e-17
2.602085213965211e-18
-6.245004513516506e-17
0.0
-1.5959455978986625e-16
-1.0408340855860841e-17
-1.5612511283791264e-17
-1.0408340855860843e-17
-2.7755575615628914e-17
-3.8163916471489756e-17
8.326672684688674e-17
2.688821387764051e-17
1.5612511283791264e-17
3.469446951953621e-18
3.469446951953614e-18
1.3010426069826053e-17
6.93889390390723e-18
3.8163916471489756e-17
-1.9949319973733282e-17
-6.938893903907228e-18
2.2551405187698492e-17
-8.673617379884035e-19
3.469446951953614e-18
-8.673617379884024e-19
-6.071532165918825e-18
-2.4286128663675296e-17
-6.938893903907228e-18
-9.974659986866641e-17
-1.3877787807814457e-17
-3.469446951953614e-18
8.673617379884017e-19
1.0408340855860843e-17
-4.163336342344337e-17
-2.0816681711721685e-17
-1.734723475976807e-17
3.200564813177209e-16
-8.673617379884035e-17
2.3418766925686893e-17
-4.9439619065339e-17
3.469446951953616e-18
6.071532165918825e-17
8.673617379884035e-18
6.071532165918825e-18
1.5612511283791264e-17
2.6020852139652106e-18
2.42861286636753e-17
1.3877787807814457e-17
1.0408340855860843e-17
-1.0408340855860843e-17
-1.691355389077387e-16
-6.938893903907228e-18
-1.8041124150158794e-16
-4.336808689942018e-18
-1.387778780781446e-17
-4.336808689942018e-18
1.0408340855860843e-17
-6.938893903907235e-18
4.163336342344337e-17
1.214306433183765e-17
-4.163336342344337e-17
3.469446951953615e-18
-5.204170427930421e-18
-7.806255641895632e-18
1.6046192152785466e-16
-6.938893903907227e-18
-1.3877787807814457e-17
-2.7755575615628914e-17
-8.673617379884035e-19
1.214306433183765e-17
-5.551115123125783e-17
3.122502256758253e-17
-1.0408340855860843e-17
-5.2041704279304236e-18
-5.117434254131581e-17
5.637851296924623e-17
-5.204170427930421e-18
-6.071532165918825e-18
-1.8735013540549517e-16
1.3877787807814457e-17
-1.3877787807814452e-17
2.5153490401663703e-17
-1.127570259384925e-17
-2.862293735361732e-17
8.673617379884035e-19
3.469446951953614e-18
2.081668171172168e-17
1.9081958235744872e-17
-2.42861286636753e-17
-1.3877787807814457e-17
-3.2959746043559335e-17
-6.9388939039072276e-18
6.245004513516506e-17
-2.6020852139652106e-17
-7.806255641895632e-18
2.7755575615628914e-17
-3.122502256758253e-17
3.469446951953614e-18
-3.4694469519536126e-18
8.673617379884037e-18
-5.204170427930421e-18
-3.8163916471489756e-17
1.387778780781446e-17
-6.245004513516506e-17
1.0408340855860843e-17
-5.204170427930421e-17
-6.938893903907228e-18
-1.0408340855860843e-17
8.673617379884035e-18
2.6020852139652106e-18
-1.734723475976807e-18
-1.0408340855860843e-17
1.8214596497756474e-17
-1.734723475976807e-18
-2.7755575615628914e-17
-1.3877787807814457e-17
-3.469446951953614e-17
2.7755575615628914e-17
-2.168404344971009e-17
1.43982048506075e-16
-1.0408340855860843e-17
-2.949029909160572e-17
-2.6020852139652106e-18
-2.0816681711721685e-17
-3.9898639947466563e-17
-3.903127820947816e-17
1.3877787807814457e-17
-1.3010426069826053e-17
0.0
-2.42861286636753e-17
1.3877787807814457e-17
-8.673617379884041e-19
-3.469446951953614e-18
-2.393918396847994e-16
-7.806255641895632e-18
-9.71445146547012e-17
3.122502256758253e-17
-2.5153490401663703e-17
3.122502256758253e-17
-2.7755575615628907e-17
-2.42861286636753e-17
-2.775557561562892e-17
6.938893903907228e-17
-8.673617379884035e-19
2.341876692568689e-17
-9.540979117872439e-18
-5.204170427930421e-18
-0.9999999999999999
-5.345529420184391e-50
-1.0408340855860843e-17
-1.3010426069826053e-17
-6.9388939039072276e-18
-3.469446951953614e-17
1.3877787807814457e-17
-8.673617379884035e-18
3.469446951953618e-18
3.122502256758253e-17
2.0816681711721685e-17
1.3964523981613297e-16
1.040834085586085e-17
3.122502256758253e-17
-2.246466901389965e-16
3.469446951953615e-18
-4.163336342344337e-17
-1.387778780781446e-17
1.5959455978986625e-16
3.8163916471489756e-17
6.331740687315346e-17
3.8163916471489756e-17
-9.540979117872439e-18
-1.1275702593849246e-17
9.020562075079397e-17
-6.938893903907228e-18
8.673617379884035e-19
-1.734723475976807e-17
5.204170427930421e-18
-3.5561831257524545e-17
0.0
-2.7755575615628895e-17
-5.551115123125783e-17
6.938893903907227e-18
-3.4694469519536138e-18
-9.367506770274758e-17
2.9340338996524305e-34
1.3877787807814457e-17
-1.3877787807814454e-17
7.806255641895632e-18
-1.0
8.210817371675708e-33
-2.0816681711721685e-17
-1.3877787807814457e-17
-3.2959746043559335e-17
-1.3183898417423734e-16
-1.2280336547760022e-33
7.28583859910259e-17
-1.4097486842114033e-33
1.3877787807814457e-17
6.9388939039072276e-18
3.903127820947816e-17
2.3418766925686896e-17
9.540979117872439e-18
2.6020852139652106e-18
2.7755575615628914e-17
-1.5612511283791264e-17
3.469446951953614e-17
1.734723475976807e-18
-4.5102810375396984e-17
3.4694469519536126e-18
1.3877787807814455e-17
-3.122502256758253e-17
1.3877787807814454e-17
-2.4074124304840445e-33
-1.3877787807814452e-17
1.3877787807814457e-17
-9.540979117872439e-18
-6.938893903907228e-18
-1.3877787807814455e-17
-6.938893903907228e-18
-3.469446951953615e-17
-3.8163916471489756e-17
-6.071532165918825e-18
-3.469446951953614e-18
-1.3010426069826053e-17
2.6020852139652106e-18
0.0
2.428612866367529e-17
-4.163336342344337e-17
-1.3877787807814455e-17
3.469446951953614e-18
-6.938893903907228e-17
3.4694469519536134e-18
-9.71445146547012e-17
4.85722573273506e-17
-8.673617379884035e-19
0.0
5.204170427930422e-18
-3.8163916471489756e-17
-7.806255641895632e-18
1.2836953722228372e-16
-2.7755575615628914e-17
-2.064356159140068e-33
-8.673617379884035e-18
2.7755575615628914e-17
1.0408340855860844e-17
-1.474514954580286e-17
-4.310102317429734e-34
-2.3433746604091525e-34
-5.292074125982547e-49
3.4694469519536076e-18
-5.714752056985768e-33
-1.1102230246251565e-16
0.0
3.4694469519536138e-18
-1.3877787807814457e-17
4.163336342344337e-17
-1.5612511283791264e-17
1.3877787807814457e-17
1.205632815803881e-16
1.7347234759768068e-17
-1.9949319973733282e-17
-1.734723475976807e-17
5.204170427930421e-18
-2.0816681711721685e-17
-3.4694469519536165e-18
2.0816681711721685e-17
-3.122502256758253e-17
-1.0408340855860843e-17
2.42861286636753e-17
3.8163916471489756e-17
-9.8879238130678e-17
-8.673617379884035e-18
-4.2373564447123735e-35
1.249000902703301e-16
1.0408340855860846e-17
1.734723475976807e-18
-8.673617379884034e-19
1.3877787807814457e-17
-6.938893903907228e-18
1.3877787807814457e-17
-2.0816681711721685e-17
1.5959455978986625e-16
-6.93889390390723e-18
-1.0408340855860843e-17
3.469446951953614e-17
-5.204170427930421e-18
-1.3010426069826053e-17
3.469446951953614e-18
-1.5612511283791264e-17
-2.6020852139652106e-18
-1.734723475976807e-17
-3.469446951953614e-18
-1.0755285551056204e-16
0.0
-1.214306433183765e-17
-7.806255641895632e-18
8.673617379884035e-18
1.734723475976807e-18
6.938893903907228e-18
-1.0408340855860843e-17
-1.5265566588595902e-16
-3.469446951953614e-18
2.168404344971009e-17
3.469446951953615e-18
-3.469446951953614e-17
3.122502256758253e-17
2.6020852139652114e-18
4.1633363423443364e-17
2.42861286636753e-17
4.336808689942018e-18
4.5102810375396984e-17
-1.0408340855860843e-17
1.040834085586084e-17
-5.204170427930421e-18
2.0816681711721685e-17
-2.0816681711721688e-17
6.9388939039072276e-18
8.673617379884035e-19
-1.0408340855860843e-16
-1.1102230246251565e-16
-2.0816681711721685e-17
1.9949319973733282e-17
4.177716014558274e-34
-3.2959746043559335e-17
-6.938893903907228e-18
5.551115123125783e-17
-6.938893903907228e-18
3.122502256758253e-17
-9.71445146547012e-17
1.8214596497756474e-17
-3.469446951953615e-18
1.8214596497756474e-17
2.6020852139652106e-18
-3.469446951953614e-18
-8.673617379884035e-18
-6.938893903907228e-18
6.071532165918825e-18
1.734723475976807e-18
1.6479873021779667e-17
2.42861286636753e-17
-1.0408340855860843e-17
-7.80625564189563e-18
-2.7755575615628914e-17
1.734723475976807e-16
-3.816391647148975e-17
2.7755575615628914e-17
-6.938893903907228e-18
-1.0408340855860841e-17
-6.938893903907228e-18
-3.469446951953614e-17
4.336808689942018e-18
6.938893903907231e-18
3.469446951953614e-18
-1.9949319973733282e-17
5.204170427930421e-18
-2.42861286636753e-17
-1.1102230246251565e-16
-1.3877787807814457e-17
-4.163336342344337e-17
-6.938893903907228e-18
1.9081958235744878e-17
0.0
-1.6479873021779667e-17
-7.28583859910259e-17
-3.0791341698588326e-16
-6.938893903907236e-18
4.336808689942018e-18
-1.5439038936193583e-16
-3.9898639947466563e-17
2.7755575615628914e-17
1.734723475976807e-16
1.0061396160665481e-16
-0.9999999999999999
-6.938893903907228e-18
1.3877787807814457e-17
-3.122502256758253e-17
-3.469446951953614e-18
7.806255641895632e-18
-4.163336342344337e-17
1.9081958235744878e-17
-4.336808689942018e-18
2.42861286636753e-17
3.469446951953614e-18
7.719519468096792e-17
-1.3877787807814457e-17
2.0816681711721685e-17
-8.673617379884035e-19
6.938893903907228e-18
6.938893903907228e-18
-3.0357660829594124e-17
-1.3877787807814457e-17
3.122502256758253e-17
-1.3481509610710653e-33
3.469446951953614e-18
3.122502256758253e-17
-7.806255641895632e-18
2.42861286636753e-17
-4.3012298096848547e-35
2.6020852139652106e-17
-2.1684043449710095e-17
-2.6020852139652106e-18
7.806255641895632e-18
-2.0816681711721685e-17
1.0408340855860846e-17
-1.0408340855860843e-17
-8.673617379884035e-18
8.673617379884035e-18
4.163336342344337e-17
-1.1275702593849246e-17
-1.734723475976807e-17
-1.7347234759768065e-17
1.1275702593849246e-17
1.9949319973733282e-17
-1.734723475976807e-17
-3.469446951953614e-18
2.6020852139652106e-18
-6.9388939039072276e-18
3.469446951953614e-18
3.122502256758253e-17
-0.9999999999999998
1.1275702593849246e-17
1.734723475976807e-18
2.0816681711721685e-17
3.469446951953614e-18
-1.3877787807814457e-17
-6.938893903907228e-18
-1.0408340855860843e-17
7.28583859910259e-17
-3.903127820947816e-17
3.177784408238939e-33
1.3877787807814457e-17
-2.4286128663675296e-17
6.938893903907228e-18
3.4694469519536126e-18
0.9999999999999999
1.3877787807814457e-17
-0.9999999999999998
-6.938893903907228e-18
5.204170427930421e-17
1.457167719820518e-16
-1.3877787807814455e-17
-0.9999999999999999
-1.249000902703301e-16
-0.9999999999999998
1.3010426069826053e-17
4.336808689942018e-18
6.938893903907228e-17
3.469446951953614e-18
-0.9999999999999998
-0.9999999999999998
-1.9081958235744878e-17
-0.9999999999999999
-0.9999999999999999
-1.9949319973733282e-17
-0.9999999999999999
-0.9999999999999998
-3.469446951953614e-18
-6.938893903907228e-18
-0.9999999999999999
2.6020852139652106e-17
-0.9999999999999999
-0.9999999999999998
-1.734723475976807e-17
-0.9999999999999999
1.0
-0.9999999999999998
-0.9999999999999999
0.9999999999999999
-0.9999999999999999
2.42861286636753e-17
0.9999999999999999
-0.9999999999999999
-0.9999999999999999
-0.9999999999999999
-0.9999999999999999
-0.9999999999999998
-0.9999999999999999
-0.9999999999999999
-0.9999999999999999
-0.9999999999999998
-3.469446951953614e-18
-1.0
-2.0816681711721685e-17
-0.9999999999999998
8.673617379884035e-19
5.551115123125783e-17
3.122502256758253e-17
-0.9999999999999999
1.8648277366750676e-16
4.597017211338539e-17
-1.0
5.377642775528102e-17
2.0816681711721685e-17
-1.5005358067199381e-16
-1.0
0.9999999999999999
-2.0816681711721685e-16
-1.0
3.469446951953614e-18
-0.9999999999999998
-1.0
-0.9999999999999999
1.0408340855860843e-17
1.97758476261356e-16
-1.0
-1.0
-0.9999999999999999
-1.1449174941446927e-16
5.204170427930421e-18
-0.9999999999999997
-0.9999999999999999
4.5102810375396984e-17
-0.9999999999999999
-2.0816681711721688e-17
-0.9999999999999999
-3.469446951953614e-18
1.3183898417423734e-16
-2.77555756156289e-17
8.673617379884035e-19
1.8735013540549517e-16
-0.9999999999999999
0.9999999999999998
-0.9999999999999999
-2.949029909160572e-17
-1.0
-0.9999999999999999
-0.9999999999999999
-1.5785983631388945e-16
-5.204170427930421e-18
-2.0816681711721685e-17
-0.9999999999999997
0.9999999999999996
-6.245004513516506e-17
-0.9999999999999999
-1.0
6.938893903907228e-18
-0.9999999999999996
3.903127820947816e-17
1.0408340855860843e-16
-0.9999999999999998
5.551115123125783e-17
-1.8214596497756474e-17
-0.9999999999999996
-1.0
-1.3877787807814455e-17
-2.3418766925686896e-17
1.5959455978986625e-16
-0.9999999999999994
-1.0
-2.6020852139652106e-17
-0.9999999999999994
-0.9999999999999997
-6.071532165918825e-18
1.3791051634015616e-16
-4.163336342344337e-17
-1.0
4.544975507059235e-16
-5.204170427930421e-18
1.48318857196017e-16
-0.9999999999999993
-0.9999999999999994
-1.0
-1.1275702593849246e-17
-0.9999999999999997
1.0
2.0643209364124004e-16
-0.9999999999999993
3.226585665316861e-16
1.2836953722228372e-16
1.214306433183765e-16
3.469446951953614e-17
-0.9999999999999997
1.0
-8.673617379884035e-19
-1.0
0.9999999999999998
-0.9999999999999999
1.734723475976807e-17
0.9999999999999998
3.122502256758253e-17
1.3530843112619095e-16
-1.1622647289044608e-16
2.775557561562891e-17
-0.9999999999999999
0.9999999999999998
-0.9999999999999999
-1.0
-1.5265566588595902e-16
-0.9999999999999996
0.9999999999999999
-2.42861286636753e-17
-0.9999999999999996
-0.9999999999999999
-6.9388939039072276e-18
-1.6653345369377348e-16
-1.0
8.673617379884035e-17
-0.9999999999999996
-0.9999999999999999
5.204170427930421e-18
-1.0
-1.0
-3.469446951953614e-17
-0.9999999999999999
-1.0
1.214306433183765e-17
-1.0
-0.9999999999999998
-1.8735013540549517e-16
-0.9999999999999999
-1.0
-1.0
-1.0
-0.9999999999999999
-6.938893903907228e-18
-1.3704315460216776e-16
1.0408340855860843e-17
0.0
-0.9999999999999999
-1.0755285551056204e-16
-1.0
2.0816681711721685e-16
1.2663481374630692e-16
-0.9999999999999997
-0.9999999999999999
-0.9999999999999999
0.9999999999999999
-1.0408340855860843e-17
4.163336342344337e-17
-1.0
1.3183898417423734e-16
-0.9999999999999998
0.9999999999999999
-0.9999999999999999
-1.6653345369377348e-16
-0.9999999999999999
4.336808689942017e-18
-2.0816681711721685e-17
-0.9999999999999999
-0.9999999999999999
-1.214306433183765e-17
7.112366251504909e-17
-8.673617379884037e-19
3.4694469519536134e-18
2.6020852139652106e-18
-0.9999999999999998
-0.9999999999999999
-0.9999999999999999
-6.938893903907228e-18
-0.9999999999999999
-0.9999999999999998
-0.9999999999999998
-0.9999999999999999
-0.9999999999999999
-0.9999999999999999
1.9081958235744878e-17
-2.7755575615628914e-17
-0.9999999999999999
-0.9999999999999996
-2.2551405187698492e-17
-0.9999999999999998
3.469446951953614e-18
-0.9999999999999996
-2.6020852139652106e-18
-0.9999999999999999
-1.0
-1.0
-0.9999999999999999
9.020562075079397e-17
0.9999999999999999
1.942890293094024e-16
0.9999999999999999
-3.469446951953614e-17
1.734723475976807e-16
-0.9999999999999999
-0.9999999999999999
3.469446951953615e-18
-1.3877787807814455e-17
-0.9999999999999998
-0.9999999999999999
4.5102810375396984e-17
-0.9999999999999999
-0.9999999999999996
-0.9999999999999998
-0.9999999999999998
-0.9999999999999999
-0.9999999999999999
-0.9999999999999998
-0.9999999999999999
9.540979117872437e-18
-2.6020852139652106e-17
-6.938893903907228e-17
-6.938893903907228e-18
-0.9999999999999998
-0.9999999999999999
-0.9999999999999999
-0.9999999999999998
-3.469446951953618e-18
-0.9999999999999999
-0.9999999999999999
-0.9999999999999999
-0.9999999999999998
0.9999999999999993
0.9999999999999998
-0.9999999999999994
-0.9999999999999996
-0.9999999999999997
6.938893903907228e-18
1.3877787807814457e-16
-1.0
2.42861286636753e-17
-0.9999999999999999
-0.9999999999999999
-1.3097162243624894e-16
1.0408340855860843e-17
-0.9999999999999999
-0.9999999999999999
-0.9999999999999999
6.938893903907228e-18
2.0816681711721685e-17
2.688821387764051e-17
-0.9999999999999998
-0.9999999999999999
1.3010426069826053e-16
-1.0
-3.469446951953614e-18
-0.9999999999999999
-0.9999999999999999
2.5153490401663703e-17
-1.0
-0.9999999999999999
-0.9999999999999998
-0.9999999999999998
-0.9999999999999999
-0.9999999999999998
-0.9999999999999996
2.3418766925686896e-17
-0.9999999999999999
-3.469446951953614e-17
-0.9999999999999998
-0.9999999999999996
-1.0
-1.0
-0.9999999999999999
-0.9999999999999998
-0.9999999999999998
-5.551115123125783e-17
-0.9999999999999999
-0.9999999999999999
-0.9999999999999999
-0.9999999999999999
-0.9999999999999996
-1.0
-8.673617379884035e-19
-0.9999999999999998
-0.9999999999999999
-0.9999999999999999
-0.9999999999999999
-0.9999999999999999
-0.9999999999999999
-1.0
-0.9999999999999999
4.0766001685454967e-17
-3.469446951953614e-18
-0.9999999999999997
-0.9999999999999998
-4.163336342344337e-17
-4.336808689942017e-18
-0.9999999999999999
-0.9999999999999999
-1.97758476261356e-16
-0.9999999999999999
-0.9999999999999998
-2.602085213965211e-18
3.469446951953614e-18
-1.5959455978986625e-16
-0.9999999999999998
-0.9999999999999999
-0.9999999999999999
-6.938893903907227e-18
5.204170427930421e-17
0.9999999999999999
-0.9999999999999999
-0.9999999999999998
-0.9999999999999999
-0.9999999999999999
2.0816681711721685e-17
-2.42861286636753e-17
-1.0
-1.7347234759768052e-18
1.8735013540549517e-16
4.5102810375396984e-17
-0.9999999999999999
-0.9999999999999999
-0.9999999999999997
3.2612801348363973e-16
-0.9999999999999998
-0.9999999999999997
4.163336342344337e-17
-1.0
-2.6020852139652106e-18
2.0816681711721685e-17
-1.0408340855860844e-17
-1.0755285551056204e-16
1.734723475976807e-18
-0.9999999999999999
-0.9999999999999999
-1.0
-0.9999999999999999
-0.9999999999999998
3.469446951953614e-18
-0.9999999999999998
-0.9999999999999998
-1.8735013540549517e-16
-6.938893903907228e-18
-0.9999999999999998
1.0
0.9999999999999998
-1.0
-1.0
-1.734723475976807e-17
-0.9999999999999999
0.9999999999999999
-8.673617379884035e-17
6.938893903907228e-18
1.3183898417423734e-16
-0.9999999999999996
-1.0
-3.469446951953617e-18
-1.0
8.326672684688675e-17
-1.0
1.0408340855860843e-17
-0.9999999999999999
-1.0
-1.040834085586084e-17
-0.9999999999999999
-1.0
-9.540979117872439e-18
-6.938893903907227e-18
6.938893903907228e-18
1.9081958235744878e-17
-0.9999999999999999
-0.9999999999999999
1.3877787807814457e-17
1.4137996329210978e-16
-0.9999999999999999
-1.0
-1.734723475976807e-17
1.214306433183765e-16
1.214306433183765e-17
-0.9999999999999998
-0.9999999999999998
-1.0
1.3183898417423734e-16
1.734723475976807e-17
-1.0
2.0816681711721685e-17
-1.0
9.540979117872442e-18
1.4224732503009818e-16
2.1163626406917047e-16
-1.3877787807814455e-17
-4.336808689942018e-18
3.469446951953614e-18
2.7755575615628926e-17
-0.9999999999999999
-4.85722573273506e-17
-0.9999999999999996
1.3877787807814457e-17
0.0
5.551115123125783e-17
0.9999999999999998
-4.163336342344338e-17
1.3010426069826053e-16
-1.8041124150158794e-16
-0.9999999999999998
-0.9999999999999999
5.204170427930421e-18
-6.938893903907228e-18
-2.888894916580851e-33
-9.367506770274758e-17
-0.9999999999999999
-0.9999999999999998
-0.9999999999999998
-0.9999999999999999
-0.9999999999999999
0.9999999999999997
-0.9999999999999999
5.204170427930421e-18
-0.9999999999999999
-0.9999999999999999
4.85722573273506e-17
4.7704895589362195e-17
-6.938893903907228e-17
0.9999999999999998
6.41463530422127e-50
-1.4311468676808659e-16
-1.3183898417423734e-16
-0.9999999999999996
-0.9999999999999996
-0.9999999999999998
0.9999999999999996
1.5265566588595902e-16
0.9999999999999999
3.469446951953614e-18
-1.0
-0.9999999999999999
1.7694179454963432e-16
-0.9999999999999998
2.1163626406917047e-16
-5.204170427930421e-18
1.8388068845354155e-16
-0.9999999999999997
-3.469446951953614e-17
-0.9999999999999997
-0.9999999999999999
-0.9999999999999999
1.0408340855860841e-17
-0.9999999999999998
-1.6479873021779667e-17
1.3877787807814463e-17
-0.9999999999999997
-0.9999999999999996
-4.044452883213195e-33
-1.465841337200402e-16
-0.9999999999999999
7.806255641895632e-18
-0.9999999999999998
