-1.7214664883171276
-1.696180392836549
-1.7035712905269298
-1.6989170629995751
-1.6739055961140352
-1.708625285347383
-1.5095715123232236
-1.63738788066569
-1.6217372963211045
-1.6374965392933147
-1.6956151012210607
-1.5523234959038579
-1.5827220110064508
-1.6636569609736198
-1.645261182158125
-1.6862064922665525
-1.5569099304734644
-1.6233887486704899
-1.6918028047016198
-1.6990407593797743
-1.6027148693166045
-1.5572149264287372
-1.5875211135913567
-1.6683631722921857
-1.646252145818042
-1.6175767204578104
-1.6123503309034144
-1.6297332561870086
-1.6323559487917356
-1.6664607705463848
-1.6228834774893706
-1.566688760135094
-1.6675177427366452
-1.5848161331973698
-1.464599480381852
-1.558437247864424
-1.4877287218618656
-1.649421880934391
-1.6106014925574703
-1.5996804735072212
-1.656182522416351
-1.6476743534327545
-1.640487085192497
-1.7113836561371456
-1.596831972001156
-1.6037315481182672
-1.680049496814177
-1.6688754913080528
-1.5982072068320778
-1.5738087964097143
-1.663663130592452
-1.6193563840925942
-1.6738997975452938
-1.637063794809689
-1.604838081997718
-1.6145655892196087
-1.5900096094226388
-1.712519692920971
-1.6705945261481074
-1.6269682816298752
-1.6836514908886018
-1.671117353701528
-1.5232048183617122
-1.6276132111922077
-1.6374498275980902
-1.6394538771923968
-1.68441216071838
-1.6228652168373154
-1.6410056000566648
-1.6793448471158468
-1.5803097392637158
-1.6295628527537032
-1.639782808427498
-1.596126170606879
-1.5551983612945668
-1.626666311940707
-1.550889839849451
-1.513516338591511
-1.6374412681665058
-1.5982853109843427
-1.6390076344787736
-1.6865464267885966
-1.640552453721773
-1.6129427260566775
-1.6574274803753046
-1.6316807385232606
-1.5711501617194537
-1.6744344626650178
-1.7260541489514556
-1.6276473897123356
-1.5828316676198553
-1.6290310483629158
-1.657551694621901
-1.6120219818230614
-1.6302997920371982
-1.6092084316320894
-1.5402779764437056
-1.5468661978322147
-1.5750141724562967
-1.6821865413372952
-1.6644845695392652
-1.619363782669639
-1.667818221344383
-1.6705859041877356
-1.6581467914930106
-1.6144566086922167
-1.5415662637305403
-1.5508064955147651
-1.6452263533310412
-1.6832561042626448
-1.6691432151934336
-1.5421652603651266
-1.6848716287541334
-1.6200227013791764
-1.6848182251836827
-1.63314156227621
-1.6955290347933187
-1.6173341427227672
-1.7088392981570215
-1.7126402986999554
-1.609876563289852
-1.6441852720435688
-1.6842643487150792
-1.6187845758681625
-1.6701145999707252
-1.627253966983764
-1.5736614222385974
-1.5755937985431083
-1.6877847665252215
-1.5914490253035336
-1.6163297642775163
-1.6527032051053463
-1.3837121621906192
-1.6426466919329437
-1.5700028038195386
-1.6520460554457195
-1.6684420861727662
-1.7345494678956006
-1.6630336941689094
-1.37705844081598
-1.59038563742443
-1.6796325897234439
-1.6682636755617464
-1.6103566935279354
-1.6212061891381837
-1.683315193703198
-1.62138932552996
-1.6172737794732663
-1.6595237310688438
-1.6225684275283978
-1.6953155577511883
-1.6573534608134004
-1.6837923719648449
-1.6489383119803311
-1.583566235261259
-1.5981467682239894
-1.6950334988562297
-1.679691011438866
-1.610959578523209
-1.5824155682600176
-1.6365948072299752
-1.608752591482676
-1.6982482021846423
-1.7029981542591297
-1.633968720280759
-1.5678564933535024
-1.6346147636825614
-1.6960914975495995
-1.6069389736757378
-1.5331712577704655
-1.67330301974271
-1.5817991666126163
-1.8531371924347817
-1.6538157063476473
-1.6471386817668199
-1.65466239863419
-1.5771888346625624
-1.6213361434943692
-1.670558850783586
-1.6319558610436247
-1.6628500866110019
-1.5659308915772694
-1.669821850090132
-1.6515894555990362
-1.641555780400505
-1.5739393561958082
-1.618952282737145
-1.6392924493291199
-1.6324337725924536
-1.6395066949130146
-1.5993465666494613
-1.4926208406196264
-1.6609431875803646
-1.6729578741206355
-1.628207650543709
-1.5835651871473437
-1.5317718254639565
-1.682739572492102
-1.557089814045869
-1.7004985048829735
-1.586988632322376
-1.5719433204808313
-1.6291890600003958
-1.6127566915931015
-1.6558080185805206
-1.7424003819862117
-1.573161571877252
-1.6872745165537115
-1.6318094763827933
-1.6702577967707337
-1.646127619030406
-1.6952133452394254
-1.6139663533733897
-1.6657696370098038
-1.6439351071735404
-1.6437611811257131
-1.6340798024995833
-1.6247117770117068
-1.6652509142152934
-1.6189670165870151
-1.6328035169288009
-1.654627900761142
-1.570346175772141
-1.6861754749916311
-1.6608866666659625
-1.6825473577102856
-1.5158521196629386
-1.7101405971556627
-1.6649613625254032
-1.580734535989152
-1.6196290131743956
-1.644450320294633
-1.6255310541624666
-1.5959505614344032
-1.650120399768943
-1.7118502955968153
-1.6468707382665235
-1.651286382995649
-1.6423146283836199
-1.70293299204292
-1.7326913695380803
-1.5709583594827492
-1.661775953775938
-1.6681592012514557
-1.6791429888165876
-1.6642617743240833
-1.6249208108420956
-1.4116777366518711
-1.6003811072378948
-1.5652137819324574
-1.6849341491204743
-1.6847486556559896
-1.6211571207227267
-1.6181593457079122
-1.617536023908434
-1.6380723971598086
-1.646832206969988
-1.6568776986515004
-1.7087861131725863
-1.5862292067966033
-1.6367506690659617
-1.5963263156028347
-1.6080150579365529
-1.6459681178528531
-1.6346620123056046
-1.6154579037153718
-1.6319083554406508
-1.737238723321793
-1.6365838604183718
-1.7051958212929443
-1.669880782453004
-1.625772243566325
-1.646459908382681
-1.570920279000419
-1.6557711782443485
-1.622588336105005
-1.6372630086123485
-1.68362270628854
-1.6227625461547677
-1.5078450524503835
-1.6116890957605812
-1.5368067829583405
-1.5564274334255561
-1.5885268473403962
-1.670048446052966
-1.5819363683851468
-1.6965732120987462
-1.6611652068347056
-1.6061324290864782
-1.6748694728617874
-1.6895635264049844
-1.6565870965283673
-1.6057000429970194
-1.673635361873666
-1.6537294281612365
-1.6133659030248002
-1.664625224339528
-1.658307472730687
-1.576793933899735
-1.600812236176488
-1.678587942754892
-1.6027291949228566
-1.670205502586616
-1.676599304820307
-1.6455579052743579
-1.5773766705374617
-1.6336875658537744
-1.4032150789661721
-1.5908470378217825
-1.648611937783982
-1.625431807705451
-1.6262357369952127
-1.6074320458403113
-1.5941436886151468
-1.608507297559493
-1.64701358175345
-1.6956004868584407
-1.6081659139698874
-1.5875259072053627
-1.7026554768446942
-1.620287059103577
-1.653449952357309
-1.6696663307645159
-1.5251842897966212
-1.7276222035499347
-1.5210182679048536
-1.6070410407120335
-1.5978423343001715
-1.6194464689699677
-1.5932685390092245
-1.6466039757281081
-1.5868200737475495
-1.6483406561404286
-1.6659615694739842
-1.6091398630066573
-1.7270624945307758
-1.5852405181305873
-1.6479921635252857
-1.614864792169577
-1.5988184195335962
-1.7255651742608993
-1.5353214947710676
-1.562909018235947
-1.660105062819661
-1.6560555421390903
-1.6751624059382406
-1.6468349118822243
-1.5467701071616942
-1.7069939741997455
-1.670665448486526
-1.6185917131470993
-1.6466440117847259
-1.6630019776002651
-1.6578554355755033
-1.7103291242566891
-1.6488283474192422
-1.6167056928866927
-1.634374672206674
-1.6422019095464142
-1.6770083074043038
-1.6248668752726234
-1.5929879516909051
-1.4678510770428868
-1.6680929292088964
-1.599655505636907
-1.5928407165708356
-1.6896872345678013
-1.6215052307192628
-1.5891014000109778
-1.6129325971011428
-1.6206663675019217
-1.6201322383533645
-1.6752753253239299
-1.5814882974733193
-1.65915984370506
-1.674784631349558
-1.5850866481638728
-1.5738932355813713
-1.6515757590483926
-1.5797009061049803
-1.6907135922877186
-1.6292775253345795
-1.5538315816302148
-1.6462658128881265
-1.63024171971077
-1.6637392344617634
-1.6147434953016966
-1.6243179718617222
-1.568506328335114
-1.5949021848550649
-1.640445949733648
-1.6664048491869037
-1.7044002202283608
-1.6922947328497737
-1.6806661864389607
-1.6319885572637447
-1.681641515264945
-1.5904813705200946
-1.6908781168345577
-1.736868651817773
-1.687279975396085
-1.5101363719155076
-1.647792397236833
-1.6612882116164045
-1.696036953827356
-1.6049506996430538
-1.649271254836522
-1.617344122435422
-1.6545104586662678
-1.5611312014580105
-1.5829554060682975
-1.6841208035432096
-1.6157664493205954
-1.7145824603858095
-1.6334840680808624
-1.3873728663354326
-1.6734822873177917
-1.7008142757268747
-1.6750997011781794
-1.637222940850733
-1.6439027339753864
-1.6146664885220396
-1.6692048459092825
-1.5635067523878299
-1.6748897088085228
-1.6250901536070603
-1.5653199671395164
-1.606587301692719
-1.6281456449257357
-1.637513945858137
-1.637510513173546
-1.6378016917715008
-1.6191818452278628
-1.624833733508854
-1.6202690155995827
-1.597413455683306
-1.6890326197942351
-1.7538771027696036
-1.6320046470300864
-1.697121831072107
-1.5425689756945127
-1.627647506032596
-1.5924801484089095
-1.6484356063234826
-1.7075961008880338
-1.6687016280593903
-1.6741850600872372
-1.6336731836173295
-1.4847148005562025
-1.7367821849188814
-1.5883345627642926
-1.598592581280857
-1.6819813268016104
-1.6226691323698572
-1.583326276938429
-1.6726494773260965
-1.6521746345354904
-1.642207514023275
-1.6489190205916977
-1.6492820052490145
-1.709753746205946
-1.641172290141207
-1.6369745632138613
-1.6445909865450494
-1.7070301023222378
-1.6711051973193598
-1.5987879934895133
-1.6101102905937257
-1.6613245295382797
-1.641018519031696
-1.6433005126675104
-1.6525993375189545
-1.679939539942349
-1.5908686751926722
-1.6304735143840496
-1.6837635114486298
-1.5185058288470044
-1.643217003459422
-1.639566029490068
-1.5167950310491776
-1.62671915522595
-1.6921402832533106
-1.6777464545091034
-1.541366862508748
-1.6680996657233027
-1.6843757535963904
-1.5075904270427867
-1.6385671569574956
-1.6132325880623926
-1.664093066405332
-1.5857248221148548
-1.551837252548253
-1.600790379447964
-1.6743677260220868
-1.6915847952770484
-1.6268097830646437
-1.636973088596207
-1.6500493657751856
-1.6935802440478462
-1.5853714242334713
-1.700040523576345
-1.7164966718513417
-1.7032843460464222
-1.7342417981298748
-1.6761501108444659
-1.5366725388097096
-1.628967661583472
-1.687945455115715
-1.5930170508477428
-1.8531371924347817
-1.528936420966816
-1.7091850660321677
-1.6295232851964003
-1.655009136739776
-1.8531371924347817
-1.8531371924347817
-1.6244793798411652
-1.8552401242108985
-1.4589840128208866
-1.6799471796211263
-1.4589840128208866
-1.6548679423581312
-1.5409045845085978
-1.5983771225094638
-1.6072543370026453
-1.700192866143991
-1.6832228679886063
-1.5951027486493494
-1.8531816662866105
-1.7525528163963904
-1.6380663830626558
-1.8552401242108985
-1.552182434711623
-1.8552401242108985
-1.753726179486219
-1.6378224370098553
-1.8092550167555606
-1.6638150843464177
-1.7342640350557892
-1.8592761583719846
-1.6759815501925235
-1.7691752744352152
-1.8487741492541583
-1.7710063433994285
-1.8552401242108985
-1.8732990151422337
-1.6909813308873425
-1.6086461585100698
-1.857920643506843
-1.6189868615356013
-1.80581206553465
-1.649669345022019
-1.8732990151422337
-1.7835192265496986
-1.4977222224205375
-1.9247113384529366
-1.6550453276710075
-1.8454354689020063
-1.617089026833853
-1.7914377274401552
-1.3993308046222952
-1.7788066257281634
-1.8233583114166478
-1.8494492351679113
-1.6378865626301529
-1.7919536660087492
-1.9247113384529366
-1.8876791505883277
-1.7435735315557144
-1.6437015283560306
-1.7774737785032093
-1.9247113384529366
-1.5769149092537087
-1.7292110157477207
-1.806887469266451
-1.8732990151422337
-1.6491132547684209
-1.6306219638603052
-1.823358311416648
-1.8492576959734879
-1.6150371856789452
-1.8454354689020063
-1.8177432754414335
-1.7990175596206597
-1.786063349710787
-1.7911142170802103
-1.7265832827579306
-1.8365383517913112
-1.929187125163344
-1.8454354689020063
-1.803302622830908
-1.7318712169056205
-1.7147729395664097
-1.726095787944574
-1.8596455685571076
-1.7382687404731938
-1.8732990151422337
-1.8454354689020063
-1.619370280643756
-1.703668916825411
-1.6275157768114055
-1.901181640478407
-1.6875329577070386
-1.7605777486054233
-1.8013433489405042
-1.8606441558599944
-1.7798158436646585
-1.991010416330102
-1.6242807314242038
-1.6903149217816225
-1.9073494194324538
-1.6067416406570605
-1.7021659523357968
-1.7008802197072246
-1.904621537631654
-1.8431099052061033
-1.5928483845160821
-1.8845219202650758
-1.9377661682975889
-1.7118708249841499
-1.7579523748184127
-1.6043299411948597
-1.8227389441768924
-1.7487328171684728
-1.6981435201205672
-1.8468228125451602
-1.6282591976688003
-1.74194001460448
-1.6599260464686587
-1.79877362613623
-1.6224864304113733
-1.6865775425587104
-1.7942041659652848
-1.9023135986852937
-1.7990096550830896
-1.5642927182980275
-1.815724622143935
-1.9068746802534973
-1.7393584605523464
-1.611540507430609
-1.8697035928991461
-1.748533951812692
-1.7648888687453974
-1.8583507152277547
-1.946662007507698
-1.8022587255001763
-1.796644923850978
-1.6049694593769148
-1.7629309432503333
-1.7629309432503333
-1.6016499137266293
-2.1013808706630344
-1.946662007507698
-1.7066402566286645
-1.7579523748184127
-1.7563349884110637
-1.6521124328179502
-1.9853813940876988
-1.664509305220293
-1.611220923822713
-1.6369186290312885
-1.907349466258512
-1.7504682699975018
-1.790505614537821
-1.6798257953782056
-1.5682946228528456
-1.8591595327170063
-2.2131001572529017
-1.6618724470327164
-1.3584790480120954
-1.98420566592918
-1.53473045481136
-1.8313603104395604
-1.5556866340025668
-2.0430909835619495
-1.9161751285496456
-1.6006749541178957
-1.660329044767159
-1.8195003125228408
-1.622813796168446
-1.3725838990101287
-1.773921118988501
-1.9024735366931234
-1.8377613736934022
-1.9871874742031377
-1.8217799537092143
-1.8195002637643258
-1.768298397504758
-1.6816667766212905
-1.7533683752990132
-1.8105681832165617
-1.6204729589575293
-1.6293428598984414
-2.2131000686744007
-1.6322482342480993
-1.7473984755294973
-1.9979551519771863
-1.913220823039576
-1.6592762990979482
-1.9132209205566064
-1.8208200806155674
-1.8024835002791475
-1.8293859320086012
-2.0638561687821015
-1.7809479188155328
-1.75996078404318
-1.670732886355725
-1.9790200036870134
-1.98355370092549
-1.5865236332731332
-1.6901658362594145
-1.8412280979725772
-1.98355370092549
-2.0110492507856965
-2.011049299544212
-1.7265826378159606
-1.6064227407314857
-1.98355370092549
-1.8865467731994405
-1.8669055724212158
-1.6000205819592384
-1.8195003125228408
-1.997955240555687
-2.062238314945515
-1.8539392148011993
-2.2131001572529017
-1.5958575017052725
-1.6228642567243174
-1.9073495473946198
-2.197579530176539
-1.7097297191272853
-1.9161751285496456
-2.0638561687821015
-1.7005853850072
-1.8763477122598229
-1.7284551430180435
-1.6089602425542568
-2.197579530176539
-1.734202068683981
-1.842604423523163
-2.090892553763609
-1.6737760936235666
-1.8293859320086014
-1.8438568057238445
-1.8313603104395597
-2.062238314945515
-1.844121165878526
-1.9022723309306113
-1.8089984418355214
-1.7381673202015926
-2.197579530176539
-2.2131001572529017
-1.9132208717980912
-1.833581005513862
-1.7914976862146466
-1.98355370092549
-1.9132208717980912
-1.9842057545076812
-1.7672896967821092
-1.9977559595354184
-2.0212870230798976
-1.8208200806155679
-1.9628556572364055
-1.8788105159332011
-1.6068174138194906
-1.8208200806155677
-1.937332559922561
-1.9955287122878347
-1.7540072445980783
-1.645941483234589
-2.228620784329265
-2.043090983561949
-2.0638561687821015
-1.5795038127504872
-2.0937549815376615
-2.060620461108928
-1.8195002637643256
-1.8195002637643256
-1.8195002637643256
-1.8319563329351498
-2.032364556707688
-1.990679268350483
-1.613341577404751
-1.5276193502269892
-1.83195633293515
-1.9977559595354184
-1.8017144448738955
-2.228620784329265
-1.819500361281356
-1.8607968904678074
-1.8195003612813563
-1.5723786281277519
-1.8510838024499838
-1.9899306100557854
-1.9990742394233518
-2.2131001572529017
-2.2131001572529017
-2.2131001572529017
-1.8313603104395604
-1.6029035979499844
-1.9906794056874997
-1.820457543052729
-1.9132208717980912
-2.2131001572529017
-1.7924565641687777
-1.53473045481136
-1.8119961883150713
-2.011049299544212
-2.032364556707688
-1.7850386183407962
-2.2131001572529017
-1.8313603104395604
-1.7540072445980783
-1.8621256679850486
-1.6424561752765432
-1.6447244361075306
-1.7464545691012698
-1.98355370092549
-1.6162425174740616
-1.618507387194134
-2.197579530176539
-1.6283244663344454
-1.7471466037194245
-2.0369485795132922
-2.2131001572529017
-1.9209810922885069
-2.036948479571104
-1.8208200806155679
-1.8016360539102823
-2.2131001572529017
-2.0116587327751945
-1.904911462840221
-1.8220665226117958
-1.9872708804442942
-1.4199212919288335
-2.228620784329265
-2.228620784329265
-1.4478143289093732
-1.839496779429597
-1.8313603104395604
-1.8208200806155677
-1.6028646739482493
-1.9990742394233518
-1.7969783852193693
-1.86045035298533
-1.6133415952818102
-1.997955240555687
-2.0134758676320503
-1.9132209205566064
-2.2131001572529017
-1.9132208717980912
-2.1015153393650934
-2.01347586763205
-2.1557940282378003
-1.9979551519771857
-1.7672896967821092
-1.8195003125228406
-2.213100245831403
-1.8413405424438827
-1.9990742394233518
-2.0570325105991456
-2.011658721411507
-1.8607968904678074
-1.6641881034908823
-2.2131001572529017
-1.7828103238584723
-1.7254890578487945
-1.8882218098231873
-2.2131001572529017
-2.1880120198604747
-1.820588746813364
-1.7892619747788456
-1.6209588305936298
-1.8904406000728842
-1.9209811898055373
-1.6272221523981636
-1.8537692896317537
-1.98355370092549
-2.09592494121174
-1.9955287122878347
-2.000789410281164
-2.213100245831403
-1.9906794056874997
-2.2131001572529017
-1.98355370092549
-2.228620784329265
-2.1880120198604747
-2.2134466947353806
-1.7540072445980783
-1.6677556346731761
-1.5936729677298578
-2.2131001572529017
-1.9132209205566064
-1.8666043409478457
-2.2131001572529017
-2.228620784329265
-1.8111800477511582
-2.213100245831403
-2.2131000686744007
-2.0996805885867627
-1.6133415952818102
-2.026569886800589
-2.2131001572529017
-2.1013808819703423
-1.8758685126394277
-1.79240004314197
-1.9132209205566064
-2.2131001572529017
-1.6602569369458933
-1.5891244784690708
-1.9798588693619974
-2.2131001572529017
-2.1092756971925253
-1.4259004767313097
-1.9132209205566064
-2.01347586763205
-1.670281088055301
-2.2131001572529017
-2.1557940282378003
-2.228620784329265
-1.8024834515206323
-2.1507616181750544
-1.8363407076919307
-1.7499708665997533
-2.0447088373985363
-1.5352908712982847
-2.228620784329265
-2.228620784329265
-2.228620784329265
-1.8052996306962068
-2.228620784329265
-1.6128404939121945
-1.1369541579944147
-2.228620784329265
-1.6963971989215225
-2.2131001572529017
-1.8607968904678076
-2.2381882946453286
-1.6628577714149755
-1.6319270985674366
-1.8195002637643256
-1.8437217245682065
-1.9132208717980912
-2.060620461108928
-1.9799470556454901
-2.2381882946453286
-1.9132208717980912
-2.2381882946453286
-2.228620784329265
-1.605562379196634
-1.938219933772995
-1.8165107245908676
-1.9051204688489065
-1.6605729887284706
-1.8237236689608902
-1.9948941434962415
-2.056884302391321
-2.0162604744582464
-2.03080606415876
-2.2381882946453286
-1.66476226842523
-2.011049348302727
-1.6371666311630046
-2.2381882946453286
-1.9209811898055373
-2.2131000686744007
-2.2381882946453286
-1.9948941434962415
-1.410379938233448
-1.8237236689608904
-2.1880120198604747
-2.0162604744582464
-1.8195002637643256
-1.678554402386028
-1.9209811898055373
-1.4827124113253298
-2.1270856050969384
-1.9059156500633228
-2.0947665506464057
-1.9948941434962415
-2.2381882946453286
-1.7481611534957022
-2.0162604744582464
-1.6297670533320587
-2.2286206071722625
-2.102905185382456
-2.228620784329265
-1.9132208717980912
-1.6273708243788543
-2.1880120198604747
-1.6044620479201948
-1.8237236689608904
-2.2381882946453286
-2.016260474458247
-1.8487511301444362
-2.036948479571104
-1.6363628643694106
-2.0255615060149714
-1.6509334950776517
-1.8222640670528565
