-0.9999999999999987
-0.615853608950312
-0.6111844738499426
-0.9999999999999996
-0.9999999999999991
-0.615853608950312
-0.9999999999999991
-0.9999999999999992
-0.615853608950312
-0.9999999999999992
-0.6181866013697606
-0.615853608950312
-0.9999999999999993
-0.9331525496514486
-0.6181866013697606
-0.9999999999999989
-0.9999999999999989
-0.9999999999999989
-0.29855466824917565
-0.6158504586888396
-0.6181866013697606
-0.615853608950312
-0.6135206165308635
-0.615853608950312
-0.9999999999999991
-0.615853608950312
-0.6181866013697606
-0.6205164435277366
-0.6181866013697606
-0.29855466824917565
-0.6181866013697606
-0.6158504586888396
-0.9999999999999992
-0.615853608950312
-0.9331525496514486
-0.9999999999999996
-0.933155699912921
-0.615853608950312
-0.707106781186547
-0.615853608950312
-0.6135206165308635
-0.29855466824917565
-0.7071067811865475
-0.6135206165308635
-0.6158504586888396
-0.6158567592117845
-0.615853608950312
-0.6181866013697606
-0.615853608950312
-0.6158567592117845
-0.9999999999999991
-0.9999999999999993
-0.6205164435277366
-0.6135206165308635
-0.615853608950312
-0.6135206165308635
-0.6135206165308635
-0.9331493993899761
-0.615853608950312
-0.9999999999999996
-0.615853608950312
-0.29855466824917565
-0.615853608950312
-0.9331525496514486
-0.29855781851064805
-0.9999999999999991
-0.6158567592117845
-0.9999999999999989
-0.6135206165308635
-0.9999999999999992
-0.9331493993899761
-0.29855466824917565
-0.9999999999999993
-0.6181866013697606
-0.615853608950312
-0.6158567592117845
-0.6158567592117845
-0.615853608950312
-0.7071067811865468
-0.615853608950312
-0.6135206165308635
-0.615853608950312
-0.615853608950312
-0.9999999999999993
-0.6135206165308635
-0.615853608950312
-0.9999999999999989
-0.6181866013697606
-0.9999999999999989
-0.615853608950312
-0.9999999999999996
-0.615853608950312
-0.615853608950312
-0.29855466824917565
-0.6135206165308635
-0.6158567592117845
-0.9999999999999991
-0.615853608950312
-0.615853608950312
-0.6181866013697606
-0.615853608950312
-0.615853608950312
-0.6158567592117845
-0.7071067811865468
-0.6158567592117845
-0.615853608950312
-0.6135206165308635
-0.29855466824917565
-0.6181866013697606
-0.6205164435277366
-0.6135206165308635
-0.615853608950312
-0.6135206165308635
-0.9999999999999989
-0.615853608950312
-0.29855466824917565
-0.6181866013697606
-0.6181866013697606
-0.933155699912921
-0.9999999999999996
-0.6181866013697606
-0.615853608950312
-0.29855466824917565
-0.6181866013697606
-0.9999999999999996
-0.6158504586888396
-0.615853608950312
-0.6181866013697606
-0.6135206165308635
-0.9999999999999989
-0.9999999999999991
-0.9331525496514486
-0.9999999999999993
-0.6158504586888396
-0.615853608950312
-0.6135206165308635
-0.615853608950312
-0.615853608950312
-0.615853608950312
-0.6135206165308635
-0.6135206165308635
-0.615853608950312
-0.6181866013697606
-0.6135206165308635
-0.6181866013697606
-0.6135206165308635
-0.615853608950312
-0.615853608950312
-0.707106781186547
-0.9999999999999993
-0.6135206165308635
-0.615853608950312
-0.615853608950312
-0.9999999999999989
-0.6135206165308635
-0.9999999999999993
-0.9999999999999989
-0.9999999999999997
-0.9331493993899761
-0.615853608950312
-0.615853608950312
-0.6181866013697606
-0.615853608950312
-0.615853608950312
-0.29855781851064805
-0.9999999999999989
-0.615853608950312
-0.7071067811865472
-0.615853608950312
-0.615853608950312
-0.615853608950312
-0.615853608950312
-0.9331525496514486
-0.6158504586888396
-0.6135206165308635
-0.615853608950312
-0.6181866013697606
-0.6135206165308635
-0.6135206165308635
-0.9999999999999991
-0.615853608950312
-0.9999999999999993
-0.6181866013697606
-0.6135206165308635
-0.9331493993899761
-0.29855466824917565
-0.6135206165308635
-0.9999999999999996
-0.9999999999999993
-0.6158567592117845
-0.9331493993899761
-0.6181866013697606
-0.6135206165308635
-0.615853608950312
-0.615853608950312
-0.7071067811865471
-0.29855466824917565
-0.6135206165308635
-0.9999999999999996
-0.6158567592117845
-0.6135206165308635
-0.6181866013697606
-0.615853608950312
-0.6181866013697606
-0.615853608950312
-0.615853608950312
-0.933155699912921
-0.9331525496514486
-0.6158567592117845
-0.615853608950312
-0.29855151798770324
-0.9999999999999996
-0.615853608950312
-0.9999999999999993
-0.615853608950312
-0.615853608950312
-0.6135206165308635
-0.615853608950312
-0.615853608950312
-0.6135206165308635
-0.29855466824917565
-0.7071067811865468
-0.9999999999999991
-0.615853608950312
-0.615853608950312
-0.615853608950312
-0.615853608950312
-0.6158567592117845
-0.29855466824917565
-0.615853608950312
-0.615853608950312
-0.6135206165308635
-0.933155699912921
-0.615853608950312
-0.615853608950312
-0.6181866013697606
-0.6181866013697606
-0.615853608950312
-0.9999999999999991
-0.9999999999999996
-0.6135206165308635
-0.6135206165308635
-0.7071067811865468
-0.6135206165308635
-0.615853608950312
-0.29855781851064805
-0.6158504586888396
-0.9999999999999991
-0.9999999999999991
-0.9999999999999996
-0.6158504586888396
-0.615853608950312
-0.6135206165308635
-0.9331525496514486
-0.6135206165308635
-0.9999999999999993
-0.615853608950312
-0.615853608950312
-0.9999999999999993
-0.6181866013697606
-0.29855781851064805
-0.615853608950312
-0.615853608950312
-0.6181866013697606
-0.6135206165308635
-0.9999999999999991
-0.9331525496514486
-0.615853608950312
-0.9999999999999987
-0.7071067811865475
-0.6135206165308635
-0.6135206165308635
-0.9331525496514486
-0.6158567592117845
-0.6135206165308635
-0.615853608950312
-0.9999999999999992
-0.6158504586888396
-0.6135206165308635
-0.615853608950312
-0.6158567592117845
-0.9999999999999992
-0.9999999999999989
-0.615853608950312
-0.6135206165308635
-0.9331525496514486
-0.6158504586888396
-0.615853608950312
-0.615853608950312
-0.9331493993899761
-0.6158567592117845
-0.9999999999999997
-0.29855466824917565
-0.6135206165308635
-0.6111844738499426
-0.615853608950312
-0.615853608950312
-0.9999999999999991
-0.29855466824917565
-0.615853608950312
-0.615853608950312
-0.7071067811865469
-0.29855466824917565
-0.9999999999999996
-0.933155699912921
-0.6135206165308635
-0.9999999999999996
-0.9999999999999989
-0.7071067811865469
-0.6135206165308635
-0.6135206165308635
-0.6158567592117845
-0.9331525496514486
-0.6158504586888396
-0.6181866013697606
-0.6158504586888396
-0.6135206165308635
-0.6181866013697606
-0.9999999999999991
-0.6181866013697606
-0.6135206165308635
-0.6135206165308635
-0.9999999999999993
-0.6205164435277366
-0.615853608950312
-0.6135206165308635
-0.615853608950312
-0.9999999999999992
-0.9331525496514486
-0.9999999999999998
-0.9999999999999993
-0.615853608950312
-0.29855466824917565
-0.615853608950312
-0.6158504586888396
-0.6181866013697606
-0.615853608950312
-0.6158567592117845
-0.6158504586888396
-0.6135206165308635
-0.6135206165308635
-0.615853608950312
-0.9999999999999993
-0.615853608950312
-0.9999999999999992
-0.615853608950312
-0.6158567592117845
-0.615853608950312
-0.615853608950312
-0.6135206165308635
-0.6158567592117845
-0.615853608950312
-0.615853608950312
-0.6181866013697606
-0.9999999999999991
-0.615853608950312
-0.29855466824917565
-0.6158567592117845
-0.6135206165308635
-0.9999999999999987
-0.29855781851064805
-0.615853608950312
-0.29855466824917565
-0.615853608950312
-0.7071067811865474
-0.615853608950312
-0.9331525496514486
-0.933155699912921
-0.9999999999999996
-0.6135206165308635
-0.6181866013697606
-0.6158504586888396
-0.6181866013697606
-0.6135206165308635
-0.6158504586888396
-0.29855151798770324
-0.6135206165308635
-0.9999999999999996
-0.9331525496514486
-0.615853608950312
-0.29855466824917565
-0.6158567592117845
-0.615853608950312
-0.29855466824917565
-0.615853608950312
-0.615853608950312
-0.9331493993899761
-0.9331525496514486
-0.6181866013697606
-0.615853608950312
-0.29855466824917565
-0.6158567592117845
-0.29855466824917565
-0.615853608950312
-0.29855781851064805
-0.6181866013697606
-0.29855151798770324
-0.6135206165308635
-0.9999999999999993
-0.615853608950312
-0.6181866013697606
-0.615853608950312
-0.615853608950312
-0.9999999999999996
-0.9999999999999991
-0.933155699912921
-0.9999999999999993
-0.6181866013697606
-0.29855781851064805
-0.29855466824917565
-0.6158504586888396
-0.615853608950312
-0.615853608950312
-0.9331493993899761
-0.9999999999999993
-0.9999999999999996
-0.615853608950312
-0.615853608950312
-0.9999999999999991
-0.6158567592117845
-0.615853608950312
-0.615853608950312
-0.9999999999999996
-0.6181866013697606
-0.9331525496514486
-0.615853608950312
-0.29855151798770324
-0.6181866013697606
-0.49999999999999933
-0.9999999999999991
-0.6158504586888396
-0.615853608950312
-0.6135206165308635
-0.9999999999999991
-0.615853608950312
-0.615853608950312
-0.6181866013697606
-0.615853608950312
-0.29855466824917565
-0.9999999999999991
-0.615853608950312
-0.9331525496514486
-0.9999999999999996
-0.6135206165308635
-0.9999999999999991
-0.615853608950312
-0.615853608950312
-0.9331493993899761
-0.6181866013697606
-0.6205164435277366
-0.9999999999999989
-0.9999999999999991
-0.6135206165308635
-0.29855781851064805
-0.9331525496514486
-0.9331525496514486
-0.6135206165308635
-0.615853608950312
-0.29855466824917565
-0.29855466824917565
-0.6181866013697606
-0.6205164435277366
-0.6205164435277366
-0.9999999999999989
-0.6135206165308635
-0.9999999999999991
-0.615853608950312
-0.6135206165308635
-0.615853608950312
-0.6158567592117845
-0.9999999999999989
-0.615853608950312
-0.9999999999999996
-0.615853608950312
-0.615853608950312
-0.29855466824917565
-0.615853608950312
-0.615853608950312
-0.615853608950312
-0.615853608950312
-0.615853608950312
-0.9999999999999997
-0.9999999999999998
-0.9999999999999991
-0.9331525496514486
-0.615853608950312
-0.9999999999999989
-0.6135206165308635
-0.9999999999999989
-0.615853608950312
-0.933155699912921
-0.6135206165308635
-0.9999999999999993
-0.9999999999999993
-0.615853608950312
-0.9331525496514486
-0.615853608950312
-0.6181866013697606
-0.9999999999999999
-0.615853608950312
-0.6181866013697606
-0.615853608950312
-0.615853608950312
-0.6135206165308635
-0.615853608950312
-0.615853608950312
-0.615853608950312
-0.6181866013697606
-0.7071067811865472
-0.9331525496514486
-0.9331525496514486
-0.615853608950312
-0.9999999999999991
-0.9999999999999991
-0.615853608950312
-0.9999999999999993
-0.6181866013697606
-0.615853608950312
-0.6158567592117845
-0.615853608950312
-0.6181866013697606
-0.9999999999999991
-0.9999999999999996
-0.9999999999999991
-0.615853608950312
-0.615853608950312
-0.6181866013697606
-0.9999999999999991
-0.9999999999999996
-0.29855781851064805
-0.9999999999999993
-0.615853608950312
-0.6135206165308635
-0.6158504586888396
-0.9999999999999989
-0.615853608950312
-0.29855466824917565
-0.9999999999999993
-0.6135206165308635
-0.7071067811865468
-0.6135206165308635
-0.9999999999999989
-0.9999999999999993
-0.9999999999999989
-0.615853608950312
-0.615853608950312
-0.7071067811865468
-0.933155699912921
-0.6181866013697606
-0.615853608950312
-0.9999999999999991
-0.9999999999999989
-0.6205164435277366
-0.6135206165308635
-0.6135206165308635
-0.9331525496514486
-0.9331525496514486
-0.6158567592117845
-0.6158504586888396
-0.9999999999999996
-0.615853608950312
-0.615853608950312
-0.6135206165308635
-0.7071067811865471
-0.7071067811865471
-0.9999999999999996
-0.9999999999999989
-0.9999999999999989
-0.6158504586888396
-0.9331493993899761
-0.9331525496514486
-0.6181866013697606
-0.9999999999999998
-0.29855466824917565
-0.9331525496514486
-0.615853608950312
-0.6181866013697606
-0.6158567592117845
-0.615853608950312
-0.615853608950312
-0.9999999999999993
-0.9999999999999991
-0.9999999999999992
-0.9999999999999998
-0.9999999999999996
-0.9999999999999998
-0.9331525496514486
-0.6181866013697606
-0.6181866013697606
-0.6135206165308635
-0.9999999999999992
-0.615853608950312
-0.9331525496514486
-0.29855466824917565
-0.615853608950312
-1.0
-0.615853608950312
-0.29855466824917565
-0.9999999999999993
-0.9331525496514486
-0.615853608950312
-0.615853608950312
-0.6158567592117845
-0.933155699912921
-0.29855781851064805
-0.6158567592117845
-0.9999999999999991
-0.9999999999999993
-0.9999999999999991
-0.6135206165308635
-0.9999999999999996
-0.6205164435277366
-0.9999999999999996
-0.6135206165308635
-0.29855466824917565
-0.615853608950312
-0.6135206165308635
-0.615853608950312
-0.9331493993899761
-0.6158504586888396
-0.9999999999999989
-0.615853608950312
-0.6181866013697606
-0.29855151798770324
-0.6158567592117845
-0.9999999999999991
-0.6135206165308635
-0.9999999999999993
-0.615853608950312
-0.9999999999999993
-0.9999999999999993
-0.6158567592117845
-0.6205164435277366
-0.615853608950312
-0.6135206165308635
-0.9999999999999987
-0.615853608950312
-0.6181866013697606
-0.6135206165308635
-0.9999999999999989
-0.9331525496514486
-0.9999999999999996
-0.29855781851064805
-0.6135206165308635
-0.615853608950312
-0.615853608950312
-0.9999999999999993
-0.9999999999999992
-0.6158567592117845
-0.29855781851064805
-0.9999999999999993
-0.9999999999999996
-0.615853608950312
-0.615853608950312
-0.6181866013697606
-0.615853608950312
-0.615853608950312
-0.9999999999999996
-0.6158504586888396
-0.9999999999999993
-0.6135206165308635
-0.6135206165308635
-0.6135206165308635
-0.29855466824917565
-0.9331493993899761
-0.6181866013697606
-0.9999999999999992
-0.9999999999999993
-0.9999999999999996
-0.6111844738499426
-0.29855466824917565
-0.9999999999999996
-0.29855781851064805
-0.615853608950312
-0.9999999999999997
-0.9999999999999989
-0.9999999999999991
-0.9999999999999993
-0.6135206165308635
-0.9999999999999996
-0.9999999999999996
-0.6181866013697606
-0.6135206165308635
-0.6135206165308635
-0.9999999999999996
-0.6181866013697606
-0.6158567592117845
-0.6158567592117845
-0.615853608950312
-0.9999999999999996
-0.29855466824917565
-0.9999999999999991
-0.9999999999999989
-0.9999999999999992
-0.615853608950312
-0.7071067811865475
-0.9999999999999991
-0.29855466824917565
-0.9999999999999991
-0.6135206165308635
-0.9999999999999991
-0.9999999999999991
-0.9999999999999991
-0.9999999999999996
-0.615853608950312
-0.6158567592117845
-0.6135206165308635
-0.6135206165308635
-0.6181866013697606
-0.9999999999999991
-0.6135206165308635
-0.6135206165308635
-0.615853608950312
-0.9999999999999998
-0.9331525496514486
-0.615853608950312
-0.615853608950312
-0.9999999999999996
-0.9999999999999991
-0.615853608950312
-0.9999999999999997
-0.9999999999999992
-0.9999999999999987
-0.9999999999999993
-0.9999999999999989
-0.9999999999999992
-0.9999999999999996
-0.9999999999999989
-0.9999999999999989
-0.9999999999999993
-0.9999999999999989
-0.615853608950312
-0.6111844738499426
-0.9999999999999996
-0.9999999999999991
-0.9999999999999989
-0.9999999999999993
-0.9999999999999989
-0.29855466824917565
-0.9999999999999989
-0.9999999999999993
-0.9999999999999991
-0.9999999999999991
-1.0
-0.9999999999999996
-0.9999999999999987
-0.9999999999999993
-0.6135206165308635
-0.9999999999999989
-0.615853608950312
-0.9999999999999993
-0.9999999999999989
-0.9999999999999991
-0.9999999999999993
-0.9999999999999996
-0.9999999999999989
-0.9999999999999993
-0.9999999999999987
-0.9999999999999992
-0.9999999999999991
-0.615853608950312
-0.9999999999999993
-0.9999999999999993
-0.615853608950312
-0.29855466824917565
-0.9999999999999992
-0.9999999999999993
-0.9999999999999991
-0.9999999999999996
-0.6135206165308635
-0.9999999999999989
-0.9331525496514486
-0.9999999999999989
-0.6158567592117845
-0.29855151798770324
-0.6111844738499426
-0.9999999999999992
-0.933155699912921
-0.9999999999999989
-0.615853608950312
-0.9999999999999992
-0.615853608950312
-0.29855781851064805
-0.615853608950312
-0.9999999999999991
-0.9999999999999998
-0.9999999999999993
-0.29855781851064805
-0.9331525496514486
-0.9999999999999989
-0.9999999999999992
-0.615853608950312
-0.9999999999999996
-0.9999999999999989
-0.29855466824917565
-0.9999999999999991
-0.9999999999999996
-0.9999999999999993
-0.6181866013697606
-0.9999999999999991
-0.9999999999999993
-0.9999999999999989
-0.9999999999999991
-0.9999999999999991
-0.6158567592117845
-0.9999999999999992
-0.9999999999999993
-0.9999999999999989
-0.615853608950312
-0.6135206165308635
-0.9999999999999996
-0.9999999999999993
-0.9999999999999991
-0.9999999999999992
-0.9999999999999989
-0.9999999999999987
-0.9999999999999996
-0.9999999999999987
-0.9999999999999989
-0.9999999999999993
-0.9999999999999989
-0.9999999999999989
-0.6181866013697606
-0.6135206165308635
-0.29855466824917565
-0.9999999999999993
-0.9999999999999992
-0.9999999999999989
-0.6181866013697606
-0.9999999999999993
-0.615853608950312
-0.9999999999999991
-0.9999999999999996
-0.9999999999999989
-0.9999999999999998
-0.9999999999999989
-0.9999999999999993
-0.9999999999999993
-0.9999999999999989
-0.6158567592117845
-0.29855151798770324
-0.615853608950312
-0.6158567592117845
-0.9999999999999991
-0.6135206165308635
-0.9999999999999989
-0.9999999999999989
-0.615853608950312
-0.9999999999999992
-0.6158504586888396
-0.9999999999999987
-0.9999999999999992
-0.9999999999999992
-0.9999999999999989
-0.9999999999999991
-0.6181866013697606
-0.9999999999999999
-0.6158567592117845
-0.6158567592117845
-0.29855466824917565
-0.6135206165308635
-0.9999999999999993
-0.9999999999999991
-0.9999999999999991
-0.9999999999999989
-1.0
-0.9999999999999993
-0.615853608950312
-0.9999999999999996
-0.615853608950312
-0.9999999999999991
-0.6158567592117845
-0.6158567592117845
-0.6181866013697606
-0.29855466824917565
-0.9331493993899761
-0.9999999999999989
-0.49999999999999994
-0.49999999999999983
-0.9999999999999996
-0.9999999999999989
-0.9999999999999993
-0.7071067811865472
-0.9999999999999989
-0.9999999999999991
-0.6158567592117845
-0.6135206165308635
-0.9331525496514486
-0.615853608950312
-0.9999999999999992
-0.615853608950312
-0.9999999999999993
-0.9999999999999997
-0.9999999999999993
-0.9999999999999989
-0.9999999999999991
-0.9999999999999989
-0.9331493993899761
-0.615853608950312
-0.9999999999999991
-0.9999999999999989
-0.9999999999999987
-0.9999999999999997
-0.9999999999999992
-0.615853608950312
-0.9999999999999989
-0.9999999999999991
-0.9999999999999991
-0.9999999999999989
-0.9999999999999991
-0.9999999999999991
-0.9999999999999991
-0.9999999999999989
-0.615853608950312
-0.9999999999999989
-0.9331525496514486
-0.6135206165308635
-0.9999999999999989
-0.6135206165308635
-0.615853608950312
-0.9331525496514486
-0.9999999999999993
-0.9999999999999989
-0.9999999999999993
-0.29855466824917565
-0.9999999999999991
-0.9999999999999989
-0.9999999999999991
-0.6181866013697606
-0.9999999999999989
-0.6181866013697606
-0.6181866013697606
-0.9999999999999996
-0.9999999999999996
-0.9999999999999991
-0.9999999999999989
-0.9999999999999996
-0.615853608950312
-0.9999999999999993
-0.9999999999999993
-0.9999999999999991
-0.9999999999999993
-0.9999999999999992
-0.9999999999999991
-0.9999999999999991
-0.6158567592117845
-0.9999999999999989
-0.9999999999999991
-0.9999999999999991
-0.9999999999999989
-0.6181866013697606
-0.9999999999999989
-0.9999999999999996
-0.29855466824917565
-0.9999999999999989
-0.9999999999999996
-0.9999999999999989
-0.9999999999999991
-0.9999999999999991
-0.9999999999999987
-0.615853608950312
-0.9999999999999989
-0.9999999999999989
-0.29855151798770324
-0.9999999999999996
-0.9999999999999991
-0.9999999999999989
-0.9999999999999993
-0.9999999999999989
-0.615853608950312
-0.9999999999999991
-0.9999999999999987
-0.9999999999999989
-0.9999999999999996
-0.7071067811865471
-0.615853608950312
-0.615853608950312
-0.29855466824917565
-0.9999999999999998
-0.9999999999999996
-0.9999999999999989
-0.29855466824917565
-0.9999999999999996
-0.6135206165308635
-0.615853608950312
-0.9999999999999996
-0.615853608950312
-0.9999999999999996
-0.6135206165308635
-0.615853608950312
-0.9999999999999991
-0.9999999999999991
-0.9999999999999998
-0.6158567592117845
-0.9999999999999989
-0.615853608950312
-0.9999999999999996
-0.9999999999999991
-0.9999999999999987
-0.9999999999999993
