-1.7214664883171276
-1.5737938875563058
-1.5981652963472728
-1.63549189297827
-1.6332781646787538
-1.5882711654652557
-1.5502051091876377
-1.662251976144027
-1.5896289521480358
-1.6788856070451215
-1.6484350901918505
-1.6476183374350264
-1.485070883144823
-1.5756051374314075
-1.5579864210059484
-1.6597869935318674
-1.567021610911013
-1.4749211615052273
-1.7036169974248345
-1.633930596381333
-1.6742517005855082
-1.6349594307998994
-1.6735516307965193
-1.5858387632827275
-1.6298287566807288
-1.625293970897777
-1.6787327274799266
-1.6151167261307575
-1.6246978704280193
-1.5946891843629902
-1.710925517995956
-1.5938645836885186
-1.6248728157408387
-1.6355223890792658
-1.6364425911411629
-1.5259084811629946
-1.6553905853609565
-1.6588069342595309
-1.665456706839201
-1.645139624377557
-1.4147303945220808
-1.693877159885821
-1.6964958511907853
-1.6964556946083238
-1.5668106265119783
-1.6380118997091988
-1.6014772328350646
-1.6348049176673825
-1.6620751930433502
-1.7345500897387671
-1.680696105139219
-1.6840481191577545
-1.6596683035030009
-1.5827876960251575
-1.7199152817637031
-1.585230350691936
-1.7553609372500456
-1.554792902844627
-1.7113247174994688
-1.6293397851450655
-1.664765111119398
-1.5892977570658842
-1.6353459782122306
-1.6815008487529548
-1.6693714729023403
-1.7409099474869696
-1.658145561089819
-1.62530327092202
-1.6931512972554839
-1.6012839005339679
-1.7140215442393807
-1.6281043701600135
-1.6180309191753595
-1.6251981305758334
-1.5622217918533556
-1.620771449514423
-1.6674953128811343
-1.6924376756054087
-1.5524226623364124
-1.6946664436935084
-1.6325578578796731
-1.5377879801253893
-1.6388479805982576
-1.5978425426657965
-1.684978415982955
-1.7043981092991756
-1.6542443860880613
-1.6564850526419521
-1.6353331687002028
-1.6613784253698565
-1.6300906037925882
-1.6672554398092168
-1.5766362674257572
-1.619090205745153
-1.6097751951849957
-1.6519934801671239
-1.6362672374596625
-1.6453383611657042
-1.6079562010688342
-1.5542895517016289
-1.6572770913648562
-1.6600548604453094
-1.5213075651358983
-1.6460663819615677
-1.6106566871188863
-1.6991797080665012
-1.632175848535035
-1.6096281901622949
-1.6726244428345378
-1.6374437968628828
-1.6285921161913854
-1.5677630871849606
-1.6233674504622768
-1.633556855228447
-1.6486790933693198
-1.6736352624662862
-1.6221668972839671
-1.6977093731408337
-1.6372677709460535
-1.6675547576555505
-1.6101370970325786
-1.6482899012973637
-1.4417430406904843
-1.6622130075920514
-1.6078446448018862
-1.6299561361884944
-1.6253103890056027
-1.5966646291777553
-1.5894652233126365
-1.632861480700975
-1.6844595718212676
-1.7018217642074709
-1.6671547582396036
-1.6743818074279069
-1.6043294753455046
-1.7054257468622624
-1.6370039464405972
-1.6722238692362812
-1.6875905611619526
-1.569913412385678
-1.6192465186043408
-1.642487579702334
-1.599634914292497
-1.6654700783312315
-1.453000481133199
-1.6778838093348085
-1.6614684821118844
-1.6828958880904883
-1.5980024637278993
-1.6320165200847827
-1.7344610790830919
-1.6420633711080515
-1.6692821829107876
-1.581627057760183
-1.6731316430741037
-1.7428553167284786
-1.5969359666967335
-1.648037925468012
-1.6644828289774207
-1.664496367495116
-1.6324231434260974
-1.41445209273514
-1.5880262650253119
-1.5199341316161377
-1.6126109200081693
-1.5731299130609655
-1.5987016688399733
-1.6778445097502104
-1.6890361556822722
-1.6090926927541798
-1.6011859202692278
-1.6871728505796384
-1.65220247539952
-1.5567980210524277
-1.7251314787390815
-1.6672182306024645
-1.634245167729117
-1.6768923555207955
-1.6171503159160732
-1.6610983884340995
-1.6015237587333844
-1.6533342081143887
-1.6773644771607872
-1.6869318952775565
-1.6430304629942514
-1.6011558918768463
-1.6299275623992804
-1.7093828013634753
-1.563011034286459
-1.6552879343482427
-1.6796550937442
-1.6667297183186043
-1.6537997316318727
-1.6397067963724707
-1.6419563617134612
-1.682066707616575
-1.630171619146648
-1.6641279583486237
-1.5833758443240746
-1.6388284218819462
-1.6889462859160622
-1.5955783133200392
-1.6586166188787708
-1.6447131779702717
-1.5982233424004977
-1.6654184934743874
-1.6112156141609966
-1.6222121944208914
-1.6502419636047467
-1.7256158867934306
-1.5811659679678027
-1.6318751269235168
-1.6660178198986673
-1.6453652882702545
-1.6705102257926978
-1.5101845553413127
-1.6858220694371608
-1.5825776258287487
-1.6120834992782678
-1.65598781969102
-1.6349173607253011
-1.6313135092877247
-1.5793522414831795
-1.642481095946849
-1.6874355181725085
-1.6283496520907514
-1.6607020241780166
-1.5895508339348812
-1.5369378015787956
-1.7010449494979802
-1.5351321725618536
-1.645693814297033
-1.6446244424037624
-1.6887972689333242
-1.6159429724502976
-1.621070625963813
-1.4989332539177762
-1.6399368574874023
-1.6530554503783594
-1.6608111997172799
-1.5483607169012934
-1.6017399658389675
-1.6155238079851162
-1.6557673106372808
-1.6493577240894575
-1.621078551938588
-1.5492522975946186
-1.5124976189184451
-1.7703819263188065
-1.7100367838237926
-1.6740711047337034
-1.608066905078704
-1.6043886225378152
-1.636116753184926
-1.4764442458455707
-1.6926563592206973
-1.6824823855044344
-1.5929106317040012
-1.4797689025333431
-1.7018213728101492
-1.6687294678363884
-1.6434804875121507
-1.5723050732834654
-1.6305487905204539
-1.6966279915329954
-1.6831818629373925
-1.667428983005433
-1.6119738454413945
-1.7035201988204602
-1.6471624512204661
-1.6601167932976861
-1.6185787519255688
-1.680981501016483
-1.6956340501461247
-1.6157625846343264
-1.6163014715891622
-1.70648444445763
-1.5341101340410046
-1.6695960596224357
-1.5995311165039288
-1.6375721220983233
-1.611118852381186
-1.6294985161589315
-1.6275235232818235
-1.6362362541638193
-1.611761507698006
-1.6167498532949607
-1.746171479251359
-1.7546964037156352
-1.6188636830284633
-1.6082104372286599
-1.6132563884600095
-1.6383420541255214
-1.6523107289049204
-1.7002516786151096
-1.5468258789329463
-1.5747582518152774
-1.6806705054609754
-1.7236698391448178
-1.5657535670023002
-1.6027143345285986
-1.5654072551438059
-1.6620365980238578
-1.689449993359514
-1.6147015677558105
-1.6687270927516629
-1.5938299834367786
-1.7048518060554965
-1.6230378711510953
-1.638645662904604
-1.5593322666666214
-1.6737753536509334
-1.7254316755045067
-1.591635435036409
-1.6503514429573534
-1.7022304688391736
-1.6126671150773657
-1.6713113306339873
-1.6038691189490772
-1.5260989365679478
-1.642149036146172
-1.7157393557123464
-1.5387953410032686
-1.7345424740175506
-1.6722579359746037
-1.5540309983887675
-1.631082782065894
-1.6609018512233482
-1.6586557383021945
-1.6787348872946892
-1.6429514207616718
-1.6251690057704782
-1.6785810222189343
-1.6219352048651021
-1.7464882872389853
-1.5930513594808424
-1.7069099920528232
-1.703090361069155
-1.6518301681622614
-1.5987079850588852
-1.5097233000747667
-1.6084896156020674
-1.6677591140433097
-1.6479434960020287
-1.7027972836437255
-1.5823102036818517
-1.5924973852288902
-1.6244054745843899
-1.6765256020606185
-1.5403599961266785
-1.6631552828674085
-1.6515667290354843
-1.649699232037629
-1.6417841369295
-1.6392980504327357
-1.6192850560622531
-1.659632148178141
-1.6984368436657455
-1.6319927159249568
-1.6580150349601035
-1.6715015427782274
-1.6847069202822842
-1.5994478114089685
-1.6721293841683098
-1.6082544442158484
-1.5928421694936068
-1.559247765529047
-1.552655291849527
-1.6363789999936582
-1.545619467356385
-1.7117838910924077
-1.5991270028154592
-1.6356295977739337
-1.6298975232675657
-1.677785213461122
-1.6371265641585322
-1.6602283438366527
-1.6848253467872105
-1.6404070553651477
-1.6478900108793277
-1.7366449184248054
-1.6331618788172126
-1.7442707674468911
-1.6283026811502244
-1.6500655712579981
-1.688486164011708
-1.6069388516487182
-1.6353626341971519
-1.6621052264539806
-1.6567816627502612
-1.6428267132781051
-1.6382757673720334
-1.5777808875897368
-1.6129568297346089
-1.6526522710398999
-1.6604351348553217
-1.6689115813345337
-1.5708833440016308
-1.6224642966474307
-1.6884089370926574
-1.677328058455411
-1.6058170150884306
-1.643046300747261
-1.6612519650142064
-1.609091638557778
-1.6454066084308419
-1.4880374386536521
-1.6503360384264214
-1.6268518383866397
-1.694525716061022
-1.60299461824507
-1.6114606227153163
-1.5068969623390598
-1.6166336475743603
-1.6691154198042986
-1.629056317969666
-1.6381426855112116
-1.6707567633994094
-1.5747065970958263
-1.6354377587727138
-1.665657267156543
-1.6336000425345187
-1.6535477787112374
-1.761232880026666
-1.6825511086757656
-1.6693861668145655
-1.6300659979632446
-1.6507382931777708
-1.7090928807164167
-1.672339491764599
-1.6826392774360868
-1.5211757271651276
-1.644142424776418
-1.7080089405737646
-1.7073850859435216
-1.6031384753920683
-1.7218991364211145
-1.6055678973806644
-1.7097547566092837
-1.6570651322040317
-1.670555308832577
-1.6347865560674055
-1.6428053814954335
-1.7093826887514727
-1.6521386457801994
-1.6266445881380651
-1.659632065232665
-1.6167322630085823
-1.6309090248898626
-1.6777310177062867
-1.6522023558636632
-1.5264974604087274
-1.6621770860088105
-1.6552945897256293
-1.5793143456952432
-1.6225927849820339
-1.6739989544981222
-1.6891989783816033
-1.6375302942086603
-1.5946437550607182
-1.651242241892781
-1.6779650495912342
-1.6045700976986605
-1.7078595181842422
-1.6382001234369217
-1.5964295429416904
-1.6318703724035422
-1.6911252516487685
-1.6822293211996022
-1.4907675294117342
-1.7356382890623296
-1.3741622484770601
-1.6671844144718053
-1.6260741074154288
-1.6683822978609495
-1.670206331989636
-1.6116806618850466
-1.6745586945430158
-1.684586797839634
-1.6065419013551128
-1.6474393695116043
-1.6722174948702797
-1.6062960555102412
-1.6924783035672768
-1.6684985701836073
-1.6383509127911569
-1.5529780799144453
-1.5713875011557001
-1.6420923874201836
-1.6300610791997872
-1.6881861247188488
-1.7132316567418242
-1.690500537037568
-1.5712744092821305
-1.4984732082096626
-1.639489693231228
-1.614169842302712
-1.6428262112638772
-1.6717822035524719
-1.7047177639455275
-1.586259125559558
-1.7439166842590348
-1.6578822038504033
-1.6752065295122633
-1.6585005378627056
-1.6303874685199018
-1.523947836278728
-1.6321717993470553
-1.6956336019041403
-1.621476352756458
-1.7175706501721326
-1.7641832677492761
-1.7671336554718864
-1.7034023272347345
-1.6483345802840186
-1.7729137198260754
-1.6854313006539647
-1.6940496515728936
-1.7366520728034602
-1.6962752177129312
-1.5442769123465174
-1.675912928113457
-1.6376795877663706
-1.4335001349366994
-1.7629957881455762
-1.77152521316704
-1.7046694248910481
-1.7642013300606885
-1.761232903439862
-1.8124514114559525
-1.8154017757653667
-1.7969042063510203
-1.6889310058745013
-1.8154017991785627
-1.815401849229177
-1.7339679236910284
-1.7203729386524653
-1.8131808914368188
-1.7758460702625807
-1.8068482349170194
-1.7655537371222065
-1.7853918424408468
-1.6361968663034119
-1.6029201516388993
-1.661984357463061
-1.806693455052468
-1.7621503573602602
-1.716976044342476
-1.7618832865165244
-1.6081041606155921
-1.6411698350485553
-1.7450496975426961
-1.8153704699201478
-1.7640673788859091
-1.731594519822129
-1.806693455052468
-1.7106744688017927
-1.8124514114559525
-1.7088137816176978
-1.6065204388121288
-1.729522770937719
-1.74779625047265
-1.8490534250464585
-1.6056755394612494
-1.7211307458376144
-1.7870632488982316
-1.7531918264828312
-1.8937653189345718
-1.5974424359803443
-1.6688673135953684
-1.8687323767325754
-1.602715191942854
-1.6111958570947669
-1.8033542764990302
-1.635123937244565
-1.6340333382657324
-1.5882772925677093
-1.5727578809778824
-1.8050597900380132
-1.858673238295171
-1.7480905023646494
-1.86947285928845
-1.8634060804235948
-1.6495490166209437
-1.872205004784564
-1.641078799050181
-1.7542479214486935
-1.8621690442842023
-1.734875871747737
-1.8591001530165474
-1.9990206544645592
-1.8503433995654532
-1.6034656798173679
-1.908589048409211
-1.5318044371840138
-1.629782758450781
-1.6994819309080473
-1.881639424854536
-1.6151962201023602
-1.493860974022637
-1.6755626893682218
-1.8903403446502693
-1.552028990713013
-1.8452865795436872
-1.6957541333437014
-1.885957336576296
-1.8122362799072118
-1.879279282251317
-1.7549459583489633
-1.8732618639503045
-1.7875117922415489
-1.8080705719515073
-1.7519405887542905
-1.8087964946069643
-1.7933146941768898
-1.764709182872363
-1.8933832541022193
-1.7656546129594544
-1.8362920536800704
-1.6977912467666492
-1.7963089662892129
-1.8181575539347725
-1.7676651548048723
-1.747262473238059
-1.6799334582772294
-1.7275060024682913
-1.8085119139161487
-1.8677087690843592
-1.772895322115835
-1.8553228408585063
-1.8080705719515069
-1.8159124230351933
-1.7223010796759206
-1.6694507380092767
-1.9990207045151736
-1.7448663785577567
-1.655852980691945
-1.5976071944093262
-1.7232678274748554
-1.793784399755177
-1.9990207045151736
-1.8871205408320182
-1.6160230753172329
-1.6627488306254359
-1.9062186693671175
-1.6530486770155386
-1.7334119523764877
-1.7961730888265817
-1.793100781871516
-1.8847501598574674
-1.9990207045151736
-1.8583356950230159
-1.7697393612726093
-1.8579184392924841
-1.580515853864826
-1.7499149959778841
-1.6961704583189663
-1.7787136115906999
-1.9090741152369288
-1.7912079991363328
-1.909806935144947
-1.6717696913100226
-1.8859573866269104
-1.6526808844940835
-1.9056284671858856
-1.881575631930125
-1.8080705719515073
-1.862439577221918
-1.6854697264749294
-1.8181575539347725
-1.867393137169227
-1.999020604413945
-1.884750109806853
-1.9990207045151736
-1.637618595165113
-1.6115444925620819
-1.7939039705216353
-1.9373909468072643
-1.9967165580992723
-1.9990207045151736
-1.886002458498297
-1.7174351618933625
-1.975895902216394
-1.6912398195856475
-1.9085891041996659
-1.6957541333437014
-1.8129125626647935
-1.4047461497365472
-1.7836316781731258
-1.878569097207952
-1.8841724964670428
-1.9990207045151736
-1.8639272924131518
-1.6268221518818027
-1.8991333416935439
-1.6861963836982448
-1.8148451078967285
-1.9373908215892741
-1.919874869231717
-1.9990206544645592
-1.7018238175473779
-1.8999192062636674
-1.7407639959362422
-1.999020604413945
-1.8080706220021217
-2.2122841682100964
-1.5992764796016157
-1.6389380390525996
-1.8815756819807392
-1.6909856365742353
-2.2122841682100964
-1.8354427987044926
-2.2122841682100964
-1.5461678421630194
-1.6524434513602926
-2.212284118159482
-1.9373909468072643
-1.642760482734385
-1.8234301967708688
-1.6748142846718277
-1.6308152228020056
-1.891382165241283
-1.6274655702533372
-1.6474470640844414
-1.8937653189345718
-1.791047295499287
-1.6149060379818545
-2.0232716205503394
-1.603314387735482
-1.6020627581191376
-1.853301082180049
-1.5818059635108779
-1.6152448072296774
-1.6345307170541106
-1.9990206544645592
-2.0827276973773268
-1.7694630185418965
-2.0439260443983134
-1.9909140727045305
-1.6349293534802658
-1.9548637435641447
-2.0255661945734618
-1.8342927378578213
-1.823991193414401
-1.9198747691304883
-2.23999413621954
-1.6048509410862766
-1.591430080147314
-1.809809401744189
-1.8611772464578094
-1.857722179297572
-1.8186335871757795
-1.7550859932715699
-1.6589820705172458
-1.7994172322368072
-1.3457423465926817
-2.2151149779785877
-1.8349083828408856
-2.0000166464014355
-2.04463796482453
-2.004807896482408
-1.8195934129465978
-1.9945664347678913
-1.8577221292469577
-2.025566275389224
-1.598070192949745
-2.0067258796475302
-1.9745846916140992
-1.857722179297572
-2.23999413621954
-1.5988840276258076
-1.6182929969341127
-1.9275061134760412
-2.2122841682100964
-2.1126570094080357
-1.9975400897708617
-1.6679888370169837
-1.4754502223756045
-1.919874869231717
-2.23999413621954
-1.63689334432193
-1.6327851170432808
-2.243190848608158
-1.850962362050458
-1.736800463758509
-1.5749491432847704
-1.9973419833029613
-2.23999413621954
-1.63810065056209
-1.857722179297572
-1.852992367364482
-1.480888811711731
-1.9975400897708617
-1.6480576887784428
-1.6808440139402347
-2.243190848608158
-1.697918879259931
-2.23999413621954
-1.7107229000047453
-1.7393882016712894
-1.62284863477994
-1.159099298349968
-1.6428380795126671
-1.9105288408406522
-1.997540089770862
-2.0478692186496614
-1.7623677169514547
-2.0312840698705052
-2.2399940861689256
-1.9207512924997854
-1.8151347486546328
-1.7646866616526022
-1.8512109220353674
-1.9781575933784254
-1.8354107449314996
-1.4619306379319899
-1.3677907046736415
-2.24127304191147
-2.24127304191147
-1.9185433507558844
-1.7529769093312766
-1.7634089592872453
-1.756723658989686
-1.8603042001006087
-1.4754501222743759
-2.24127304191147
-2.017523001904454
-2.2399940861689256
-1.7613243559846166
-2.243190848608158
-1.2055835813089715
-1.8497956049252502
-1.8454706410502864
-2.217346605421781
-1.857722179297572
-2.0446379147739155
-1.850600919510564
-1.8454706410502864
-1.8663401244081959
-1.6224893607241597
-2.23999413621954
-2.002979851782036
-2.0446379397992227
-1.8994048551017255
-2.037791376239083
-2.002979851782036
-1.7529769093312766
-2.24127304191147
-1.6888906647025181
-1.675773898143488
-1.9989983504505777
-1.8874876242706036
-1.9980403825274164
-1.6066279959723204
-2.2399940361183113
-2.0093758121041443
-1.6706890453286247
-1.9334553077741177
-1.9874993298637584
-2.217346605421781
-1.8502018968368945
-2.24265437549439
-1.8206541626885204
-1.700854142704842
-1.8976268700269712
-1.8233383354967319
-2.0017015477533926
-1.8431876750627523
-1.628162196153505
-2.0714830415711365
-1.8177290473519285
-1.651432695691188
-1.747546806981779
-1.9971249756213731
-2.0461435056585993
-2.24127304191147
-2.0187855293506622
-2.0438170287924944
-1.8448944992966618
-2.24127304191147
-2.23999413621954
-1.6194738651931277
-2.24127304191147
-1.867778177326031
-1.941485042817803
-2.2399940861689256
-1.7646866616526022
-1.9975400397202476
-2.24127304191147
-1.9852750297243182
-1.8150312280116316
-2.24265437549439
-2.0438170287924953
-2.243190848608158
-2.243190848608158
-1.843750809001993
-2.047869267551847
-1.8467994966824683
-2.243190848608158
-2.2122841682100964
-2.1932112690499075
-1.6276826262177104
-1.453602217998003
-1.8300269438193535
-1.8483965333030805
-2.2399940861689256
-1.8437508090019932
-1.6809874803141376
-1.9218662228836123
-2.243190848608158
-1.8391254373823844
-1.8483965333030805
-2.005285337082313
-2.24127304191147
-2.030459947980043
-2.2171412432181983
-2.2445748735133515
-1.999556160819332
-1.6823761731599742
-1.8443190505047289
-1.8702874118439623
-2.243190848608158
-2.24127304191147
-2.121116745052377
-2.24127304191147
-1.8513224255558747
-1.8453096564310918
-2.2399940361183113
-1.6264206193929303
-1.852992367364482
-1.8056823779781577
-1.6386070188061583
-2.24265437549439
-1.7984482701341293
-1.8683872351921098
-1.5805163364853363
-1.4498476405780725
-1.757474137093209
-2.243190848608158
-1.3790002263034637
-2.217346605421781
-2.0307939664420154
-2.243190848608158
-2.24127304191147
-2.24127304191147
-1.8483965333030805
-2.238715130426381
-1.9994529197103905
-1.8946673916573096
-2.1932112690499075
-2.0281521349615503
-2.030459947980043
-1.8512109220353674
-2.029598322118208
-2.042317071393655
-1.9996631892705787
-1.9047221672519872
-1.8454706410502864
-1.643842792309125
-1.8083191436188992
-1.901974652821909
-1.618558956839649
-1.8510356380802324
-2.023406538032194
-1.759059857706423
-1.8444431686575853
-1.845309656431092
-1.9996631892705787
-2.046493201741397
-1.8546458577795337
-1.7673798255564672
-1.801023699157081
-2.0668462035468345
-2.000332492850683
-1.8502018968368943
-1.9240962765199983
-2.24127304191147
-1.8119784350951385
-1.8444431686575853
-1.8483965333030805
-2.0474489777257325
-2.243190848608158
-1.5505323298484073
-2.243190848608158
-1.8579449621151043
-2.0067258796475302
-1.6580996977625684
-1.89217982362962
-1.8696872719979887
-2.2186352676054764
-1.8026326163321833
-2.0852998059857213
-2.2158061340824897
-1.8177290473519285
-1.6581512426749718
-1.9980403825274164
-2.217346605421781
-1.845309656431092
-1.8483965333030805
-2.0668462035468345
