-1.7214664883171276
-1.628538963378213
-1.7673258330771124
-1.5860115490355988
-1.6089668740381493
-1.674156425534746
-1.7176954977775072
-1.6449699955396146
-1.6742472569997768
-1.5498285995177548
-1.6107400639757266
-1.6432085004398178
-1.6818571867025625
-1.6927011138401407
-1.6408841502644167
-1.62688071616887
-1.6317211902178124
-1.6292965569307138
-1.6853080159564586
-1.5962658916655394
-1.5976161959500372
-1.634422656223154
-1.654032739949912
-1.6346843562549418
-1.6223740519501397
-1.5126582770838866
-1.6316989720106003
-1.4644553277560783
-1.6200644481156052
-1.7132143399611355
-1.5884975078115275
-1.5980629192335007
-1.622105736604943
-1.598007988014642
-1.5839722367696716
-1.6343913965659695
-1.677380942131867
-1.6724403968257746
-1.5956503688916919
-1.6371770673110482
-1.5819294846462704
-1.665679689844279
-1.735573723471334
-1.6279270208355237
-1.6096984241112575
-1.6330058798380862
-1.7497825544921441
-1.7058552686372974
-1.6243006637439312
-1.6490501523323833
-1.661325304256565
-1.5974678253981902
-1.6234213621405662
-1.647330627310783
-1.6177943294237724
-1.707968190382491
-1.6342614157552726
-1.6304077224220324
-1.6117133459696444
-1.7107442984786847
-1.6727780821854992
-1.6696175833209095
-1.655818393978952
-1.6534276152424758
-1.6484978737611686
-1.7473782632977473
-1.554012190675923
-1.6698644847239748
-1.6159641731030323
-1.6361483402979151
-1.681076278511015
-1.6800685291499107
-1.6692393382270452
-1.6522654344557175
-1.6425853684810605
-1.6065426101541815
-1.714807677527526
-1.7055471181761337
-1.5770942075979397
-1.6256198181408095
-1.5717435386489438
-1.6925600573780335
-1.636965154203219
-1.6511768272880483
-1.6356116971169914
-1.6118609307810972
-1.642487600017261
-1.6295998549827133
-1.6813295335208422
-1.6428166538139983
-1.628659154357446
-1.6275159568788988
-1.5355315513324286
-1.6560958707978095
-1.6268771302092435
-1.6520129994900896
-1.7073257241943793
-1.5843802782936032
-1.6419565751457907
-1.563432701622134
-1.5549194007586515
-1.756745053080347
-1.6374678448773856
-1.6405956738385903
-1.5283006899579619
-1.5226741864791868
-1.672978106832206
-1.663305244102143
-1.6247640415452784
-1.6613430618056362
-1.6885978396208434
-1.5975713501906357
-1.6834310876383425
-1.6477762101254807
-1.5811173380488752
-1.629477547950735
-1.5317503108818373
-1.5979814484725288
-1.5842614587292818
-1.693156234997217
-1.681640388505193
-1.6244415890730277
-1.6090866459503448
-1.6796521147255865
-1.6688811519526177
-1.6377857189943545
-1.5966161669043533
-1.580876974730403
-1.6901046188702036
-1.643797339936432
-1.5901913047697613
-1.6108099634999786
-1.6519602902891968
-1.6089440895441016
-1.6645428434787748
-1.525373489458168
-1.540325548956944
-1.7410820980071573
-1.666938751743996
-1.6473252900454725
-1.6358006878343483
-1.6491639751761744
-1.6731124428701414
-1.650277056797315
-1.6163798187863678
-1.6004874046634103
-1.6521801643694372
-1.6462684722754188
-1.6437510689070254
-1.59905089102473
-1.6017033476242224
-1.669890803523722
-1.6253433354721158
-1.6341819670632354
-1.6784100377254079
-1.6181409506508027
-1.6918843260459453
-1.5854333694849674
-1.692942388126053
-1.6772558229341539
-1.7109128596267213
-1.6464717619754143
-1.655972969468419
-1.467659108317566
-1.5895835981321882
-1.5363341121436833
-1.658664608797909
-1.6503951826192187
-1.6458664936786636
-1.6333766496598485
-1.687035413721422
-1.6416821575396354
-1.53890533170945
-1.5828133675140041
-1.6498563630012955
-1.6140196906173114
-1.5405676031905686
-1.5477695346982965
-1.6296872338397888
-1.685295348176553
-1.6857890975913854
-1.6279208860347516
-1.6539120630830952
-1.5825068294172528
-1.5585461199446842
-1.6170003514721452
-1.5888657169307818
-1.6589788946943451
-1.5760157829462849
-1.6955534368558736
-1.6282086301870988
-1.5639008754982557
-1.6372657346703423
-1.6381295840196344
-1.6266326898217225
-1.6671445126565765
-1.6460529759543323
-1.643647783847013
-1.6513611085110034
-1.7363371510733026
-1.6746963788422862
-1.6560129387063691
-1.6378074655615857
-1.6463774769864066
-1.6238587079618951
-1.695446448381805
-1.6008240674109298
-1.5413211673899359
-1.6342246446150424
-1.6389150103335752
-1.6346166733196297
-1.5781968755815248
-1.626791642725781
-1.6777520263785493
-1.647429585227545
-1.6412217384426364
-1.5826386184997727
-1.6048413639425685
-1.6453542796603782
-1.7322907557813836
-1.6354580689442824
-1.6185364603488672
-1.5700356088822878
-1.6053475592033108
-1.5409401664910707
-1.6062284612710078
-1.519909432409024
-1.6569136061910026
-1.6594936735074128
-1.5623684595056035
-1.627502954321282
-1.7106237204290133
-1.5747126786468835
-1.6667840698032181
-1.6216118650284208
-1.5772586233272203
-1.6657266231819179
-1.611960573843175
-1.6349277715445933
-1.6179307585159932
-1.560891026348586
-1.6295200241911927
-1.6381779674713994
-1.6867978989159775
-1.629983166596665
-1.6426061709719695
-1.6214180974473096
-1.655998177130582
-1.7761911227660543
-1.635808887429146
-1.6686654974265216
-1.6337038215832131
-1.6738123515420806
-1.6325396575927393
-1.645045495004985
-1.6190631074747757
-1.7106506464355367
-1.5752076438139937
-1.651572078618386
-1.6610778073694734
-1.6093775010090496
-1.5637348082105382
-1.5872969359730063
-1.6259344195586298
-1.6926050010984541
-1.7063107040584984
-1.7010219761076892
-1.6237363379325715
-1.6639515776701046
-1.6101674124815328
-1.712376832507064
-1.6698418374294863
-1.6215294287939057
-1.6110184603511142
-1.6001880375579858
-1.7130433926600968
-1.6237979774487523
-1.6733707250761995
-1.6297610274004457
-1.6078856113716404
-1.548491635162127
-1.7314915399892223
-1.6414738518104874
-1.5643732282094525
-1.6578903313349815
-1.7026855746962086
-1.6769383342502373
-1.71163080959863
-1.6553349687538843
-1.5608169885363927
-1.6036705046866215
-1.6561079149817284
-1.6150726460343323
-1.6986846776147964
-1.6842966687352054
-1.5573403448976362
-1.63357332742181
-1.530804074882407
-1.6164145878946927
-1.665522831044454
-1.5599105084912894
-1.692832282373155
-1.7503099470930101
-1.665658911858956
-1.625267799822304
-1.6425727594664679
-1.626493606922122
-1.638581446992063
-1.625833847154149
-1.6350997740715203
-1.687157631599939
-1.6176628345582569
-1.7441712133370473
-1.609270104067057
-1.6314168541201546
-1.658955253253925
-1.6657089231198587
-1.5348648502070823
-1.6170993419772375
-1.671139084005432
-1.6331349746892985
-1.6614862443305844
-1.6963133520596212
-1.640224022069931
-1.6094100452329503
-1.6443149377400643
-1.5603493053622508
-1.6079687510352694
-1.6784285240498868
-1.6590634095117005
-1.5480481010982254
-1.6207936952707394
-1.5839201010176562
-1.6866926336163346
-1.6489210013609372
-1.652394758490857
-1.6116843424091998
-1.6525298930495786
-1.6028484736254358
-1.6198220949230795
-1.6838558400552848
-1.6401958364936107
-1.6070514409590915
-1.6984911999882173
-1.6000496651741916
-1.6177142754745268
-1.6291258306411398
-1.6657245844103092
-1.6087632778202554
-1.5162057182446254
-1.6799459966566193
-1.6662028560232038
-1.74291597031544
-1.6614245264977676
-1.6286673590977392
-1.671188616428814
-1.6283316793965315
-1.5549704720620294
-1.6292543796323085
-1.6247470531340766
-1.6713471366327843
-1.4695796377234485
-1.6932644486032458
-1.6788329752443483
-1.643616427615463
-1.6620110633560239
-1.6040128626585726
-1.6063657360797745
-1.6513654772971
-1.6002302994531385
-1.609192554097161
-1.6256759091593873
-1.5942629215689617
-1.6748424445383612
-1.5429783993080228
-1.6526073679760496
-1.727684700519462
-1.632551048165395
-1.677025648425999
-1.6018714631557636
-1.6265832676445884
-1.7249690482019122
-1.6045197757377327
-1.7543654939868685
-1.674624831771248
-1.6293738648321103
-1.6718361412006897
-1.638180159414871
-1.6694963197639943
-1.6317213460101172
-1.6432678693058105
-1.623206568289978
-1.6395669689910002
-1.656793984028712
-1.6477738767316579
-1.6325124578260954
-1.582335269036246
-1.616187744262821
-1.584271785530943
-1.6243483638943785
-1.7293901387904673
-1.6403708144890692
-1.6761060038118907
-1.6578608058861204
-1.5992071230495943
-1.6144564680865143
-1.626431951208777
-1.6396218762490986
-1.6226396344291685
-1.614442939552464
-1.6617753629698564
-1.6009120023947632
-1.5377513936927971
-1.6375518918219005
-1.6497735358383625
-1.5712045618744939
-1.5886023796760513
-1.61681769397226
-1.6477993866667617
-1.6752806148861408
-1.7025158568832723
-1.6127090875274128
-1.6520608990979204
-1.6548856596966046
-1.6309531817573908
-1.4948874904961043
-1.4633646599846024
-1.6439252804751192
-1.6499799478268682
-1.61616712575354
-1.6164891629085991
-1.6319655176613446
-1.7001783370004455
-1.6514845178305482
-1.6597905766481706
-1.5556959756126716
-1.6488688560533864
-1.6303126518480975
-1.642933207900401
-1.6163050055700636
-1.6202008296018242
-1.6690068453181082
-1.6288737757173415
-1.6107484172810533
-1.5609465334969055
-1.6139791140841362
-1.6218118630828842
-1.7277730477875974
-1.7026317794242465
-1.6584169630244947
-1.6099949960620374
-1.5665509817486107
-1.6229776900904833
-1.6384543194415138
-1.702717407470884
-1.4969353957116494
-1.6328768918882812
-1.7063031494462226
-1.7086861635832773
-1.6454006597244188
-1.619287744220848
-1.6206265587856081
-1.597121803854987
-1.6042839284567019
-1.6025035517689197
-1.681565870392895
-1.661478738384496
-1.691193996710619
-1.5883302503757466
-1.670587229436712
-1.6868524175130375
-1.6646610327223257
-1.6649327559718394
-1.6721618262124085
-1.60438284841883
-1.6477029261887532
-1.7133848125488844
-1.6582803229709304
-1.6116929057616918
-1.6504336190022664
-1.6645227748227884
-1.6420958765175278
-1.6044016643840133
-1.6629852296135659
-1.6161053406005457
-1.6554045599162355
-1.665599935931688
-1.5032677533060947
-1.4970364857392005
-1.6731326512437916
-1.6231575539684528
-1.6323136459809147
-1.6074038850434071
-1.548406197167862
-1.6456104893865728
-1.5916158761506587
-1.6463373536347468
-1.6424985163833359
-1.626402154197647
-1.6592135267513783
-1.6012437853066126
-1.7970876015783315
-1.797367362337499
-1.573744993972592
-1.7385860107313769
-1.7599230061788071
-1.6577748763612747
-1.7761991204445318
-1.380302990415379
-1.6256202911365543
-1.6983416144761716
-1.7893431754961593
-1.5832031501280848
-1.7413523219427751
-1.711874594286482
-1.5675924403043324
-1.5743174883292022
-1.8051142147725652
-1.7854667310565746
-1.6691989018216418
-1.6829731173637303
-1.7415315550082813
-1.699510801326911
-1.793688197293278
-1.7596432473520969
-1.7385824373305698
-1.7894741931916782
-1.804834455945855
-1.7465512158903997
-1.6046719119130204
-1.779497327285762
-1.8001662805319885
-1.7911435889914713
-1.5933042779131017
-1.7797770318612929
-1.8121522454973418
-1.6931366702519177
-1.7909259487267013
-1.6190076556341337
-1.6488960690869687
-1.634013968300469
-1.7866085206195739
-1.7672221054627475
-1.784980430263369
-1.6131092357408723
-1.6071631851446373
-1.820580253700541
-1.6071632826623352
-1.7795245055149214
-1.60972997891986
-1.6071632339034863
-1.820580253700541
-1.793688197293278
-1.8158594065847713
-1.5947968210701289
-1.8158594065847713
-1.7820732636977603
-1.5827665058347367
-1.792105279151897
-1.806504192250988
-1.7857385896449043
-1.5875157501874964
-1.3761107446127787
-1.802524284265965
-1.686299803061755
-1.6562339503732972
-1.8048092144241354
-1.820529980480485
-1.8047589412040794
-1.820529980480485
-1.804834455945855
-1.7813758770292494
-1.6118343448713353
-1.7961014473942258
-1.5872673183333574
-1.6101225773551178
-1.8115579539519613
-1.576538687140227
-1.820529980480485
-1.3138707015433453
-1.3314183508359896
-1.820529980480485
-1.820529980480485
-1.820529980480485
-1.820529980480485
-1.5759741656582373
-1.820529980480485
-1.820580253700541
-1.6514039717161235
-1.793601419999304
-1.6484999234731652
-1.6332179077078106
-1.768351014382007
-1.820529980480485
-1.7825153408692107
-1.7522355245716084
-1.5872673183333574
-1.576538687140227
-2.053792642627613
-1.8521912382036352
-1.6034175477321353
-1.6119842367710309
-1.6375186776787996
-2.011785240014183
-1.8715803769166344
-1.5508603350085042
-1.807609329799198
-2.053792642627613
-2.053792642627613
-1.6361266193382047
-1.8538490100299687
-1.6281375334093
-1.8076013145052183
-1.7074156281574253
-2.011785240014183
-1.8521912382036352
-1.6093734067599064
-1.8521912382036352
-1.8286050437285435
-2.011785240014183
-2.011785240014183
-1.520946250317201
-1.9935385618297459
-1.5791948349747924
-1.7074156281574253
-2.011785240014183
-1.8813289181017931
-1.8076014625416672
-1.9129203844770577
-1.5079254950666376
-1.6389376206306465
-1.7888968546333692
-1.6984043655848697
-1.8286050951798738
-1.5994470092995057
-2.053792642627613
-1.649196225620283
-1.1319428326162548
-1.5747667650155446
-1.8204797072604288
-2.011785240014183
-2.3001035956441314
-1.825523894330152
-2.3001035956441314
-2.053792642627613
-1.6794261439608356
-1.637593851151783
-1.9711126275067652
-1.6278192989156872
-1.6330417721210047
-1.612616138001719
-1.6146706940097997
-1.5551544286296373
-2.024317207483087
-1.9089459008647758
-1.8028552168229903
-1.9233839364056557
-1.8028281591194886
-2.3001035956441314
-1.6187174242996918
-1.4307130132961927
-1.6739894176830434
-2.3001035956441314
-1.542801917275191
-2.3001035956441314
-1.6086236208628093
-2.0792136108591173
-1.8951640517740784
-1.9594105099719115
-1.7943594665857387
-1.5797502210845282
-1.6501408236967714
-1.865408304470162
-1.5653875614251063
-1.7703475012495788
-1.8375435191509963
-2.2453200137495
-1.9332844810318786
-2.1905364318548703
-1.8995266467769594
-1.6386735487320137
-1.5808992770933266
-1.9594105099719115
-2.079213560808503
-2.069981588005746
-1.606584189859856
-1.8322624885617276
-2.005320120756072
-1.7872476778203608
-1.999123673507584
-1.164954170892201
-2.053792642627613
-1.9594105099719115
-1.62877159078175
-1.4332877934017394
-1.9007247475471063
-2.3001035956441314
-1.9935385368044383
-1.8666956945229354
-1.8334170758937656
-2.0463960276864874
-2.1905364318548703
-2.024317207483087
-1.7485308193220428
-1.8455175471854137
-1.9292242938404092
-1.6828612191410883
-2.3001035956441314
-2.053792642627613
-2.3001035956441314
-1.9012713766492018
-2.3001035956441314
-1.6915695423758093
-2.3001035956441314
-1.3707969879369744
-2.3001035956441314
-1.6043543972326197
-1.8126972459136022
-2.053792642627613
-1.732223521574524
-2.3001035956441314
-1.4902245079040257
-1.5942112391646837
-1.724571404117533
-1.8951640517740784
-1.8158132753491345
-1.866695694522935
-1.6411431052667729
-2.3001035956441314
-1.6483170853150744
-2.12038595242611
-1.7926884597288444
-2.3001035956441314
-1.5315200157330153
-1.3189668722608152
-1.7406377882054742
-1.7452693000364405
-1.6012503984327293
-2.024317207483087
-2.053792642627613
-2.3001035956441314
-1.494757117539832
-2.053792642627613
-1.839859773537598
-1.7640286267752894
-1.3707969879369744
-1.8024435010467108
-2.2041380227792504
-2.2041380227792504
-1.6189693218170886
-1.645603651875777
-1.865408304470162
-2.3001035956441314
-1.8354502917905526
-1.597967966550342
-2.3001035956441314
-2.2453200137495
-1.6490616854470246
-1.8354502917905526
-1.6315874271157746
-2.024317207483087
-1.8672294017192328
-1.8354502917905526
-1.865408304470162
-0.9205074521284029
-0.9999999999999993
-1.8354502917905526
-2.3001035956441314
-2.2041380227792504
-1.8995266467769594
-1.8354502917905526
-1.839859773537598
-1.693583278799067
-2.3001035956441314
-1.6742346875475975
-2.079213585833809
-2.0463960276864874
-1.9594105099719115
-1.9594105099719115
-2.3001035956441314
-1.968956611247819
-1.5808933613280287
-2.0699817811759824
-1.8398597735375979
-1.9594105099719115
-2.1905364318548703
-2.0699815880057466
-1.7249775035994324
-1.3189668722608152
-1.9090092162194268
-2.3001035956441314
-1.8666956945229352
-2.0425899716097295
-2.3001035956441314
-1.9572330980612422
-2.0463960276864874
-2.3001035956441314
-2.3001035956441314
-1.6187174242996918
-1.9089458737927023
-2.3001035956441314
-1.6760410117450961
-1.5327253135913923
-1.866695694522935
-1.8354502917905526
-2.053792642627613
-1.7473331027980494
-1.3669753219266718
-1.5872283062811046
-2.0699817811759824
-2.053792642627613
-1.8494476144487917
-2.079213585833809
-1.6206667161793147
-2.3001035956441314
-1.6513641701143176
-2.2041380227792504
-1.635586468687511
-1.7895030983739313
-2.0151981026962336
-2.024317207483087
-1.5013458994500817
-1.8654083044701617
-1.9594105099719115
-1.9007247475471063
-2.0699817811759824
-1.6745650187111611
-2.0463960276864874
-2.0699817811759824
-2.0289675146899846
-2.3001035956441314
-1.8354502917905526
-1.7634775184443003
-2.3001035956441314
-2.3001035956441314
-1.8355963201625358
-2.0678499579033334
-2.2453200137495
-2.053792642627613
-2.0699816845908643
-2.2041380227792504
-2.3001035956441314
-1.8028552168229903
-2.3001035956441314
-1.839859773537598
-1.72669864710258
-1.5016392037990915
-2.2453200137495
-2.3001035956441314
-1.938845659260273
-1.8398597735375979
-1.831372829257366
-2.053792642627613
-2.2453200137495
-1.8995266467769596
-1.6999376284524075
-2.3001035956441314
-1.7926884597288444
-2.3001035956441314
-2.3001035956441314
-2.3001035956441314
-2.3001035956441314
-1.6519288014199232
-1.6440175588825605
-2.3001035956441314
-2.3001035956441314
-2.0678499579033334
-2.0678499579033334
-2.3001035956441314
-2.0400121779722857
-2.3001035956441314
-1.8130827107059828
-2.3001035956441314
-1.8951640517740784
-2.3001035956441314
-1.9090092162194272
-2.3001035956441314
-2.3001035956441314
-2.3001035956441314
-1.6100966381379704
-2.3001035956441314
-1.7389566118975877
-2.0400121779722857
-2.3001035956441314
-2.2453200137495
-2.3001035956441314
-1.5607149947659336
-1.6350470798621184
-2.3001035956441314
-2.3001035956441314
-2.3001035956441314
-2.3001035956441314
-2.3001035956441314
-1.6491574856005473
-2.0699816845908643
-2.3001035956441314
-2.3001035956441314
-1.6419497332144761
-1.6618050405377616
-1.5650233661915507
-2.0699816845908643
-2.0699816845908643
-1.6829972222068148
-2.0678499579033334
-1.5936952945041016
-1.9007247475471063
-2.3001035956441314
-2.152711858200102
-1.5886418084692024
-1.6897273327989166
-2.3001035956441314
-1.6205419358501554
-1.6712078535921833
-1.9267228548408466
-2.3001035956441314
-2.3001035956441314
-1.652318564315042
-2.3001035956441314
-2.3001035956441314
-1.592239624671874
-2.3001035956441314
-1.7222246573764035
-1.8521912382036352
-2.3001035956441314
-1.6480134050082027
-2.053792642627613
-2.3001035956441314
-2.3001035956441314
-1.5720834244676505
-2.3001035956441314
-2.3001035956441314
-2.3001035956441314
-0.9999999999999996
-2.3001035956441314
-2.3001035956441314
-2.3001035956441314
-1.35168492103766
-2.3001035956441314
-1.3189668722608152
-2.3001035956441314
-2.3001035956441314
-1.3707969879369744
-2.3001035956441314
-2.3001035956441314
-2.3001035956441314
-2.3001035956441314
-2.0699816845908643
-1.628783640952952
-1.6093734067599064
-1.865408304470162
-1.7478777457097994
-2.3001035956441314
-1.8354502917905526
-2.0699817811759824
-2.3001035956441314
-1.4526456873472942
-1.8788372311488513
-1.667193271380665
-2.3001035956441314
-1.4450474206587003
-2.3001035956441314
-1.6039491643608992
-2.3001035956441314
-2.0792136108591173
-1.6635541765491018
-1.633136146261841
-1.9007247475471063
-1.5006322534973433
-2.3001035956441314
-2.3001035956441314
-1.7865976925664435
-1.622322838827597
-2.0463960276864874
-2.3001035956441314
-2.3001035956441314
-2.3001035956441314
-2.3001035956441314
-1.866695694522935
-2.3001035956441314
-2.3001035956441314
-2.3001035956441314
-1.676255721753978
-1.9233839364056557
-1.8137123568485296
-1.5981489335892247
-2.1905364318548703
-1.8995266467769594
-2.3001035956441314
-1.7965516560540955
-2.2453200137495
-2.3001035956441314
-1.7049861813827873
-2.3001035956441314
-1.6922976507448435
-1.4307130132961927
-1.865408304470162
-1.7074156281574253
-2.2453200137495
-1.6089169506080727
-1.8205802537005413
