1.0
1.3877787807814457e-17
-5.24368275315139e-33
3.469446951953614e-18
1.474514954580286e-17
-1.214306433183765e-17
2.42861286636753e-17
-4.163336342344337e-17
-3.469446951953614e-18
6.938893903907228e-17
3.122502256758253e-17
-2.168404344971009e-17
2.0816681711721685e-17
2.0816681711721685e-17
-4.163336342344337e-17
1.6479873021779667e-17
2.6020852139652114e-18
8.673617379884035e-18
-1.6479873021779667e-17
1.474514954580286e-17
2.4286128663675293e-17
2.688821387764051e-17
3.4694469519536138e-18
-6.071532165918825e-18
-5.204170427930421e-18
1.3877787807814457e-16
-1.1449174941446927e-16
-4.333342374871281e-34
-6.938893903907228e-18
-1.0408340855860843e-16
8.673617379884035e-19
1.387778780781446e-17
-8.673617379884035e-18
2.7755575615628914e-17
2.42861286636753e-17
1.734723475976807e-17
-0.9999999999999998
-2.42861286636753e-17
-1.1275702593849246e-17
-3.469446951953614e-18
7.806255641895632e-18
-1.0408340855860843e-17
-3.469446951953614e-17
0.0
-8.673617379884035e-19
2.0816681711721688e-17
6.9388939039072245e-18
-0.9999999999999999
-1.0408340855860843e-17
-6.938893903907228e-18
-3.469446951953614e-18
3.469446951953613e-18
-1.3010426069826053e-17
-1.0408340855860843e-17
2.3418766925686896e-17
6.938893903907228e-18
4.336808689942018e-17
-2.3418766925686896e-17
1.734723475976807e-17
2.688821387764051e-17
-1.3877787807814454e-17
3.122502256758253e-17
-3.4694469519536165e-18
0.0
4.5102810375396997e-17
3.8163916471489756e-17
-1.3877787807814457e-17
1.3877787807814457e-17
4.336808689942018e-18
-1.9081958235744878e-16
1.5352302762394743e-16
5.204170427930421e-17
-1.474514954580286e-17
3.469446951953614e-18
1.249000902703301e-16
1.3877787807814455e-17
-2.949029909160572e-17
-3.4694469519536138e-18
-2.0816681711721685e-17
-4.0766001685454967e-17
9.540979117872439e-18
-1.5612511283791264e-17
1.6653345369377348e-16
3.4694469519536138e-18
-1.1275702593849246e-17
8.673617379884035e-18
3.469446951953614e-18
9.540979117872439e-18
-3.122502256758253e-17
-1.214306433183765e-17
5.204170427930421e-18
-3.469446951953614e-18
-2.3592239273284576e-16
-1.9081958235744878e-17
-2.42861286636753e-17
3.4694469519536138e-18
7.632783294297951e-17
6.938893903907228e-17
-1.4685215825952673e-33
-6.938893903907222e-18
-1.0408340855860843e-17
4.5102810375396984e-17
3.4694469519536126e-18
-1.3877787807814457e-17
-3.4694469519536134e-18
-3.122502256758253e-17
-1.6566609195578508e-16
6.071532165918827e-18
-1.8214596497756474e-17
1.3877787807814457e-17
2.7755575615628914e-17
1.474514954580286e-17
-2.2551405187698492e-17
1.0408340855860843e-17
6.938893903907228e-17
2.0816681711721685e-17
-2.7755575615628914e-17
6.245004513516506e-17
3.0357660829594124e-17
-1.214306433183765e-16
4.163336342344337e-17
-5.204170427930421e-18
1.734723475976807e-17
-2.0816681711721685e-17
-1.5352302762394743e-16
2.7755575615628914e-17
-5.204170427930421e-18
-1.734723475976807e-17
-2.7755575615628907e-17
-2.42861286636753e-17
-3.729655473350135e-17
-5.204170427930421e-18
4.0766001685454967e-17
2.0816681711721685e-17
3.122502256758253e-17
-2.0816681711721685e-17
1.8214596497756474e-17
5.551115123125782e-17
-5.551115123125783e-17
4.85722573273506e-17
-4.276423536147513e-50
2.3111159332646827e-33
2.0816681711721688e-17
1.3877787807814457e-17
-2.0816681711721685e-17
-1.7347234759768067e-18
4.1633363423443364e-17
1.734723475976807e-17
-2.688821387764051e-17
4.336808689942018e-18
-1.0408340855860843e-17
-4.85722573273506e-17
-1.3877787807814457e-17
-6.9388939039072276e-18
3.122502256758253e-17
-1.0408340855860843e-17
3.122502256758253e-17
-7.546047120499111e-17
-1.474514954580286e-17
-4.336808689942018e-18
2.7755575615628914e-17
3.469446951953614e-18
-1.9081958235744878e-17
-1.3877787807814457e-17
1.8041124150158794e-16
5.551115123125783e-17
-4.163336342344337e-17
-3.469446951953614e-18
-1.734723475976807e-17
-1.214306433183765e-17
-2.775557561562891e-17
-8.673617379884035e-18
-9.020562075079397e-17
-5.551115123125783e-17
1.5612511283791264e-17
3.469446951953614e-18
-1.0408340855860843e-17
2.3418766925686896e-17
-1.3010426069826053e-17
-3.366501357971916e-33
8.673617379884035e-18
-2.688821387764051e-17
4.276423536147513e-50
1.9949319973733282e-17
-1.5785983631388945e-16
3.469446951953614e-18
3.209238430557093e-17
0.0
-3.469446951953614e-18
1.3964523981613297e-16
-1.0408340855860843e-17
1.9081958235744878e-17
-3.122502256758253e-17
8.673617379884035e-17
-7.806255641895632e-18
-3.469446951953614e-18
6.938893903907226e-18
1.214306433183765e-17
3.8163916471489756e-17
1.734723475976807e-18
-2.688821387764051e-17
2.0816681711721688e-17
1.734723475976807e-17
-3.469446951953614e-18
3.122502256758253e-17
-1.3877787807814457e-17
5.204170427930421e-18
-2.3418766925686896e-17
-1.457167719820518e-16
-1.214306433183765e-17
1.214306433183765e-17
2.0816681711721685e-17
-1.3877787807814457e-17
1.1716873302045758e-34
-3.816391647148975e-17
3.469446951953614e-18
3.122502256758253e-17
-1.1449174941446927e-16
1.0408340855860843e-17
9.194034422677078e-17
-6.938893903907228e-18
-2.7755575615628914e-17
-4.336808689942016e-18
-0.9999999999999998
2.949029909160572e-17
-1.3097162243624894e-16
-4.163336342344337e-17
2.1163626406917047e-16
-1.734723475976807e-17
-3.642919299551295e-17
-1.1449174941446927e-16
-1.734723475976807e-17
-3.469446951953618e-18
8.673617379884035e-18
-1.0408340855860846e-17
2.7755575615628914e-17
1.8214596497756474e-17
-1.3877787807814457e-17
6.93889390390723e-18
-3.122502256758253e-17
2.775557561562893e-17
-1.5612511283791264e-17
-6.938893903907228e-17
-3.382710778154774e-17
-3.122502256758253e-17
1.5612511283791264e-17
-2.6020852139652106e-18
-3.5561831257524545e-17
3.469446951953614e-17
1.7347234759768068e-17
5.551115123125782e-17
2.42861286636753e-17
-3.209238430557093e-17
2.4286128663675305e-17
-2.7755575615628914e-17
1.3877787807814457e-17
1.5959455978986625e-16
-3.122502256758253e-17
-1.1796119636642288e-16
1.9081958235744878e-17
1.7333369499485123e-33
4.336808689942018e-18
2.42861286636753e-17
-2.7755575615628914e-17
-3.469446951953614e-18
-1.5612511283791264e-16
-5.898059818321144e-17
-1.8214596497756474e-17
-1.9081958235744878e-17
-1.734723475976807e-18
1.3877787807814466e-17
-3.469446951953614e-18
5.204170427930421e-18
-4.85722573273506e-17
-2.42861286636753e-17
-2.7755575615628907e-17
-1.3530843112619095e-16
1.3877787807814455e-17
-1.3877787807814455e-17
3.4694469519536138e-18
-6.938893903907228e-18
1.8214596497756474e-17
8.326672684688674e-17
2.0816681711721685e-17
1.9949319973733282e-17
3.469446951953614e-18
8.673617379884035e-19
-4.85722573273506e-17
8.673617379884035e-19
5.204170427930421e-18
-3.4211388289180104e-49
-2.0816681711721685e-17
-4.1633363423443376e-17
-1.0408340855860843e-17
2.0816681711721685e-17
1.5612511283791264e-17
-3.4694469519536115e-18
-1.734723475976807e-18
6.938893903907228e-18
-5.20417042793042e-18
-8.673617379884035e-18
-1.3877787807814457e-17
-1.734723475976807e-18
-3.469446951953614e-18
-2.0816681711721685e-17
-2.0816681711721685e-17
-1.6479873021779667e-17
6.938893903907228e-17
3.8163916471489756e-17
-0.9999999999999999
-2.42861286636753e-16
-5.204170427930421e-18
-3.122502256758253e-17
2.0816681711721685e-17
-2.42861286636753e-17
-2.8102520310824275e-16
-3.8163916471489756e-17
-3.469446951953614e-18
-2.6020852139652106e-18
4.5102810375396984e-17
2.0816681711721685e-17
-1.5612511283791264e-17
4.336808689942018e-18
2.7755575615628914e-17
-6.938893903907228e-18
1.3877787807814455e-17
-1.734723475976807e-17
-7.806255641895632e-18
1.3877787807814457e-17
-1.734723475976807e-18
-1.7347234759768063e-18
1.3877787807814457e-17
-1.249000902703301e-16
1.6851887013388348e-34
-2.0816681711721688e-17
-1.734723475976807e-18
-1.0061396160665481e-16
-3.122502256758253e-17
8.673617379884059e-19
5.0306980803327406e-17
-1.3877787807814457e-17
-8.673617379884035e-19
6.938893903907228e-18
1.734723475976807e-17
-4.336808689942018e-18
1.734723475976807e-17
1.7347234759768065e-18
-6.938893903907228e-18
-6.9388939039072245e-18
-9.71445146547012e-17
-3.608224830031759e-16
-1.0408340855860843e-17
1.5612511283791264e-17
-4.163336342344337e-17
-1.3877787807814455e-17
-3.4694469519536165e-18
5.551115123125783e-17
2.8796409701215e-16
-3.642919299551295e-17
-1.734723475976807e-18
0.0
-2.993496475303259e-49
-2.0816681711721685e-17
1.734723475976807e-17
-4.475271009798693e-34
-3.122502256758253e-17
-8.326672684688674e-17
-3.469446951953614e-18
2.6020852139652106e-18
1.5402562616824841e-33
4.85722573273506e-17
8.673617379884035e-18
2.0816681711721685e-17
3.8163916471489756e-17
-8.673617379884019e-19
3.469446951953614e-18
-1.214306433183765e-17
-1.3877787807814457e-16
9.540979117872439e-18
-0.9999999999999998
6.938893903907228e-18
-1.734723475976807e-17
-3.469446951953614e-18
1.5606168349647764e-34
-1.3877787807814455e-17
-8.673617379884035e-19
0.0
-4.85722573273506e-17
1.387778780781445e-17
-1.734723475976807e-17
-3.122502256758253e-17
2.42861286636753e-17
3.469446951953614e-18
4.423544863740858e-17
-3.469446951953614e-18
-3.469446951953614e-18
5.204170427930421e-18
1.9081958235744878e-17
1.5612511283791264e-17
-2.287392999232494e-34
8.673617379884035e-18
-1.3010426069826053e-17
-1.734723475976807e-17
6.938893903907228e-18
-3.469446951953614e-17
3.469446951953614e-18
2.0816681711721685e-17
-6.938893903907228e-18
1.2836953722228372e-16
5.551115123125783e-17
1.5612511283791264e-17
-1.3877787807814455e-17
0.0
-2.0816681711721685e-17
2.3245294578089215e-16
1.734723475976807e-17
-3.469446951953614e-18
-4.85722573273506e-17
-2.3418766925686896e-17
-1.1275702593849248e-17
1.4137996329210978e-16
-2.4286128663675302e-17
1.6479873021779667e-17
0.0
-3.4694469519536165e-18
4.336808689942018e-18
2.42861286636753e-17
-6.9388939039072276e-18
5.204170427930421e-18
1.734723475976807e-18
6.938893903907228e-18
6.938893903907228e-18
-6.938893903907228e-18
2.6020852139652106e-18
-0.9999999999999999
-8.673617379884035e-19
-1.734723475976807e-18
3.903127820947816e-17
-1.942890293094024e-16
-4.85722573273506e-17
-5.551115123125783e-17
-1.214306433183765e-17
-7.632783294297951e-17
-2.7755575615628914e-17
-3.469446951953615e-18
-1.5612511283791264e-17
-1.1275702593849246e-16
2.42861286636753e-17
-5.204170427930421e-18
1.3010426069826053e-17
3.8163916471489756e-17
1.0408340855860843e-16
-1.3877787807814457e-17
0.0
1.3877787807814457e-17
6.071532165918825e-18
-8.673617379884035e-18
-2.42861286636753e-17
-2.168404344971009e-17
1.1449174941446927e-16
-1.6479873021779667e-17
-3.8163916471489744e-17
-1.3877787807814457e-17
-4.163336342344337e-17
-4.163336342344337e-17
-1.7347234759768054e-18
-1.734723475976807e-17
-3.642919299551295e-17
-1.3010426069826053e-17
-1.5785983631388945e-16
3.469446951953614e-17
1.214306433183765e-17
5.551115123125783e-17
-1.3010426069826053e-17
-2.0816681711721685e-17
-4.336808689942018e-18
2.7755575615628914e-17
-7.806255641895632e-18
1.3530843112619095e-16
1.0321604682062002e-16
1.5872719805187785e-16
2.7755575615628914e-17
-1.5612511283791264e-17
-5.204170427930418e-18
1.2143064331837648e-17
-6.071532165918825e-18
-1.6479873021779667e-17
3.469446951953614e-18
1.3357370765021415e-16
1.5959455978986625e-16
1.0408340855860843e-17
0.0
-6.938893903907228e-18
2.565854121688508e-49
-1.3877787807814457e-17
-8.673617379884035e-18
-4.5102810375396984e-17
0.0
4.1633363423443376e-17
5.204170427930421e-18
-2.42861286636753e-17
0.0
1.5959455978986625e-16
6.93889390390723e-18
1.214306433183765e-17
6.938893903907223e-18
-0.9999999999999998
-0.9999999999999998
-3.469446951953614e-18
-0.9999999999999999
3.122502256758253e-17
-6.938893903907228e-18
1.457167719820518e-16
-1.387778780781446e-17
3.642919299551295e-17
-6.9388939039072276e-18
5.551115123125783e-17
1.214306433183765e-17
-0.9999999999999999
-0.9999999999999999
2.688821387764051e-17
1.5612511283791264e-17
-2.42861286636753e-17
-1.734723475976807e-17
-1.3877787807814457e-17
3.469446951953614e-18
-3.469446951953614e-18
-1.0
-0.9999999999999999
-0.9999999999999999
-0.9999999999999998
2.6020852139652106e-18
-3.469446951953614e-18
3.8163916471489756e-17
0.9999999999999999
1.0061396160665481e-16
1.1796119636642288e-16
-1.0
-1.0
-2.1163626406917047e-16
-0.9999999999999999
-2.42861286636753e-17
-0.9999999999999999
-1.0928757898653885e-16
-0.9999999999999999
4.336808689942018e-17
1.9949319973733282e-17
-2.7755575615628914e-17
-1.0
1.0408340855860835e-17
-0.9999999999999999
-0.9999999999999996
1.734723475976807e-17
-3.469446951953614e-18
-0.9999999999999997
-0.9999999999999998
2.6020852139652106e-18
4.1633363423443364e-17
-1.0755285551056204e-16
-3.469446951953614e-17
-2.3418766925686896e-17
3.469446951953614e-17
0.9999999999999999
-2.2551405187698492e-17
-1.4137996329210978e-16
-0.9999999999999999
-0.9999999999999999
-2.2551405187698495e-17
-4.0766001685454967e-17
1.0
0.9999999999999997
1.0
-1.6653345369377348e-16
-1.7694179454963432e-16
-0.9999999999999998
1.6306400674181987e-16
-2.8449465006019636e-16
-5.516420653606247e-16
1.5612511283791264e-17
0.9999999999999998
-0.9999999999999998
-8.326672684688674e-17
-1.0
1.1882855810441129e-16
8.673617379884037e-19
-1.9081958235744878e-16
-1.3183898417423734e-16
-1.3010426069826053e-16
8.673617379884035e-19
-0.9999999999999998
1.214306433183765e-17
-1.0
1.734723475976807e-17
-0.9999999999999998
-0.9999999999999999
-1.0
5.204170427930421e-18
-0.9999999999999998
0.9999999999999999
-0.9999999999999999
-0.9999999999999999
9.367506770274758e-17
-1.8041124150158794e-16
1.387778780781446e-17
-0.9999999999999999
-0.9999999999999999
-2.0816681711721685e-16
-1.0
-1.214306433183765e-16
-0.9999999999999999
6.938893903907228e-18
9.627715291671279e-17
0.9999999999999998
3.191891195797325e-16
-9.367506770274758e-17
1.7347234759768077e-17
6.591949208711867e-17
2.7755575615628914e-17
-0.9999999999999999
-0.9999999999999998
-2.168404344971009e-17
-0.9999999999999998
-0.9999999999999998
-0.9999999999999999
5.898059818321144e-17
-6.938893903907228e-17
-1.0
-0.9999999999999999
9.974659986866641e-17
-1.1188966420050406e-16
-1.0
-0.9999999999999999
-1.0
-1.9949319973733282e-17
-0.9999999999999998
1.6653345369377348e-16
-1.0408340855860841e-17
3.469446951953614e-18
0.9999999999999998
0.9999999999999998
-2.2551405187698492e-17
2.7755575615628914e-17
-5.204170427930421e-17
-1.0408340855860843e-16
-1.8735013540549517e-16
-1.0
-0.9999999999999999
-0.9999999999999999
-0.9999999999999999
-0.9999999999999999
-0.9999999999999998
-1.0
2.4286128663675296e-17
-0.9999999999999999
-0.9999999999999999
-1.0
-0.9999999999999999
0.9999999999999999
-1.3617579286417936e-16
1.0
6.93889390390723e-18
-0.9999999999999999
-0.9999999999999999
-0.9999999999999999
-0.9999999999999999
-0.9999999999999998
-1.0
-1.0
-0.9999999999999999
-0.9999999999999999
-0.9999999999999999
-5.811323644522304e-17
8.673617379884035e-18
-1.0
-0.9999999999999999
-0.9999999999999999
-1.0408340855860843e-17
-0.9999999999999999
6.938893903907228e-18
-0.9999999999999999
-0.9999999999999999
0.9999999999999998
-0.9999999999999999
-0.9999999999999999
8.326672684688673e-17
6.938893903907228e-18
-0.9999999999999999
2.0816681711721685e-17
-0.9999999999999998
9.714451465470121e-17
-1.0
1.1709383462843448e-16
-3.5561831257524545e-17
-1.0
-0.9999999999999999
-0.9999999999999998
6.245004513516506e-17
-0.9999999999999998
-0.9999999999999999
-0.9999999999999998
-1.3877787807814457e-17
-0.9999999999999999
-0.9999999999999999
-0.9999999999999998
-1.5092094240998222e-16
-0.9999999999999999
-1.0
-0.9999999999999999
-1.3183898417423734e-16
1.6306400674181987e-16
-0.9999999999999998
-0.9999999999999999
-0.9999999999999999
-5.204170427930421e-18
-0.9999999999999999
-1.0
-0.9999999999999999
-0.9999999999999999
3.0357660829594124e-17
-0.9999999999999998
-1.734723475976807e-18
-0.9999999999999999
-1.0
-1.942890293094024e-16
4.5102810375396984e-17
-2.42861286636753e-17
1.3877787807814457e-17
-1.0
-0.9999999999999996
-1.0
-0.9999999999999999
-1.0
-4.336808689942018e-18
-0.9999999999999998
-0.9999999999999999
-2.6020852139652106e-18
-8.67361737988404e-19
-1.0
-1.700029006457271e-16
-1.0
-0.9999999999999996
1.7607443281164592e-16
-0.9999999999999999
6.93889390390723e-18
-0.9999999999999999
1.0408340855860843e-17
-0.9999999999999998
-0.9999999999999998
-2.42861286636753e-17
-1.3964523981613297e-16
-1.0408340855860843e-17
-1.3877787807814466e-17
-1.3010426069826053e-17
-0.9999999999999998
-0.9999999999999999
6.591949208711867e-17
-0.9999999999999998
3.4305627134397664e-34
-1.0
5.204170427930421e-17
-0.9999999999999997
-1.0
-0.9999999999999999
6.938893903907228e-18
-1.0
-0.9999999999999999
-0.9999999999999999
1.0408340855860844e-17
0.9999999999999999
-0.9999999999999998
-0.9999999999999999
-1.6479873021779667e-17
-1.0
1.5959455978986625e-16
-0.9999999999999998
-1.0
-6.852157730108388e-17
-1.908195823574488e-17
-7.45931094670027e-17
-0.9999999999999997
-0.9999999999999997
8.673617379884035e-18
-0.9999999999999999
1.7694179454963432e-16
-0.9999999999999999
-0.9999999999999999
5.204170427930421e-17
-0.9999999999999999
-0.9999999999999999
-1.3877787807814457e-17
2.1163626406917047e-16
1.9081958235744878e-16
-0.9999999999999999
-0.9999999999999999
-0.9999999999999999
-0.9999999999999999
-0.9999999999999999
8.673617379884035e-17
-0.9999999999999999
-0.9999999999999999
-0.9999999999999999
-0.9999999999999998
-0.9999999999999998
-0.9999999999999999
2.3418766925686896e-17
-0.9999999999999999
-0.9999999999999999
-1.0
2.42861286636753e-16
-1.0
-2.6020852139652106e-17
-0.9999999999999997
-0.9999999999999998
-4.0766001685454967e-17
9.71445146547012e-17
7.979727989493313e-17
-0.9999999999999999
5.204170427930421e-18
-3.469446951953614e-17
1.6653345369377348e-16
-0.9999999999999999
-5.551115123125783e-17
-0.9999999999999999
-0.9999999999999998
-1.0408340855860843e-17
-0.9999999999999999
0.9999999999999999
-1.0
-0.9999999999999998
-1.0
-1.0
1.4224732503009818e-16
-1.0
-0.9999999999999999
-1.0
0.9999999999999999
-0.9999999999999997
-0.9999999999999999
-0.9999999999999999
-0.9999999999999999
-1.5959455978986625e-16
-0.9999999999999999
-1.0
-1.0
-0.9999999999999999
-0.9999999999999999
-0.9999999999999999
-0.9999999999999998
-0.9999999999999999
-1.0
-0.9999999999999999
-0.9999999999999999
-0.9999999999999999
1.0
-1.0
3.365363543395006e-16
-0.9999999999999997
-0.9999999999999998
-0.9999999999999999
-0.9999999999999999
-0.9999999999999999
-1.3877787807814457e-17
-0.9999999999999998
-0.9999999999999999
-0.9999999999999999
-0.9999999999999997
-0.9999999999999999
-0.9999999999999999
-0.9999999999999999
-0.9999999999999998
-0.9999999999999998
-0.9999999999999999
4.2500725161431774e-17
-0.9999999999999999
-0.9999999999999999
-1.0
2.7755575615628914e-17
-0.9999999999999998
3.122502256758253e-17
8.673617379884035e-18
-0.9999999999999999
-1.3877787807814457e-17
-1.3530843112619095e-16
-1.0
-1.0
-2.7755575615628914e-17
6.331740687315346e-17
-0.9999999999999998
-0.9999999999999999
-4.163336342344337e-17
5.551115123125783e-17
3.469446951953614e-18
3.0357660829594124e-17
-0.9999999999999999
1.0408340855860843e-17
-0.9999999999999999
-0.9999999999999999
1.1102230246251565e-16
-2.7755575615628914e-17
-1.3877787807814457e-17
-1.0
-1.0
-1.0
-1.3877787807814455e-17
-0.9999999999999999
-0.9999999999999999
6.938893903907228e-18
1.5612511283791264e-16
2.0816681711721685e-17
-0.9999999999999999
-1.0
-0.9999999999999998
-1.0
-0.9999999999999999
-2.34337466040915e-34
-0.9999999999999999
-0.9999999999999999
1.1275702593849246e-17
5.858436651022875e-35
-0.9999999999999999
8.326672684688674e-17
-0.9999999999999999
-3.469446951953614e-17
-5.20417042793042e-18
-4.5102810375396984e-17
-0.9999999999999998
-0.9999999999999999
-1.0755285551056204e-16
-1.0
0.9999999999999999
1.5612511283791264e-16
-1.9949319973733282e-17
-1.0755285551056204e-16
-1.1188966420050406e-16
-0.9999999999999997
5.204170427930421e-18
-0.9999999999999999
2.5673907444456745e-16
-2.0816681711721685e-17
-0.9999999999999999
-1.0755285551056204e-16
-0.9999999999999999
-1.0
-5.204170427930421e-18
-0.9999999999999998
-0.9999999999999999
0.9999999999999999
6.93889390390723e-18
-0.9999999999999999
-0.9999999999999999
-1.0
-1.0
0.0
-0.9999999999999999
-0.9999999999999999
-1.717376241217039e-16
-0.9999999999999999
1.0
-0.9999999999999999
-0.9999999999999999
-1.734723475976807e-18
-0.9999999999999999
1.5612511283791264e-17
-0.9999999999999999
0.9999999999999999
-1.8735013540549517e-16
-0.9999999999999998
-0.9999999999999999
-3.8163916471489756e-17
5.551115123125783e-17
-1.214306433183765e-17
3.469446951953614e-18
-1.0
1.7347234759768067e-18
-0.9999999999999999
-8.03473898674049e-34
-1.0
1.734723475976807e-17
4.1633363423443364e-17
-3.469446951953614e-18
-1.0
6.071532165918825e-18
-1.0
-0.9999999999999999
-0.9999999999999999
-0.9999999999999999
-0.9999999999999999
-1.0
2.0816681711721685e-17
1.0755285551056204e-16
1.9081958235744878e-17
-0.9999999999999997
-0.9999999999999998
-1.0
-0.9999999999999999
-2.42861286636753e-17
-6.938893903907228e-18
-0.9999999999999999
-1.0
-0.9999999999999999
