0.9999999999999991
-5.204170427930421e-18
-1.734723475976807e-18
5.204170427930421e-17
-2.6020852139652106e-18
2.7755575615628914e-17
-9.6710833785707e-17
-4.0332320816460765e-17
5.204170427930421e-17
-1.491862189340054e-16
8.326672684688674e-17
-3.8163916471489756e-17
2.6020852139652106e-18
-6.938893903907228e-17
-2.42861286636753e-17
7.28583859910259e-17
-4.163336342344337e-17
5.551115123125783e-17
4.7704895589362195e-17
-8.673617379884035e-18
-2.0816681711721685e-17
-1.387778780781445e-17
4.9873299934333204e-18
6.071532165918825e-18
1.3010426069826053e-17
-2.42861286636753e-17
2.7755575615628914e-17
-6.9388939039072276e-18
3.2959746043559335e-17
3.469446951953614e-18
1.0408340855860843e-17
3.4640259410911867e-17
7.632783294297951e-17
1.9949319973733282e-17
3.252606517456513e-17
7.979727989493313e-17
-6.938893903907228e-18
4.85722573273506e-17
4.597017211338539e-17
7.979727989493313e-17
-2.42861286636753e-17
-4.85722573273506e-17
-6.938893903907228e-18
4.0766001685454967e-17
-1.3010426069826053e-18
-1.474514954580286e-17
-8.456776945386935e-18
3.122502256758253e-17
5.551115123125783e-17
-6.071532165918825e-18
-2.6020852139652106e-17
-2.3418766925686896e-17
2.1163626406917047e-16
0.7071067811865465
-3.9898639947466563e-17
-2.7755575615628907e-17
-7.97455367597839e-35
2.42861286636753e-17
2.168404344971009e-17
7.806255641895632e-18
-6.93889390390723e-18
1.3010426069826053e-17
-0.9999999999999996
-1.5265566588595902e-16
-0.9999999999999991
-1.431146867680866e-17
-7.28583859910259e-17
3.469446951953614e-18
8.673617379884035e-19
-6.938893903907228e-17
-2.42861286636753e-17
-3.642919299551295e-17
-1.734723475976807e-18
2.168404344971009e-18
1.734723475976807e-17
2.0816681711721685e-17
8.673617379884035e-19
2.0816681711721688e-17
1.214306433183765e-17
-3.382710778154774e-17
1.734723475976807e-16
1.214306433183765e-17
-1.734723475976807e-16
3.122502256758253e-17
2.7755575615628914e-17
-9.8879238130678e-17
5.0306980803327406e-17
-1.0408340855860843e-17
-4.85722573273506e-17
2.1510571102112408e-16
-5.551115123125783e-17
-7.589415207398531e-18
-1.214306433183765e-17
-1.0299920638612292e-17
-9.367506770274758e-17
2.0816681711721685e-17
-2.7755575615628914e-17
6.938893903907228e-18
-3.209238430557093e-17
-1.9949319973733282e-17
-2.775557561562892e-17
1.3877787807814457e-17
-6.895525817007808e-17
-2.0122792321330962e-16
-2.0816681711721685e-17
5.421010862427522e-18
2.7755575615628914e-17
-1.0408340855860846e-17
-2.6020852139652106e-17
5.204170427930421e-18
8.500145032286355e-17
-7.025630077706069e-17
6.071532165918825e-18
1.0408340855860843e-17
1.734723475976807e-17
1.3877787807814457e-17
-1.734723475976807e-18
8.239936510889834e-17
-3.4694469519536134e-18
-2.42861286636753e-17
1.6306400674181987e-16
-1.0408340855860843e-17
-9.621952956331904e-50
-2.7755575615628914e-17
3.469446951953614e-18
1.491862189340054e-16
-3.469446951953614e-17
3.642919299551295e-17
-6.591949208711867e-17
2.0816681711721685e-17
2.0816681711721685e-16
-3.122502256758253e-17
-5.551115123125783e-17
5.204170427930421e-18
2.5153490401663703e-17
-1.9608188783070335e-33
8.673617379884035e-18
3.469446951953614e-18
-7.719519468096792e-17
-1.734723475976807e-18
-2.1033522146218786e-17
3.4694469519536138e-18
2.42861286636753e-17
2.0816681711721688e-17
1.0408340855860843e-17
-1.457167719820518e-16
8.673617379884035e-18
-5.204170427930421e-17
1.0234868508263162e-16
1.457167719820518e-16
2.5153490401663703e-17
0.0
-8.153200337090993e-17
-1.1102230246251565e-16
5.898059818321144e-17
-2.3418766925686896e-17
4.7704895589362195e-17
1.3877787807814457e-17
1.3877787807814457e-17
1.2598429244281562e-16
4.8572257327350605e-17
3.8163916471489756e-17
6.938893903907228e-18
-3.4694469519536138e-18
4.445228907190568e-17
2.3418766925686896e-17
2.0816681711721685e-16
1.6653345369377348e-16
-3.7470027081099033e-16
3.122502256758253e-17
1.734723475976807e-18
-1.6653345369377348e-16
-6.5052130349130266e-18
1.9081958235744878e-17
3.122502256758253e-17
-1.9081958235744878e-17
-1.4224732503009818e-16
-5.551115123125783e-17
1.1058862159352145e-17
1.20346441145891e-16
3.122502256758253e-17
-2.0816681711721685e-17
1.951563910473908e-17
3.0791341698588326e-17
-1.3877787807814457e-17
-5.551115123125783e-17
2.42861286636753e-17
-2.168404344971009e-17
1.1275702593849246e-17
6.7220534694101275e-18
-9.194034422677078e-17
1.474514954580286e-17
-8.673617379884035e-18
-1.2143064331837651e-17
-2.185751579730777e-16
4.163336342344337e-17
6.245004513516506e-17
1.4799359654427136e-17
-3.4694469519536138e-18
5.898059818321144e-17
-3.469446951953614e-17
5.204170427930421e-18
2.6020852139652106e-18
1.7347234759768075e-18
3.434752482434078e-16
-5.204170427930421e-17
-3.8163916471489756e-17
-3.2959746043559335e-17
2.0816681711721685e-16
-1.3877787807814457e-17
1.6696713456276768e-17
4.163336342344337e-17
2.7755575615628904e-17
-3.0791341698588326e-17
-3.8163916471489756e-17
-1.691355389077387e-16
4.814824860968021e-35
2.7755575615628914e-17
1.474514954580286e-17
3.469446951953614e-18
-2.636779683484747e-16
-1.3877787807814446e-17
1.0408340855860841e-17
6.071532165918825e-18
-1.214306433183765e-17
-2.7755575615628914e-17
-3.469446951953615e-18
-2.949029909160572e-17
-1.3010426069826053e-17
1.0408340855860843e-17
-2.2551405187698492e-17
5.898059818321144e-17
2.7755575615628914e-17
2.3433746604091517e-34
-2.5326962749261384e-16
-1.1796119636642288e-16
1.3877787807814457e-17
-3.469446951953614e-18
-1.0842021724855044e-18
3.4694469519536138e-18
-6.938893903907228e-18
7.45931094670027e-17
3.608224830031759e-16
-3.1008182133085427e-17
-2.6020852139652106e-18
5.811323644522304e-17
-2.0816681711721685e-17
-3.122502256758253e-17
-1.1188966420050406e-16
9.621952956331904e-50
0.9999999999999999
-9.540979117872439e-18
1.734723475976807e-17
4.336808689942013e-18
-1.0581813203458523e-16
1.0408340855860843e-17
-3.4694469519536138e-18
-1.0408340855860843e-17
-3.8163916471489756e-17
8.673617379884035e-18
6.938893903907228e-18
-2.6020852139652106e-18
3.8163916471489756e-17
2.0903417885520525e-16
1.3010426069826053e-17
6.071532165918825e-18
-6.938893903907227e-18
-2.168404344971009e-17
8.326672684688674e-17
3.469446951953614e-17
5.551115123125783e-17
-2.975050761300224e-16
-1.5959455978986625e-16
1.249000902703301e-16
1.734723475976807e-17
5.204170427930421e-18
1.3530843112619095e-16
-1.3010426069826053e-17
-9.540979117872439e-18
1.491862189340054e-16
-1.9081958235744878e-17
-3.8163916471489756e-17
9.540979117872439e-18
6.938893903907231e-18
1.734723475976807e-17
1.0408340855860843e-16
4.2500725161431774e-17
1.7347234759768075e-18
2.7755575615628914e-17
-6.245004513516506e-17
-6.245004513516506e-17
-7.37257477290143e-18
1.737433981408021e-17
-4.163336342344338e-17
-6.071532165918825e-17
-1.5959455978986625e-16
1.734723475976807e-17
1.734723475976807e-17
2.862293735361732e-17
-8.326672684688674e-17
3.469446951953614e-18
-3.4694469519536138e-18
1.1102230246251565e-16
-1.9949319973733282e-17
7.28583859910259e-17
3.382710778154774e-17
8.673617379884035e-18
1.3877787807814457e-17
-2.7755575615628914e-17
-1.3877787807814457e-17
-8.326672684688674e-17
1.3877787807814457e-17
3.469446951953614e-18
8.391724815037804e-17
-1.734723475976807e-17
-2.3418766925686896e-17
-2.6020852139652106e-18
-3.469446951953614e-18
8.673617379884035e-18
-1.0408340855860843e-17
2.6020852139652106e-17
1.734723475976807e-17
-3.8163916471489756e-17
-2.7755575615628914e-17
1.5937771935536915e-17
3.469446951953614e-17
8.782037597132586e-17
2.0816681711721685e-17
-9.71445146547012e-17
-4.597017211338539e-17
-2.168404344971009e-18
-2.688821387764051e-17
3.469446951953616e-18
-1.734723475976807e-18
-1.7780915628762273e-17
-1.5612511283791264e-17
-6.938893903907228e-18
1.5612511283791264e-17
-8.847089727481716e-17
-2.2551405187698492e-17
-2.0816681711721685e-17
-1.734723475976807e-18
1.8214596497756474e-17
1.474514954580286e-17
-6.071532165918825e-18
-4.85722573273506e-17
5.858436651022877e-35
4.336808689942018e-18
2.0816681711721685e-17
-8.673617379884035e-19
-8.673617379884035e-19
3.122502256758253e-17
5.074066167232161e-17
3.4694469519536126e-18
6.938893903907228e-18
6.938893903907228e-18
-5.204170427930421e-18
-7.806255641895632e-18
-4.336808689942018e-18
1.734723475976807e-17
-1.734723475976807e-17
3.469446951953615e-17
-0.7071067811865464
-7.806255641895632e-18
-3.5561831257524545e-17
-3.226585665316861e-16
-1.734723475976807e-18
1.734723475976807e-17
2.42861286636753e-17
-3.469446951953614e-18
8.673617379884035e-18
-2.6454533008646308e-17
-4.1633363423443376e-17
-6.938893903907228e-18
-3.165870343657673e-17
1.0408340855860843e-17
-2.5518571763130875e-33
-1.7347234759768069e-18
2.3418766925686896e-17
-9.621952956331904e-50
-1.8214596497756474e-17
-4.163336342344337e-17
1.5612511283791264e-17
-6.938893903907228e-18
-2.0816681711721685e-17
2.166671187435639e-34
2.42861286636753e-17
-1.951563910473908e-18
1.734723475976807e-17
-3.209238430557093e-17
2.2551405187698492e-17
2.168404344971009e-17
5.637851296924623e-18
1.040834085586084e-17
1.249000902703301e-16
1.9081958235744878e-17
-2.6020852139652106e-17
-1.9949319973733282e-17
-2.6020852139652106e-17
1.734723475976807e-17
-1.9081958235744878e-17
-1.2836953722228372e-16
9.71445146547012e-17
5.898059818321144e-17
-1.5612511283791264e-16
-5.898059818321144e-17
-1.0408340855860843e-17
-9.540979117872439e-18
-1.2143064331837648e-17
8.673617379884035e-18
-3.8163916471489756e-17
-6.938893903907228e-17
-8.673617379884035e-17
-1.5265566588595902e-16
1.457167719820518e-16
2.0816681711721685e-17
-8.673617379884035e-19
5.551115123125783e-17
-4.163336342344337e-17
-5.724587470723463e-17
3.122502256758253e-17
-8.326672684688674e-17
8.673617379884035e-18
-3.2959746043559335e-17
-1.3877787807814457e-17
3.122502256758253e-17
-8.673617379884035e-17
1.3877787807814455e-17
1.0408340855860843e-17
-4.7704895589362195e-18
-3.469446951953614e-18
-2.0816681711721688e-17
6.505213034913027e-17
1.734723475976807e-18
3.469446951953614e-18
6.5052130349130266e-18
-3.4694469519536134e-18
-6.938893903907228e-18
9.71445146547012e-17
0.0
-5.898059818321144e-17
-3.4694469519536134e-18
0.7071067811865466
2.0816681711721685e-16
1.3877787807814457e-17
-0.9999999999999997
-3.469446951953614e-18
1.457167719820518e-16
2.7755575615628914e-17
-3.469446951953615e-18
4.276423536147513e-50
2.5153490401663703e-17
1.5265566588595902e-16
-2.6020852139652106e-17
4.163336342344337e-17
4.640385298237959e-17
-2.5673907444456745e-16
1.3877787807814457e-17
-3.469446951953614e-18
-3.122502256758253e-17
2.42861286636753e-17
1.734723475976807e-17
-1.214306433183765e-17
-4.5102810375396984e-17
1.0408340855860843e-17
7.806255641895632e-18
-4.5102810375396984e-17
9.540979117872439e-18
-3.469446951953613e-18
6.071532165918825e-18
-3.642919299551295e-17
3.469446951953614e-17
1.9081958235744878e-17
-4.683753385137379e-17
8.239936510889834e-18
5.421010862427585e-19
-2.42861286636753e-17
-4.336808689942017e-18
-1.9081958235744878e-16
-2.8189256484623115e-17
-5.204170427930421e-18
1.3877787807814457e-17
2.949029909160572e-17
7.806255641895632e-18
-1.1796119636642288e-16
1.9255430583342559e-16
3.469446951953614e-18
3.469446951953614e-17
4.163336342344337e-17
2.0383000842727483e-17
2.0816681711721685e-17
-8.673617379884035e-19
2.168404344971009e-17
7.28583859910259e-17
1.0408340855860844e-17
-1.9949319973733282e-17
-4.163336342344337e-17
-2.3418766925686896e-17
-2.905661822261152e-17
6.938893903907228e-18
-1.9949319973733282e-17
-1.1102230246251565e-16
-6.938893903907228e-18
-6.245004513516506e-17
-1.3877787807814457e-17
-3.5561831257524545e-17
4.163336342344337e-17
-2.7755575615628914e-17
-0.9999999999999993
2.7755575615628914e-17
6.9388939039072276e-18
1.6479873021779667e-17
-1.214306433183765e-16
-1.7694179454963432e-16
0.9999999999999998
-0.999999999999999
-0.9999999999999992
0.9999999999999992
-0.9999999999999996
-0.9999999999999997
-0.9999999999999998
-3.0791341698588326e-17
0.9999999999999996
0.9999999999999993
-0.9999999999999996
-1.6653345369377348e-16
-1.973247953923618e-17
-0.9999999999999993
-4.9873299934333204e-18
0.9999999999999997
0.9999999999999987
0.9999999999999986
-0.9999999999999994
-0.9999999999999998
-2.7755575615628914e-17
-2.706168622523819e-16
0.9999999999999984
-2.42861286636753e-16
0.9999999999999992
-0.999999999999999
-0.9999999999999998
-0.9999999999999992
-1.3877787807814457e-17
-0.9999999999999998
-0.9999999999999988
0.9999999999999998
6.938893903907228e-18
-4.9873299934333204e-18
-3.9898639947466563e-17
-2.6020852139652106e-17
-0.9999999999999999
-0.9999999999999994
0.9999999999999991
1.5265566588595902e-16
-0.999999999999999
-0.9999999999999996
-0.999999999999999
-0.9999999999999996
0.9999999999999993
-1.9081958235744878e-17
-0.9999999999999996
-0.9999999999999991
0.9999999999999998
0.9999999999999996
0.9999999999999996
0.9999999999999997
0.9999999999999998
-3.252606517456513e-17
0.9999999999999993
3.122502256758253e-16
-0.9999999999999996
-0.9999999999999993
0.9999999999999993
-0.9999999999999998
0.9999999999999996
-0.9999999999999991
1.8388068845354155e-16
0.9999999999999993
2.6020852139652106e-18
9.71445146547012e-17
-0.9999999999999994
-0.9999999999999996
4.597017211338539e-17
-0.9999999999999992
-0.9999999999999998
9.020562075079397e-17
0.9999999999999991
0.9999999999999988
-3.469446951953615e-18
-0.9999999999999984
1.5612511283791264e-16
-0.9999999999999992
-8.673617379884035e-19
-0.9999999999999997
0.999999999999999
0.9999999999999999
-0.999999999999999
-1.1449174941446927e-16
2.7755575615628914e-17
2.862293735361732e-17
0.9999999999999989
4.3021142204224816e-16
1.3010426069826053e-17
-0.999999999999999
0.9999999999999991
2.220446049250313e-16
-6.938893903907228e-18
0.9999999999999989
-0.9999999999999999
4.85722573273506e-17
-0.9999999999999993
0.9999999999999996
0.9999999999999993
0.9999999999999988
-1.6306400674181987e-16
5.898059818321144e-17
-0.9999999999999994
0.9999999999999997
-1.214306433183765e-17
0.9999999999999994
-0.9999999999999999
4.85722573273506e-17
-1.6306400674181987e-16
-1.0408340855860843e-17
4.163336342344337e-17
0.999999999999999
7.979727989493313e-17
0.9999999999999996
-4.5102810375396984e-17
1.3530843112619095e-16
-6.938893903907228e-17
2.7755575615628914e-17
0.9999999999999992
5.898059818321144e-17
-0.9999999999999989
0.9999999999999998
0.9999999999999987
-3.469446951953614e-16
-0.9999999999999999
-0.9999999999999991
-0.9999999999999993
-0.9999999999999993
-2.565854121688508e-49
-3.9898639947466563e-17
-0.9999999999999992
-0.9999999999999998
1.3530843112619095e-16
-2.688821387764051e-17
-0.9999999999999992
-0.9999999999999998
-0.9999999999999998
0.9999999999999991
-0.9999999999999997
-2.393918396847994e-16
-0.9999999999999994
-0.9999999999999994
-0.9999999999999998
-0.9999999999999993
0.9999999999999997
0.9999999999999996
0.9999999999999999
-0.9999999999999991
-0.9999999999999994
0.9999999999999998
-0.9999999999999997
-3.469446951953614e-18
0.9999999999999999
-3.4694469519536138e-18
0.9999999999999998
0.9999999999999992
3.686287386450715e-18
5.421010862427522e-17
-0.9999999999999999
-0.9999999999999994
3.469446951953614e-18
-0.999999999999999
0.9999999999999997
-0.9999999999999998
-4.7704895589362195e-17
-0.9999999999999996
-0.9999999999999996
-0.999999999999999
2.6020852139652106e-18
-0.9999999999999998
0.9999999999999992
-0.9999999999999993
1.1449174941446927e-16
3.2959746043559335e-17
0.999999999999999
-0.9999999999999994
-0.9999999999999998
-2.3418766925686896e-17
-0.9999999999999999
0.9999999999999991
-4.163336342344337e-17
-0.999999999999999
-0.9999999999999998
1.3530843112619095e-16
0.9999999999999998
0.9999999999999993
0.9999999999999997
-1.1102230246251565e-16
-0.9999999999999999
6.938893903907228e-18
-0.999999999999999
-0.9999999999999996
-0.9999999999999999
-0.9999999999999999
0.9999999999999993
-6.938893903907228e-18
-0.9999999999999998
-0.9999999999999999
0.9999999999999998
0.9999999999999992
0.9999999999999996
-0.9999999999999993
-0.9999999999999996
-9.8879238130678e-17
-0.9999999999999998
0.9999999999999996
-1.1796119636642288e-16
-1.0
-0.9999999999999991
-0.9999999999999998
-0.9999999999999997
-0.9999999999999991
-2.7755575615628914e-17
0.9999999999999994
-0.9999999999999998
-0.9999999999999999
0.0
1.3877787807814457e-17
-0.9999999999999999
0.9999999999999989
0.9999999999999999
-0.9999999999999998
1.0408340855860843e-17
-5.811323644522304e-17
-0.9999999999999993
-1.0408340855860843e-17
8.673617379884035e-18
-0.9999999999999998
-0.9999999999999987
-0.9999999999999999
-0.9999999999999998
-0.9999999999999992
0.9999999999999991
1.0408340855860843e-17
0.9999999999999993
-0.9999999999999996
0.9999999999999991
-0.9999999999999996
-2.5153490401663703e-17
0.9999999999999987
2.3071822230491534e-16
8.673617379884035e-19
-0.9999999999999999
0.9999999999999999
0.999999999999999
-0.9999999999999996
-0.9999999999999994
2.0816681711721685e-17
-0.9999999999999998
-0.9999999999999998
-0.9999999999999994
5.637851296924623e-18
0.9999999999999999
-6.245004513516506e-17
-0.9999999999999994
-7.806255641895632e-18
0.9999999999999997
-0.9999999999999999
-0.9999999999999998
0.9999999999999998
-0.9999999999999994
-0.9999999999999999
-1.0755285551056204e-16
-1.0
-0.9999999999999997
0.9999999999999997
-0.9999999999999999
-0.9999999999999999
-0.9999999999999998
-0.9999999999999998
6.938893903907228e-18
-2.6020852139652106e-18
-1.9081958235744878e-16
-0.9999999999999998
0.9999999999999999
-0.9999999999999993
-0.9999999999999996
-0.9999999999999998
-6.245004513516506e-17
-0.9999999999999987
-0.9999999999999992
-0.9999999999999993
-0.9999999999999999
-0.9999999999999998
-0.9999999999999998
0.9999999999999993
-0.9999999999999991
-0.9999999999999987
-0.9999999999999993
-0.9999999999999996
-0.999999999999999
-0.9999999999999997
-0.9999999999999987
-0.9999999999999994
0.9999999999999989
-0.999999999999999
-0.9999999999999994
-0.9999999999999999
-1.9949319973733282e-17
2.0816681711721685e-17
0.9999999999999998
-0.9999999999999998
-0.9999999999999999
-0.9999999999999997
-0.9999999999999999
-0.9999999999999998
0.9999999999999996
1.6479873021779667e-17
-0.9999999999999998
-0.9999999999999991
-0.9999999999999998
-0.9999999999999997
-0.9999999999999998
-0.9999999999999998
-0.9999999999999993
-0.9999999999999999
0.9999999999999992
-0.9999999999999999
1.8388068845354155e-16
3.469446951953614e-17
-0.9999999999999993
-0.9999999999999996
0.9999999999999998
-0.999999999999999
0.9999999999999996
0.9999999999999999
0.9999999999999999
-0.9999999999999999
-0.9999999999999993
-1.3877787807814455e-17
-1.0408340855860843e-17
-0.9999999999999991
-0.9999999999999993
-0.9999999999999999
-0.9999999999999993
0.9999999999999994
-0.9999999999999988
-0.9999999999999991
0.9999999999999999
1.0
-3.903127820947816e-17
0.9999999999999999
2.6020852139652106e-18
-0.9999999999999992
1.734723475976807e-17
0.9999999999999999
-0.9999999999999999
-1.5699247457590104e-16
-1.0
-0.9999999999999998
0.9999999999999994
-0.9999999999999998
-0.9999999999999992
-0.9999999999999988
-0.9999999999999999
-0.9999999999999999
-0.9999999999999996
-2.2898349882893854e-16
-0.9999999999999999
-0.9999999999999999
-0.9999999999999991
1.8865117801247777e-17
1.8041124150158794e-16
0.9999999999999996
0.9999999999999987
-0.9999999999999998
0.9999999999999997
-0.9999999999999998
3.469446951953614e-18
0.999999999999999
0.9999999999999998
0.9999999999999994
-4.440892098500626e-16
-0.9999999999999998
-1.0408340855860843e-16
-0.9999999999999998
-0.9999999999999993
1.734723475976807e-17
-0.9999999999999996
-0.9999999999999999
0.9999999999999999
-0.999999999999999
-0.9999999999999992
-1.3877787807814457e-17
-0.9999999999999998
0.9999999999999999
0.9999999999999993
-0.9999999999999998
4.5102810375396984e-17
-1.7780915628762273e-17
0.9999999999999999
6.938893903907228e-18
-0.999999999999999
-2.862293735361732e-17
0.9999999999999991
-0.9999999999999998
-0.9999999999999988
0.9999999999999999
0.9999999999999999
6.591949208711867e-17
0.9999999999999998
-0.9999999999999999
-0.9999999999999988
0.9999999999999997
-0.9999999999999996
-0.9999999999999988
-0.9999999999999993
-0.9999999999999992
0.999999999999999
-0.9999999999999996
5.4643789493269423e-17
-0.9999999999999997
-0.9999999999999998
3.469446951953614e-18
-0.9999999999999999
-0.9999999999999999
0.9999999999999998
1.5959455978986625e-16
0.9999999999999986
-0.9999999999999997
0.9999999999999999
-0.9999999999999999
-0.9999999999999999
0.9999999999999997
0.9999999999999999
-0.9999999999999998
-6.505213034913027e-17
-0.9999999999999989
-0.9999999999999998
-0.9999999999999999
-1.6479873021779667e-17
1.3010426069826053e-17
-0.9999999999999997
-0.9999999999999991
-0.9999999999999991
0.9999999999999998
0.9999999999999991
0.9999999999999999
0.9999999999999994
-0.9999999999999999
-0.9999999999999999
-0.9999999999999999
-0.9999999999999998
-0.9999999999999997
-0.9999999999999993
-0.9999999999999998
-0.9999999999999994
-0.9999999999999997
-0.9999999999999993
-0.9999999999999999
0.9999999999999998
3.8163916471489756e-17
-6.938893903907228e-17
0.9999999999999993
-0.9999999999999998
-0.9999999999999996
0.9999999999999998
-0.9999999999999999
-0.9999999999999992
2.168404344971009e-18
-1.3877787807814457e-16
-6.938893903907228e-18
-0.9999999999999993
-0.999999999999999
-0.9999999999999999
0.9999999999999998
0.9999999999999989
0.9999999999999997
-0.9999999999999997
-0.9999999999999998
-0.9999999999999991
-0.9999999999999992
9.540979117872439e-17
-2.42861286636753e-17
-0.9999999999999998
9.367506770274758e-17
0.9999999999999999
-0.9999999999999997
-0.9999999999999997
0.9999999999999984
-0.9999999999999999
-0.9999999999999999
-0.9999999999999998
1.3444106938820255e-16
-0.999999999999999
0.9999999999999989
