0.9999999999999996
-6.620384183831121e-34
-5.551115123125783e-17
-4.163336342344337e-17
1.7694179454963432e-16
-2.2985086056692694e-17
1.0408340855860843e-17
-3.4694469519536138e-18
1.214306433183765e-17
6.938893903907228e-18
-2.0816681711721685e-17
2.7755575615628914e-17
6.938893903907228e-18
-8.673617379884035e-18
0.24999999999999956
-1.1275702593849246e-17
-1.3010426069826053e-17
-9.107298248878237e-18
-5.20417042793042e-18
-7.806255641895632e-18
1.734723475976807e-18
3.2959746043559335e-17
6.9388939039072276e-18
-6.938893903907228e-18
-2.168404344971009e-17
-1.1275702593849246e-16
3.469446951953614e-17
5.204170427930421e-17
-1.9081958235744878e-17
-1.8214596497756474e-17
-1.9949319973733282e-17
-2.914335439641036e-16
-1.474514954580286e-16
1.1622647289044608e-16
-1.942890293094024e-16
-4.1633363423443376e-17
-5.898059818321144e-17
-8.673617379884035e-18
1.0408340855860843e-17
6.678685382510707e-17
-2.0816681711721685e-17
1.3877787807814457e-17
-6.938893903907227e-18
1.3444106938820255e-17
5.898059818321144e-17
2.949029909160572e-17
5.4643789493269423e-17
7.979727989493313e-17
-3.144186300207963e-17
1.1275702593849246e-17
-4.5536491244391186e-17
4.163336342344337e-17
-1.9081958235744878e-17
3.8163916471489756e-17
-2.2551405187698492e-17
1.734723475976807e-18
8.239936510889834e-18
1.9081958235744878e-17
4.423544863740858e-17
-1.0408340855860843e-17
-0.9999999999999992
2.2551405187698492e-17
-2.6020852139652106e-17
-2.7755575615628914e-17
-0.9999999999999994
1.214306433183765e-17
1.734723475976807e-17
5.0306980803327406e-17
-4.5102810375396984e-17
-1.734723475976807e-16
6.071532165918825e-18
2.42861286636753e-17
-1.0148132334464322e-16
1.0408340855860843e-17
-2.7755575615628914e-17
-8.673617379884035e-19
6.93889390390723e-18
3.642919299551295e-17
-1.6566609195578508e-16
-2.42861286636753e-17
6.938893903907228e-18
-1.0083080204115191e-17
2.7755575615628914e-17
-5.898059818321144e-17
8.673617379884035e-18
-4.0766001685454967e-17
-1.3877787807814457e-17
-1.448494102440634e-16
-1.8735013540549517e-16
2.0816681711721685e-17
1.3877787807814457e-16
2.0816681711721685e-17
-1.0408340855860838e-17
4.423544863740858e-17
1.5265566588595902e-16
3.469446951953614e-18
-3.8163916471489756e-17
-1.387778780781445e-17
1.3010426069826053e-17
4.336808689942018e-18
3.729655473350135e-17
1.734723475976807e-17
1.3877787807814457e-17
-1.5178830414797062e-17
1.4967482376516296e-49
-6.938893903907228e-18
3.122502256758253e-17
1.5612511283791264e-17
6.071532165918825e-18
-3.469446951953614e-18
8.673617379884035e-17
-1.0408340855860843e-17
-8.673617379884035e-18
-1.7347234759768068e-17
-6.245004513516506e-17
-6.9388939039072276e-18
-2.7755575615628914e-17
8.673617379884035e-18
-0.3535533905932735
-1.3877787807814457e-17
-3.122502256758253e-17
1.214306433183765e-17
1.8214596497756474e-17
-3.903127820947816e-17
-0.7071067811865468
3.469446951953614e-18
3.8163916471489756e-17
3.469446951953614e-18
-1.0408340855860844e-17
-1.3877787807814457e-17
-1.214306433183765e-16
1.496198998029996e-17
5.429578244131984e-34
1.3010426069826053e-17
-6.938893903907228e-18
2.949029909160572e-16
-5.204170427930421e-17
-1.1275702593849246e-17
-3.122502256758253e-17
-1.2157432773944416e-33
3.2959746043559335e-17
1.734723475976807e-17
1.5612511283791264e-17
-1.5070410197548512e-17
-1.734723475976807e-17
-1.0408340855860843e-16
-6.613005019169023e-33
3.469446951953614e-18
-5.5077470362263625e-17
-1.734723475976807e-17
-1.8041124150158794e-16
2.3592239273284576e-16
2.667137344314341e-17
-8.673617379884035e-18
-9.540979117872434e-18
1.0842021724855044e-19
-4.597017211338539e-17
-1.0842021724855044e-17
-6.071532165918825e-18
6.938893903907228e-17
-6.505213034913027e-17
6.938893903907228e-18
1.3010426069826053e-17
-1.0408340855860843e-17
8.673617379884035e-18
2.914335439641036e-16
-1.0408340855860843e-17
-3.469446951953614e-18
2.0816681711721685e-17
-4.163336342344337e-17
-1.734723475976807e-17
-6.938893903907228e-17
2.7538735181131813e-17
3.469446951953614e-18
1.3877787807814457e-17
7.659888348610089e-17
1.7347234759768065e-18
-4.336808689942018e-17
-5.637851296924618e-18
4.163336342344337e-17
3.469446951953614e-18
2.6020852139652106e-17
6.938893903907228e-17
-2.42861286636753e-17
-1.734723475976807e-17
-1.214306433183765e-17
-1.3010426069826055e-18
-7.28583859910259e-17
1.249000902703301e-16
-6.93889390390723e-18
8.6736173798840345e-19
1.0408340855860844e-17
-5.421010862427522e-18
5.551115123125783e-17
-2.0816681711721685e-17
-4.163336342344337e-17
-1.491862189340054e-16
2.949029909160572e-17
2.0816681711721685e-17
1.1275702593849246e-17
5.204170427930421e-18
-6.071532165918825e-18
2.6020852139652106e-17
-2.862293735361732e-17
-1.6479873021779667e-17
2.3689817468808272e-17
-3.5344990823027445e-17
1.5612511283791264e-17
2.42861286636753e-17
1.8648277366750676e-17
6.938893903907228e-18
-2.7755575615628914e-17
2.7755575615628914e-17
0.0
8.326672684688674e-17
1.3877787807814457e-17
-1.1275702593849246e-17
3.122502256758253e-17
6.938893903907228e-17
-1.0842021724855046e-17
-1.734723475976807e-18
-5.898059818321144e-17
-6.071532165918825e-18
6.938893903907228e-18
2.6020852139652106e-17
-6.938893903907228e-17
1.3877787807814457e-17
-6.938893903907228e-18
-4.163336342344337e-17
-3.469446951953616e-18
8.326672684688674e-17
1.9244588561617704e-17
-8.673617379884035e-18
-7.892991815694472e-17
1.0928757898653885e-16
-1.4311468676808659e-16
2.42861286636753e-17
3.8163916471489756e-17
-2.6020852139652106e-18
-6.938893903907228e-18
-2.2551405187698492e-17
1.0408340855860843e-17
-5.204170427930421e-18
1.5612511283791264e-17
-1.7780915628762273e-17
-8.673617379884035e-19
-1.214306433183765e-17
-0.7071067811865468
-1.3010426069826053e-17
1.140511638941821e-33
2.0383000842727483e-17
-5.377642775528102e-17
-3.8163916471489756e-17
1.9949319973733282e-17
3.382710778154774e-17
2.7755575615628914e-17
2.42861286636753e-17
-1.3877787807814457e-17
-3.469446951953614e-17
-2.8189256484623115e-17
-1.0408340855860843e-16
-1.942890293094024e-16
3.469446951953614e-17
-1.6132928326584306e-16
-2.42861286636753e-17
-1.1535911115245767e-16
-2.42861286636753e-17
8.673617379884035e-19
-6.071532165918825e-18
-9.540979117872439e-18
1.4224732503009818e-16
1.496198998029996e-17
-8.673617379884035e-18
0.0
1.5612511283791264e-17
-1.5612511283791264e-17
1.9081958235744878e-17
-4.163336342344337e-17
2.42861286636753e-17
-6.071532165918825e-18
2.42861286636753e-17
5.204170427930421e-18
1.0408340855860843e-17
-1.3010426069826053e-17
6.071532165918825e-17
-3.469446951953615e-18
4.5102810375396984e-17
-6.938893903907228e-18
-4.597017211338539e-17
1.3877787807814457e-17
1.734723475976807e-17
1.3010426069826053e-17
1.3010426069826053e-17
7.28583859910259e-17
3.2959746043559335e-17
2.7755575615628914e-17
-3.469446951953614e-18
-0.9999999999999988
1.3877787807814457e-17
-4.336808689942018e-18
5.551115123125783e-17
-3.8163916471489756e-17
9.107298248878237e-18
-1.734723475976807e-18
6.938893903907226e-18
4.336808689942018e-18
-1.3877787807814457e-17
1.3270634591222574e-16
-2.7755575615628914e-17
-1.3877787807814455e-17
3.469446951953614e-17
1.1275702593849246e-17
-9.540979117872439e-18
-1.8301332671555315e-16
-2.7755575615628914e-17
-1.0408340855860843e-17
1.3877787807814455e-17
6.071532165918832e-18
2.6020852139652106e-18
2.7755575615628914e-17
-2.992397996059992e-17
6.938893903907228e-18
1.9949319973733282e-17
3.469446951953614e-18
-1.6479873021779667e-17
-2.4286128663675302e-17
1.1275702593849246e-17
3.8163916471489756e-17
1.0408340855860843e-17
6.591949208711867e-17
-1.734723475976807e-17
0.0
6.071532165918825e-18
-1.3010426069826053e-16
2.2551405187698492e-17
1.214306433183765e-17
-1.734723475976807e-17
-1.6479873021779667e-17
8.6736173798840345e-19
1.734723475976807e-17
-1.0408340855860843e-16
2.168404344971009e-17
9.71445146547012e-17
5.204170427930421e-18
8.673617379884035e-18
3.469446951953614e-18
-5.910840182727921e-35
7.806255641895632e-18
-2.42861286636753e-17
-2.8189256484623115e-17
8.673617379884035e-18
1.0408340855860843e-17
-1.1275702593849246e-16
-8.673617379884035e-19
6.765421556309548e-17
4.597017211338539e-17
-7.28583859910259e-17
4.5102810375396984e-17
2.8189256484623115e-17
-2.1033522146218786e-17
-4.336808689942018e-18
8.326672684688674e-17
4.0549161250957866e-17
1.1102230246251565e-16
1.5612511283791264e-17
1.8214596497756474e-17
2.7755575615628907e-17
1.4224732503009818e-16
1.3877787807814457e-17
-2.6020852139652106e-17
1.3877787807814457e-17
-2.7755575615628914e-17
-3.4694469519536138e-18
-1.3877787807814457e-17
-6.505213034913027e-19
-2.7755575615628914e-17
-4.336808689942018e-19
1.214306433183765e-17
-1.3877787807814457e-17
-1.3877787807814457e-17
1.5612511283791264e-17
1.6653345369377348e-16
1.5612511283791264e-17
-1.0408340855860843e-17
-4.163336342344337e-17
1.5265566588595902e-16
6.938893903907228e-18
2.6020852139652106e-17
1.0408340855860843e-17
1.5395670849294163e-17
-1.0
-4.163336342344337e-17
1.7347234759768068e-17
1.1796119636642288e-16
-4.2500725161431774e-17
9.540979117872439e-18
-5.139118297581291e-17
1.474514954580286e-17
2.949029909160572e-17
1.734723475976807e-17
-5.551115123125783e-17
1.214306433183765e-17
-6.938893903907231e-18
1.3877787807814457e-17
1.431146867680866e-17
-1.3877787807814454e-17
3.469446951953614e-18
6.440160904563896e-17
2.2551405187698492e-17
2.0469737016526324e-16
-2.3418766925686896e-17
4.163336342344337e-17
1.734723475976807e-18
1.734723475976807e-17
2.0938261152909077e-33
8.673617379884024e-19
3.469446951953614e-17
3.469446951953614e-18
1.0408340855860843e-17
8.326672684688674e-17
-5.2041704279304205e-18
-2.7755575615628914e-17
9.974659986866641e-18
-6.938893903907228e-18
1.734723475976807e-18
8.673617379884035e-19
2.913793338554793e-17
1.3010426069826053e-17
-2.2551405187698492e-17
1.474514954580286e-17
2.5153490401663703e-17
2.0816681711721685e-17
-2.6020852139652106e-18
-1.3877787807814454e-17
-5.551115123125783e-17
-1.0755285551056204e-16
-2.0816681711721685e-16
2.0708261494473135e-17
-1.9081958235744872e-17
5.637851296924623e-18
-3.469446951953612e-18
-1.734723475976807e-17
6.245004513516506e-17
2.42861286636753e-17
-8.673617379884035e-18
2.6020852139652106e-18
-1.942890293094024e-16
-1.9081958235744878e-17
6.591949208711867e-17
6.591949208711867e-17
5.898059818321144e-17
0.7071067811865466
3.469446951953621e-18
-2.7755575615628914e-17
6.938893903907228e-17
-5.2909066017292616e-17
6.938893903907228e-18
-1.5612511283791264e-17
1.5612511283791264e-17
3.469446951953614e-17
2.7755575615628914e-17
1.3877787807814455e-17
6.938893903907228e-18
3.2959746043559335e-17
-1.734723475976807e-17
-6.938893903907228e-18
2.6020852139652103e-18
3.122502256758253e-17
-1.214306433183765e-17
-2.6020852139652106e-17
1.3877787807814457e-17
9.540979117872439e-18
2.6020852139652106e-18
-1.0842021724855044e-18
7.632783294297951e-17
2.6020852139652106e-17
2.775557561562891e-17
5.204170427930421e-17
-1.0542197943230523e-81
6.9388939039072276e-18
-9.540979117872439e-18
-3.469446951953614e-18
6.938893903907228e-18
3.0357660829594124e-17
-1.474514954580286e-17
3.562970397116386e-33
-1.0928757898653885e-16
1.5959455978986625e-16
3.4694469519536138e-18
-7.45931094670027e-17
1.3877787807814457e-17
1.0842021724855044e-18
-1.0408340855860843e-16
-1.3877787807814457e-17
-1.1275702593849246e-17
-3.469446951953614e-17
5.551115123125783e-17
-1.0625181290357943e-17
-1.734723475976807e-18
-7.37257477290143e-18
-1.0061396160665481e-16
6.93889390390723e-18
-0.9999999999999997
6.938893903907228e-18
-1.1102230246251565e-16
-6.245004513516506e-17
4.336808689942018e-17
5.898059818321144e-17
-9.71445146547012e-17
-3.1051550219984847e-16
0.7071067811865469
-6.071532165918825e-18
-1.7694179454963432e-16
1.040834085586084e-17
-1.3183898417423734e-16
-0.9999999999999999
0.9999999999999996
1.1102230246251565e-16
-1.734723475976807e-17
3.469446951953614e-17
9.367506770274758e-17
8.673617379884035e-19
-1.0842021724855044e-17
-1.6653345369377348e-16
-2.42861286636753e-17
1.8431436932253575e-17
-0.9999999999999986
8.326672684688674e-17
-1.3097162243624894e-16
-1.3877787807814457e-17
3.469446951953614e-18
-1.7347234759768069e-18
8.673617379884035e-17
1.942890293094024e-16
1.3617579286417936e-16
9.020562075079397e-17
-0.9999999999999996
-1.5265566588595902e-16
-0.9999999999999993
-0.9999999999999989
-0.999999999999999
6.591949208711867e-17
0.9999999999999992
-1.6653345369377348e-16
-0.9999999999999988
0.9999999999999992
0.9999999999999992
-0.9999999999999988
-0.9999999999999994
0.9999999999999997
-0.9999999999999992
1.3530843112619095e-16
1.3877787807814457e-17
0.9999999999999991
-1.214306433183765e-16
-0.9999999999999983
0.9999999999999998
-0.999999999999999
-1.3877787807814457e-17
-0.9999999999999993
1.0755285551056204e-16
-0.9999999999999991
0.9999999999999997
-0.9999999999999993
-0.9999999999999993
-0.9999999999999997
-0.999999999999999
1.3877787807814457e-17
1.0061396160665481e-16
-1.2836953722228372e-16
-0.9999999999999993
-0.9999999999999991
-6.938893903907228e-17
0.9999999999999993
-0.9999999999999991
-0.9999999999999991
-0.9999999999999991
-0.9999999999999993
1.6653345369377348e-16
5.204170427930421e-18
-0.9999999999999991
-5.551115123125783e-17
-0.999999999999999
-0.9999999999999998
-0.9999999999999997
-0.9999999999999999
0.999999999999999
1.8041124150158794e-16
1.9949319973733282e-17
-0.9999999999999992
1.734723475976807e-17
0.9999999999999992
-0.9999999999999987
-1.7780915628762273e-17
0.9999999999999998
-0.999999999999999
0.9999999999999988
0.9999999999999996
-0.9999999999999991
-1.0408340855860843e-16
-0.9999999999999989
-0.999999999999999
-0.9999999999999984
-0.9999999999999996
-2.42861286636753e-17
-0.9999999999999994
1.5612511283791264e-16
-0.9999999999999991
-8.673617379884035e-18
0.9999999999999991
-0.9999999999999987
-0.9999999999999997
-0.999999999999999
0.9999999999999987
0.9999999999999994
0.9999999999999994
-0.9999999999999992
-0.9999999999999991
-6.071532165918825e-18
1.0691058840368783e-49
-0.9999999999999993
-0.9999999999999989
-1.214306433183765e-17
-0.9999999999999996
-0.9999999999999994
-0.9999999999999984
-0.9999999999999994
-0.9999999999999997
0.9999999999999991
-1.0408340855860843e-17
0.9999999999999986
-0.9999999999999999
-0.9999999999999997
1.1362438767648086e-16
-0.9999999999999993
0.9999999999999999
-0.9999999999999989
-0.9999999999999992
-0.9999999999999998
-0.9999999999999992
-2.4286128663675296e-17
-0.9999999999999998
-0.9999999999999989
-0.9999999999999993
-0.9999999999999996
-0.9999999999999988
-0.9999999999999991
-0.999999999999999
-0.9999999999999987
-0.9999999999999998
-0.9999999999999988
0.9999999999999986
-0.9999999999999991
-0.9999999999999986
1.8214596497756474e-17
-0.9999999999999984
-1.0
-6.93889390390723e-18
-0.9999999999999982
-1.942890293094024e-16
-0.9999999999999986
-0.9999999999999998
-0.9999999999999998
-0.9999999999999991
-0.9999999999999998
-0.9999999999999989
-0.9999999999999989
-0.9999999999999989
-0.9999999999999993
-0.9999999999999986
0.9999999999999988
-0.9999999999999994
-0.9999999999999997
-0.9999999999999996
-0.9999999999999987
-0.9999999999999991
1.9081958235744878e-16
-0.9999999999999998
-0.9999999999999989
0.9999999999999992
-0.9999999999999992
-0.9999999999999997
-0.9999999999999987
-0.9999999999999998
-0.9999999999999992
3.469446951953614e-18
-0.9999999999999989
-0.9999999999999992
0.9999999999999989
0.9999999999999992
-0.999999999999999
-0.9999999999999986
0.9999999999999997
-0.9999999999999998
0.9999999999999992
-2.7755575615628914e-17
0.9999999999999998
-0.9999999999999994
-0.9999999999999989
0.9999999999999991
-0.9999999999999998
-0.9999999999999996
-0.999999999999999
-0.9999999999999987
0.9999999999999997
0.9999999999999993
0.9999999999999993
-0.9999999999999998
-0.999999999999999
0.9999999999999999
-0.9999999999999983
-0.9999999999999997
-0.9999999999999988
-0.9999999999999984
-0.9999999999999997
-0.9999999999999996
-0.999999999999999
0.9999999999999991
-0.9999999999999998
0.9999999999999997
-0.999999999999999
-0.9999999999999986
-4.9873299934333204e-18
-0.9999999999999993
-0.9999999999999998
-0.9999999999999994
-2.6020852139652106e-16
-0.9999999999999993
-0.9999999999999992
-0.9999999999999998
-0.9999999999999989
-5.551115123125783e-17
-0.999999999999999
-0.9999999999999989
0.999999999999999
-0.9999999999999997
1.8041124150158794e-16
-1.0408340855860843e-17
0.9999999999999994
-0.999999999999999
-0.9999999999999999
0.9999999999999984
-1.8214596497756474e-17
-0.999999999999999
-0.999999999999999
0.9999999999999994
0.9999999999999991
-0.9999999999999996
-0.9999999999999996
-0.9999999999999987
-1.0408340855860843e-17
-0.9999999999999988
-3.8163916471489756e-17
0.9999999999999991
-0.9999999999999989
0.9999999999999988
-0.9999999999999989
-0.9999999999999988
0.9999999999999989
-0.9999999999999987
0.9999999999999996
-6.245004513516506e-17
0.9999999999999991
-0.9999999999999992
-0.9999999999999998
-0.9999999999999993
-7.806255641895632e-18
-0.9999999999999996
0.9999999999999996
-0.999999999999999
1.0755285551056204e-16
-0.9999999999999998
-0.9999999999999994
-0.9999999999999984
-0.9999999999999989
-0.9999999999999996
-6.938893903907228e-17
-1.0408340855860843e-17
-0.9999999999999987
-0.9999999999999994
-3.642919299551295e-17
-0.9999999999999998
0.9999999999999988
0.9999999999999996
-3.469446951953614e-18
-0.9999999999999993
0.9999999999999999
-0.9999999999999989
-0.9999999999999988
-0.9999999999999983
-0.9999999999999993
-0.9999999999999993
1.734723475976807e-17
-0.9999999999999989
-0.9999999999999986
-9.020562075079397e-17
1.8041124150158794e-16
-0.9999999999999996
0.9999999999999998
-0.9999999999999999
-0.9999999999999998
-6.245004513516506e-17
2.6020852139652106e-18
-1.3877787807814457e-17
-0.9999999999999997
1.0
0.9999999999999994
-0.9999999999999998
-1.214306433183765e-17
-0.9999999999999993
-8.673617379884035e-19
-8.771045928748036e-34
-0.9999999999999991
-0.9999999999999992
-0.9999999999999984
-0.9999999999999992
0.999999999999999
-2.3245294578089215e-16
-0.9999999999999996
0.9999999999999992
-2.0816681711721682e-17
-0.9999999999999996
-0.9999999999999993
0.9999999999999988
1.3877787807814457e-17
-0.9999999999999989
-0.9999999999999998
-0.9999999999999997
-0.9999999999999981
0.9999999999999998
-0.9999999999999989
-0.9999999999999992
-0.9999999999999991
2.9292183255114374e-35
-7.979727989493313e-17
0.9999999999999997
-0.9999999999999999
-0.9999999999999997
-0.9999999999999993
0.9999999999999996
-0.9999999999999991
-4.336808689942018e-18
8.326672684688674e-17
-0.9999999999999991
-0.9999999999999983
-0.9999999999999991
-0.9999999999999991
0.9999999999999994
-0.9999999999999994
-0.9999999999999996
0.9999999999999989
-0.999999999999999
0.9999999999999997
-0.9999999999999999
-0.9999999999999991
-1.734723475976807e-17
-0.9999999999999993
-0.9999999999999996
-0.9999999999999994
1.734723475976807e-16
0.9999999999999999
0.9999999999999992
-2.168404344971009e-17
-0.9999999999999989
-0.9999999999999998
-0.9999999999999997
1.0408340855860843e-17
-2.42861286636753e-17
0.9999999999999994
0.9999999999999992
-0.9999999999999989
-0.999999999999999
-0.999999999999999
-0.9999999999999996
-1.5612511283791264e-16
0.9999999999999996
-0.9999999999999988
-0.9999999999999996
-0.9999999999999999
2.0816681711721685e-17
0.9999999999999997
-0.9999999999999993
2.3418766925686893e-17
-0.9999999999999988
-0.9999999999999998
-0.999999999999999
-0.9999999999999989
-0.999999999999999
1.0
-0.9999999999999991
-0.9999999999999997
0.9999999999999999
0.9999999999999998
-1.3877787807814454e-17
-0.9999999999999999
-0.9999999999999996
-0.999999999999999
-0.9999999999999989
-0.9999999999999989
1.5612511283791264e-17
-0.9999999999999993
-0.9999999999999994
-0.9999999999999992
0.9999999999999997
-0.9999999999999988
-0.9999999999999992
-4.5102810375396984e-17
-0.9999999999999993
-0.9999999999999994
-0.9999999999999987
-0.7071067811865469
-1.0
-0.9999999999999992
-0.9999999999999993
-0.9999999999999996
-0.9999999999999998
-0.9999999999999997
-0.9999999999999999
2.688821387764051e-17
-0.9999999999999991
-5.204170427930421e-18
-0.9999999999999989
-0.9999999999999998
-0.9999999999999991
0.9999999999999994
-0.9999999999999989
0.9999999999999997
0.9999999999999998
-0.9999999999999988
0.9999999999999992
-0.9999999999999992
3.122502256758253e-17
-0.9999999999999996
-0.9999999999999994
-0.9999999999999998
-0.9999999999999989
-0.9999999999999996
3.4694469519536134e-18
-0.9999999999999999
-0.9999999999999994
-0.9999999999999994
-0.9999999999999998
-1.0
-0.9999999999999994
0.9999999999999989
-0.9999999999999993
-0.9999999999999992
-0.9999999999999998
-0.9999999999999984
-0.9999999999999996
-0.9999999999999996
-0.9999999999999996
1.0
-0.9999999999999988
-0.9999999999999996
0.9999999999999994
3.469446951953613e-18
0.9999999999999992
-1.9949319973733282e-17
-0.9999999999999986
0.7071067811865471
0.9999999999999998
0.9999999999999998
-0.9999999999999998
0.9999999999999992
-4.8843307870471975e-17
-0.9999999999999996
0.9999999999999997
-0.9999999999999991
-0.9999999999999996
-1.700029006457271e-16
-0.9999999999999989
-0.9999999999999997
-0.9999999999999983
-0.9999999999999989
-0.9999999999999988
-0.9999999999999998
-0.9999999999999996
0.9999999999999988
-0.9999999999999993
-0.9999999999999992
-0.9999999999999992
-0.9999999999999994
-0.9999999999999991
-5.204170427930421e-17
-0.9999999999999991
-0.9999999999999993
-6.418476861114186e-17
-0.9999999999999996
0.9999999999999997
-0.9999999999999998
-0.9999999999999999
-0.999999999999999
0.9999999999999996
-0.9999999999999994
0.999999999999999
-0.9999999999999987
-0.9999999999999996
0.9999999999999996
0.9999999999999993
