-1.052074936103747
-0.5519816761812636
-0.5513299906344353
-1.0514873896376882
-1.0525789033820074
-0.009762216229154685
-0.5481869617464066
-1.050390754363881
-1.048488119019352
-0.5468544874667125
-0.5491026248914094
-1.0550809034495603
-1.049567790298195
-0.7956848230672332
-0.7882148859247244
-1.0515083417865916
-1.0521374065145843
-0.7207048122095603
-0.7977852799087346
-1.0537896873388224
-1.0454093582086452
-0.7989348030330118
-0.796721094999584
-1.0511409389650943
-1.0538069643747887
-1.051099490120814
-0.977265722671369
-0.9765098044590842
-1.0532640514113698
-1.0474380713276144
-1.01431194044328
-0.9642265542901864
-1.0547574354231635
-1.0400730204098467
-0.9737974939308958
-0.978570561121318
-1.0511745679144402
-1.0521903051575943
-1.050846430234866
-1.0317146898088292
-1.0284581695285187
-1.0535623880902634
-1.0507807261641975
-1.0680562170418222
-1.0257071011519505
-1.0485022458135616
-1.0354482483534135
-1.0296391454844427
-1.0284540597475726
-1.051149092317213
-1.0514399883519476
-1.0510398429103103
-1.0180879107943268
-1.0687515839216475
-1.046387029146884
-1.0530717757399375
-1.0720521504159737
-1.0744756826171245
-1.0177823975108047
-1.0547274428446225
-1.0634396683396097
-1.0679754858473176
-1.0506063460260777
-1.042730245005811
-1.070516504225564
-1.0716208931845324
-1.0430100362398524
-1.0677217654627624
-1.0691937918979098
-1.0458653934053346
-1.0501959035627695
-1.0656328468698186
-1.0649678372856888
-1.0519294555514807
-1.049341529036033
-1.0615278831342654
-1.067207719993219
-1.0429792733525498
-1.039505220582721
-1.0659469373809285
-1.0646654602435033
-1.0641010598367961
-1.063170007525484
-1.0624481551141223
-1.065448257228879
-1.0686191920326096
-1.0685399034623257
-1.0444143740355716
-1.0626278756633658
-1.0706515454785774
-1.0728035343873952
-1.0652039175674919
-1.0593090031762302
-1.0710130518602963
-1.0733735569862586
-1.0659702662453057
-1.064706856878431
-1.066374684881044
-1.0719819123195542
-1.0654167209791578
-1.0648061676583904
-1.0691795068668823
-1.0661887174416482
-1.0689202024991027
-1.0684299553478838
-1.070885492668255
-1.065794871314628
-1.066253937258389
-1.0715359582135804
-1.066011033590348
-1.0704434811377428
-1.0679951432465031
-1.070550460216333
-1.0745864928522608
-1.070874811364055
-1.0701582455040966
-1.0711263588387923
-1.0652161048671407
-1.0698744250782788
-1.069041944661998
-1.0644093042936071
-1.0718636994340784
-1.0657306936555908
-1.0696793643641973
-1.0688784094050985
-1.0656933233835344
-1.0701169944895745
-1.0705552024950453
-1.0692927164268842
-1.066805771484008
-1.0687687011216755
-1.0685196815990197
-1.070470069479223
-1.0650797344478065
-1.066791749108503
-1.0655840217672792
-1.0649583543273842
-1.069746341015057
-1.074477886735664
-1.0675329144445735
-1.0741230772965351
-1.0756757572688984
-1.0702509725842542
-1.0698445234512226
-1.066337697067644
-1.0678648486489795
-1.0716227950546093
-1.0701504224012814
-1.069957353975561
-1.065690830432504
-1.0653406626457116
-1.0684400767798523
-1.0689545999429777
-1.068392595283919
-1.065916936726617
-1.0682252078698422
-1.073832195262221
-1.0624674038071553
-1.072754224231368
-1.0645110576391172
-1.0703123370359366
-1.0730169950897877
-1.0687468588512365
