-9.13137947505647
-9.381814768725008
-9.395609248966828
-9.025773535674706
-9.67643304109054
-10.58664172049346
-10.256805650370367
-8.456465853862426
-10.508521699387327
-10.46245064591346
-9.525015097523262
-9.760760446135873
-9.421312211843066
-9.15682465697249
-9.472742748396719
-10.739128638630667
-9.304866731509918
-9.195698968138657
-9.573446585839267
-9.676459301200666
-9.191120475495815
-9.68084680408629
-9.260990805033437
-8.583030749224058
-10.47360155668898
-9.62441357644201
-9.39272840714698
-9.51255498605488
-9.234813530210044
-9.525015097523262
-9.523758448230833
-9.596464096052369
-10.660702501666496
-9.454939980171577
-10.25381468483748
-9.26655752539218
-10.453965289742271
-8.821218225220353
-9.33900893069249
-9.56828782241261
-10.077385437848836
-9.339245664239627
-8.849766191787754
-7.330420529786874
-8.943447273931852
-9.023094672141006
-9.251503928212731
-9.700202888791658
-9.54434654926878
-9.468894571939188
-9.384460615940828
-8.908961932954263
-8.135681595432061
-10.206236772478558
-9.492819957845647
-9.63521756400267
-9.97724674907499
-9.384971344101277
-9.385324137141712
-9.54967606279152
-9.58180788371157
-9.805801044776729
-9.529552466312214
-9.514370628951365
-9.47722024637472
-9.890023580551524
-10.018665652649062
-9.646490574796179
-10.725814221890623
-9.011140302661477
-7.856380048412117
-9.882600183096713
-8.25024984066626
-9.283807254798816
-10.529246452269305
-8.722260826367528
-9.387785461547477
-9.016888863343706
-7.282150819190807
-9.557539803703744
-9.295738348437833
-9.369928356175052
-9.519285044690896
-9.768574827803025
-9.171316538284461
-9.644420092715425
-8.683019467569675
-9.407969524142413
-9.61126856077508
-9.009188468640009
-9.274175411224952
-9.564857569395123
-10.3265860034969
-9.019590993591525
-9.279716132402228
-9.776795551916265
-9.596389619149239
-9.25643570738048
-9.100032851064086
-8.897659012438421
-9.556493589599494
-10.867266264867869
-8.920451601258687
-9.474996559498457
-9.027843554535416
-9.525372982493916
-9.88882118157768
-9.300259603572911
-9.40653832629414
-10.465425082736612
-9.389288262597752
-9.179399538442208
-8.660181605040183
-9.238062427718813
-9.052213363460243
-9.405002773748453
-9.320112610814125
-9.418120280924242
-9.959837120178623
-9.753296231600324
-8.532140632609934
-8.892115828810944
-9.399025440923289
-9.244190988287318
-9.418795508513856
-10.049244253672903
-8.169685202781608
-9.250653614045994
-11.834621376681913
-9.74987148965009
-9.390606387500718
-9.405066763026898
-10.724747927825334
-10.572763219008642
-10.396542935836525
-10.155444851111632
-9.071856173086719
-10.347808265583758
-10.18736960512561
-8.60014671908543
-10.681442579290117
-8.953357326184602
-7.790416001160125
-9.841345775382475
-9.403168288207421
-9.397047356874804
-9.394749059438514
-9.472121226246081
-9.0228508893357
-11.489914283456692
-8.189432337534853
-6.870072422286803
-9.261905575987267
-9.369746321675102
-9.512577217926175
-8.589009692846822
-9.375162255357726
-9.762102309156905
-9.708249608167108
-8.788086739880459
-10.707971219610716
-9.206294308057522
-9.511561888795228
-9.568719253849107
-10.075066900473903
-9.473012811820066
-9.448825518988535
-9.421760198226547
-9.999607823297882
-9.579499251945641
-9.396563324881807
-9.381215950458913
-9.362002742298063
-9.745779900759263
-9.786257975081256
-9.392127205401824
-9.391514014682073
-9.870018568184062
-9.18562572529963
-10.575856199227523
-9.481851028348743
-9.592252768381332
-9.875606382821935
-11.281513655760957
-9.851984254034509
-10.579223540018155
-9.402311885564036
-9.352627344909909
-9.149149612513074
-7.594124572825713
-9.321494922838877
-9.284469930842608
-9.018557506273314
-10.194870696231863
-9.341236980571729
-9.499400157536257
-9.39565216756775
-9.470335060964757
-9.395027796925778
-9.620517657944784
-9.394065385137683
-9.016625580900001
-9.455326815240436
-8.717885387586637
-9.501506974042577
-9.223840075697563
-8.61173682915199
-9.623544196142916
-9.191684704245954
-10.534738356590182
-9.04990598135523
-10.812143472182537
-9.15417475943028
-9.41538993738003
-9.571723388065777
-8.836555483567409
-7.987002171012879
-9.360791480576907
-9.442900929888818
-10.193480127192029
-9.788333232008004
-9.228293738721693
-9.189088757745356
-8.522824444008819
-9.26166139094207
-9.534873669396518
-9.213651960636188
-9.553205103018886
-9.262235829015406
-9.35301225906787
-10.353726782482045
-10.674711756746841
-9.392127205401824
-9.556076699958027
-9.271862650353068
-9.287867003028484
-10.430846205870242
-7.688756749827814
-9.403083116370158
-9.593057907139357
-9.362639442753142
-9.766520805102566
-10.212918788033573
-9.425281965596934
-9.978585711554611
-9.405722117404856
-9.429310983274664
-9.414604385078345
-11.23276173355723
-9.326073281145938
-10.614873803255069
-9.687806327055547
-9.114444279963593
-9.525015097523262
-9.710274591598356
-10.700100546774237
-9.184723364050551
-9.379967300424642
-9.383441722333426
-9.46486933238823
-9.612463459613807
-10.430974061280477
-9.529997758852144
-10.123393555469569
-10.503881195636328
-10.055449987025913
-9.898000240146505
-9.273479276711637
-9.587136893627545
-9.339025341076127
-8.080000122061293
-9.103203982193023
-9.62627151339419
-9.558021279528443
-9.518880670869354
-10.242154964801554
-9.163426975561244
-9.548690201432319
-9.150543400167773
-8.112282008601845
-8.351873509746103
-9.389027279832455
-9.086855081043584
-9.469821127558355
-9.352951887940204
-9.350121292298478
-10.352296104942273
-9.045374525147047
-8.680170128114963
-10.594082088579125
-9.101559238424823
-9.320415882225241
-9.59709829964656
-9.36240127921635
-9.227892400637941
-9.441210444473892
-9.168303167177822
-9.037283074042438
-9.907119976124847
-9.611289410363213
-9.576174348833508
-9.39585055354613
-9.14804276623298
-9.037464512777557
-9.962521935524986
-9.077579243208199
-9.422029348756194
-8.045477332767693
-8.385587541248704
-9.758188281749195
-9.275344115064382
-8.388341685278775
-9.575045205556943
-10.52724830004993
-9.657397436960473
-10.771293017405434
-8.19231477467877
-10.51757104007304
-9.37596003506042
-9.210945889607608
-10.602038003098453
-9.63887790727755
-10.495826978837545
-9.64780938013066
-9.386881621210954
-9.399823220625983
-9.280608295376894
-9.659061318336821
-9.407855157699082
-9.36700631951867
-9.257581460677109
-8.697137140789241
-9.352333882735138
-9.552261109607105
-9.505319423464847
-9.539516014481762
-10.486251376558624
-9.002621103884657
-10.948480014832214
-9.460599729682055
-9.83182316697523
-9.47115605820407
-9.268915205345415
-9.239497032568185
-10.200995750427957
-8.211559643757617
-9.626798006396605
-10.432331363476251
-9.355887775389178
-8.524673869815178
-8.856408066003148
-8.934000481003107
-10.291717404382759
-9.291615142024597
-9.41154942987831
-9.524131373578165
-9.3971447651146
-9.434355035094935
-7.745590795547599
-9.54967606279152
-7.070707069915684
-9.36023963196146
-9.692641480043523
-9.98371876835855
-9.776795551916265
-8.163354501590629
-8.588049350533723
-9.566717587480927
-10.752577159388238
-9.69786317632622
-11.212406240506741
-9.398367196686664
-9.28706922332579
-9.396563324881807
-8.964546824923708
-9.032500348935898
-9.239123618127753
-10.29953368511049
-9.663064190474575
-8.546538935795706
-9.264981884128506
-8.519213072974416
-8.3998516794918
-9.328924022812657
-9.76159938218758
-9.412156783216126
-9.638474207550548
-7.113230163401877
-9.776206415614066
-9.51628761514214
-10.277588842115854
-9.26275770367224
-9.511336741068046
-11.174063345941107
-8.381133797971867
-9.086457839918772
-9.303797222468969
-9.473132883051754
-10.35876438901488
-8.453817125041994
-8.68678502627608
-9.530146539730968
-8.861836679360504
-11.259404084692378
-9.525015097523262
-9.772098732402736
-9.534424402875484
-9.8479251840184
-10.114980717865176
-9.639208160305689
-8.640903826853325
-9.28706922332579
-9.35002529254865
-9.638709392991277
-9.4259389929035
-9.917394900868466
-9.400535991961661
-9.28706922332579
-8.588877466123218
-9.771334755075504
-9.473117456784543
-9.373989743343987
-8.950676530638773
-9.728599759564787
-9.455311644122219
-10.547853722436376
-9.233105822001516
-9.260427798874456
-9.166957617821957
-8.387879659466183
-9.389790015653393
-9.65063000718455
-10.372644806933891
-9.417011472918361
-9.431078062135775
-8.423071210023192
-9.412473719848386
-10.810946172338053
-9.294356855121588
-9.801155782266378
-11.327063738863096
-9.567229496071764
-8.130011291461809
-8.736989294686381
-9.558174667860325
-9.819590297973019
-9.715505224194231
-8.42184131550827
-9.396563324881807
-8.884300967686006
-9.597554016866543
-8.181380639534197
-9.406969809623462
-9.418922419680452
-8.736994915359379
-8.932555536665049
-9.32772439553144
-9.776607806682538
-10.257053758591422
-10.92001433172209
-9.84005380012086
-8.719636612373339
-9.786640841070604
-9.504058019149355
-9.284595706977392
-9.552471129040285
-10.113556526927187
-9.379453649520062
-9.590806789996545
-9.399823220625983
-9.37821052861663
-8.608948401108282
-9.42448418589424
-9.814640135770695
-9.299189497499597
-10.104217576039307
-10.390308811471986
-8.230957859262041
-8.876788435652806
-8.498163478740562
-9.42044690638961
-6.715753237938303
-9.399823220625983
-8.639319020794101
-9.240722271901493
-9.362831069178519
-8.056231941705018
-8.959492267908878
-9.399823220625983
-9.434611717088753
-8.230957859262041
-9.528350261786468
-8.883747524667612
-9.512719736391304
-9.38729403858084
-9.185148692050646
-9.359732144481068
-10.37000329532086
-10.688774126316257
-10.68718892014163
