-1.8369463847287448
-0.1300974837623266
-1.38348031511851
-1.3576680432053483
-1.3755501102850702
-1.8354165385598282
-1.8397286074142674
-1.8275470196784296
-1.8382050966122656
-1.3279554800301991
-0.27065378657972494
-1.3712026653465528
-1.3784340657769834
-1.8357748402669363
-1.8453679148883395
-1.8396968550022428
-1.3833221978789962
-1.3553215737919826
-1.3985190055288081
-1.3748827358055322
-1.8338048363390986
-1.8419954422081393
-1.8416388819303093
-1.325725414000431
-0.2662163013032629
-1.8444636325266275
-1.3429919691218404
-1.384598059038539
-1.8390910778338072
-1.8440287340530273
-1.833870761196455
-1.8423529639839873
-1.813946876332262
-1.816781344873379
-1.8255062321025388
-1.830429575677738
-0.1276771825062819
-1.3907146078072954
-1.354908393666201
-1.3776433647925415
-1.8399289339344538
-1.8281394204773602
-1.8333201532366596
-1.8361738782123496
-1.3304330278624905
-0.2593962674700019
-1.3793340583090485
-1.381109068357276
-1.836042687788022
-1.8390135528681149
-1.8443047869650209
-1.3847054040937306
-1.3481231796951354
-1.399035630965629
-1.3755440615769958
-1.8338402044551403
-1.8353365305242264
-1.8373822615024626
-1.3256512944588112
-0.2650546977633713
-1.8397291530846114
-1.3401646316298415
-1.3827842330641524
-1.8320251390919973
-1.8504780251751565
-1.8324624464119657
-1.8415865387272377
-0.981944885462773
-1.6122746640120855
-1.6030066291917269
-1.615262215175713
-1.8336487000362527
-1.8435570017667189
-1.8317062249067586
-1.8396566130134462
-1.5903999072583352
-1.0536687601178345
-1.6008838916714916
-1.5958407743126783
-1.8358812684223889
-1.8384579255664912
-1.8380252664267624
-1.6088702450940373
-1.5872263444777752
-1.6239409839230943
-1.5976453112433848
-1.6067228401888851
-1.8436216726056074
-1.832521420253939
-1.8478744684820327
-1.8342650996908338
-1.8334674870296426
-1.592797432705064
-1.0634684877234755
-1.6076296767094893
-1.8274257587175646
-1.8352331739099852
-1.587185217716403
-1.609837876730294
-1.8407796569896042
-1.83485641947603
-1.8369198538631157
-1.8451227574532765
-1.5852115937732254
-1.7881032212692363
-1.7605057101275707
-1.7735615965939808
-1.8402773836923587
-1.8379829550925604
-1.842984151719255
-1.8353330914991695
-1.7651356538976213
-1.6067957431881994
-1.7692586178090322
-1.779265799984865
-1.8321838539181676
-1.839901739072968
-1.838163550350119
-1.770138858425995
-1.7682983001637684
-1.7791785768786572
-1.7679548590510246
-1.7766097846610256
-1.8443963083060737
-1.8363085278929439
-1.8358763317370945
-1.8363416260003231
-1.8434856298063322
-1.7677832299198233
-1.6021641308707157
-1.7728228199336389
-1.8388140871867076
-1.8351894256971888
-1.7701888546883486
-1.7737311195327048
-1.837452997759168
-1.8407565235521963
-1.8395659305199266
-1.83174780544157
-1.7674867188595647
-1.8112429382299888
-1.8220160749876328
-1.8199285127374603
-1.8372010358681843
-1.831864061630357
-1.8403976998683462
-1.8372472631593373
-1.814908849708115
-1.7756506848307057
-1.823128834772437
-1.8157452050687217
-1.8346577791737135
-1.8391051171231991
-1.8458308463672557
-1.819689278474204
-1.8212601744297459
-1.821442644413525
-1.8240382933062163
-1.823899720290333
-1.8341207877315755
-1.837356527245643
-1.845948630207579
-1.8349475491617329
-1.845909365775271
-1.8214715995341404
-1.7705928961759745
-1.813015079104726
-1.8367078881438696
-1.841976902975548
-1.826996149268083
-1.8254837633465657
-1.840873429890634
-1.8359327188417742
-1.838097241464935
-1.8407665058870757
-1.8120078227279708
-1.8334301732716654
-1.8293736760510488
-1.836819369604334
-1.8336546422245006
-1.8315015108225716
-1.8484330364003638
-1.8420864900400753
-1.8400603868295229
-1.822460193948126
-1.8389570959210926
-1.834734428856009
-1.831050117172763
-1.8351070937013252
-1.8355190459727437
-1.8299374625088514
-1.8350273098463554
-1.841067277852877
-1.8301407436747081
-1.8295357087464437
-1.842722470020467
-1.8414406301829223
-1.8339000071583322
-1.8358989628635727
-1.8289199849652644
-1.8305266842862866
-1.821601118171987
-1.8336782695438438
-1.8390224479085284
-1.8375713075457538
-1.8286871575509338
-1.833839987274993
-1.8362281257833102
-1.8355703818917204
-1.8463428658000203
-1.846244877037543
-1.8322711833443432
-1.8330640620987715
-1.8345821788082044
-1.8365959138487091
-1.838744253903223
-1.8406802752506206
-1.8376088048062311
-1.8350185162719517
-1.8329299187680734
-1.8297578484086077
-1.8341063266052204
-1.826557586609496
-1.8391773888471095
-1.8373290842333934
-1.8337428278186225
-1.8361647258397655
-1.8391476549070795
-1.8354233852141524
-1.8394521564714268
-1.836936169756329
-1.8391209232779315
-1.8430474292870356
-1.8407783698541498
-1.8398133680935127
-1.8306408643386023
-1.8435211269128173
-1.8287132767140934
-1.8385669899124015
-1.8490243434198552
-1.8331676560233743
-1.8373537380197118
-1.8393271890362337
-1.8423531501397727
-1.843619819137587
-1.8400747063129765
-1.8398539671660354
-1.8411251652966514
-1.8330236845264838
-1.821521191630028
-1.8367066884257572
-1.8319717986579427
-1.8413594421803148
-1.840515705726604
-1.840862603513094
-1.8420790877007325
-1.8332111461641665
-1.8399176202778467
-1.8339586263557381
-1.835762166524297
-1.8408693975930137
-1.8386289367960984
-1.8326511549074813
-1.8415307121799054
-1.837228109389046
-1.8371117338101084
-1.8486327486479852
-1.8332540663203314
-1.8383097166881248
-1.8344729084941083
-1.8335214963739648
-1.8353045948881999
-1.8335543242775212
-1.838710208448438
-1.8308515698794365
-1.8423305063070319
-1.8431556408759073
-1.8403495023481664
-1.8298196550480852
-1.8377620292215044
-1.842665590187957
-1.843195474143788
-1.8350113134788975
-1.8409874309482082
-1.8423432018157238
-1.8434514423409745
-1.8420284333588888
-1.844456035342301
-1.833774967657996
-1.8406258126751274
-1.8431052586255838
-1.8405142604041176
-1.8286395972967977
-1.8463318978421017
-1.8390756409851003
-1.8341174101157836
-1.8405613502931581
-1.8399888271411189
-1.8322194258579774
-1.8398898061658873
-1.8387538895634188
-1.8403313660477894
-1.8288865047164737
-1.8423929293298926
-1.8357727590876434
-1.8404754913133137
-1.835214467534791
-1.8377998673835525
-1.8335417106601724
-1.8422154462499747
-1.8340732746299786
-1.8354066124354054
-1.841512431480082
-1.8361194136235093
-1.839746102779642
-1.8309056639968755
-1.842497152261231
-1.8347400278244432
-1.8388340974349808
