0.0,0.0,0.0,0.0,0.0,0.0,0.0,3.141592653589793,3.141592653589793,3.141592653589793,0.0,1.5707963267948966,0.0,3.141592653589793,1.5707963267948966,0.0,3.141592653589793,0.0,0.0,4.71238898038469,3.141592653589793,4.71238898038469,3.141592653589793,4.71238898038469
3.141592653589793,0.0,0.0,0.0,0.0,0.0,0.0,3.141592653589793,3.141592653589793,3.141592653589793,0.0,1.5707963267948966,0.0,3.141592653589793,1.5707963267948966,0.0,3.141592653589793,0.0,0.0,4.71238898038469,3.141592653589793,4.71238898038469,3.141592653589793,4.71238898038469
0.0,3.141592653589793,0.0,0.0,0.0,0.0,0.0,3.141592653589793,3.141592653589793,3.141592653589793,0.0,1.5707963267948966,0.0,3.141592653589793,1.5707963267948966,0.0,3.141592653589793,0.0,0.0,4.71238898038469,3.141592653589793,4.71238898038469,3.141592653589793,4.71238898038469
0.0,0.0,3.141592653589793,0.0,0.0,0.0,0.0,3.141592653589793,3.141592653589793,3.141592653589793,0.0,1.5707963267948966,0.0,3.141592653589793,1.5707963267948966,0.0,3.141592653589793,0.0,0.0,4.71238898038469,3.141592653589793,4.71238898038469,3.141592653589793,4.71238898038469
0.0,0.0,0.0,3.141592653589793,0.0,0.0,0.0,3.141592653589793,3.141592653589793,3.141592653589793,0.0,1.5707963267948966,0.0,3.141592653589793,1.5707963267948966,0.0,3.141592653589793,0.0,0.0,4.71238898038469,3.141592653589793,4.71238898038469,3.141592653589793,4.71238898038469
0.0,0.0,0.0,0.0,3.141592653589793,0.0,0.0,3.141592653589793,3.141592653589793,3.141592653589793,0.0,1.5707963267948966,0.0,3.141592653589793,1.5707963267948966,0.0,3.141592653589793,0.0,0.0,4.71238898038469,3.141592653589793,4.71238898038469,3.141592653589793,4.71238898038469
0.0,0.0,0.0,0.0,0.0,3.141592653589793,0.0,3.141592653589793,3.141592653589793,3.141592653589793,0.0,1.5707963267948966,0.0,3.141592653589793,1.5707963267948966,0.0,3.141592653589793,0.0,0.0,4.71238898038469,3.141592653589793,4.71238898038469,3.141592653589793,4.71238898038469
0.0,0.0,0.0,0.0,0.0,0.0,3.141592653589793,3.141592653589793,3.141592653589793,3.141592653589793,0.0,1.5707963267948966,0.0,3.141592653589793,1.5707963267948966,0.0,3.141592653589793,0.0,0.0,4.71238898038469,3.141592653589793,4.71238898038469,3.141592653589793,4.71238898038469
0.0,0.0,0.0,0.0,0.0,0.0,0.0,6.283185307179586,3.141592653589793,3.141592653589793,0.0,1.5707963267948966,0.0,3.141592653589793,1.5707963267948966,0.0,3.141592653589793,0.0,0.0,4.71238898038469,3.141592653589793,4.71238898038469,3.141592653589793,4.71238898038469
0.0,0.0,0.0,0.0,0.0,0.0,0.0,3.141592653589793,6.283185307179586,3.141592653589793,0.0,1.5707963267948966,0.0,3.141592653589793,1.5707963267948966,0.0,3.141592653589793,0.0,0.0,4.71238898038469,3.141592653589793,4.71238898038469,3.141592653589793,4.71238898038469
0.0,0.0,0.0,0.0,0.0,0.0,0.0,3.141592653589793,3.141592653589793,6.283185307179586,0.0,1.5707963267948966,0.0,3.141592653589793,1.5707963267948966,0.0,3.141592653589793,0.0,0.0,4.71238898038469,3.141592653589793,4.71238898038469,3.141592653589793,4.71238898038469
0.0,0.0,0.0,0.0,0.0,0.0,0.0,3.141592653589793,3.141592653589793,3.141592653589793,3.141592653589793,1.5707963267948966,0.0,3.141592653589793,1.5707963267948966,0.0,3.141592653589793,0.0,0.0,4.71238898038469,3.141592653589793,4.71238898038469,3.141592653589793,4.71238898038469
0.0,0.0,0.0,0.0,0.0,0.0,0.0,3.141592653589793,3.141592653589793,3.141592653589793,0.0,4.71238898038469,0.0,3.141592653589793,1.5707963267948966,0.0,3.141592653589793,0.0,0.0,4.71238898038469,3.141592653589793,4.71238898038469,3.141592653589793,4.71238898038469
0.0,0.0,0.0,0.0,0.0,0.0,0.0,3.141592653589793,3.141592653589793,3.141592653589793,0.0,1.5707963267948966,3.141592653589793,3.141592653589793,1.5707963267948966,0.0,3.141592653589793,0.0,0.0,4.71238898038469,3.141592653589793,4.71238898038469,3.141592653589793,4.71238898038469
0.0,0.0,0.0,0.0,0.0,0.0,0.0,3.141592653589793,3.141592653589793,3.141592653589793,0.0,1.5707963267948966,0.0,6.283185307179586,1.5707963267948966,0.0,3.141592653589793,0.0,0.0,4.71238898038469,3.141592653589793,4.71238898038469,3.141592653589793,4.71238898038469
0.0,0.0,0.0,0.0,0.0,0.0,0.0,3.141592653589793,3.141592653589793,3.141592653589793,0.0,1.5707963267948966,0.0,3.141592653589793,4.71238898038469,0.0,3.141592653589793,0.0,0.0,4.71238898038469,3.141592653589793,4.71238898038469,3.141592653589793,4.71238898038469
0.0,0.0,0.0,0.0,0.0,0.0,0.0,3.141592653589793,3.141592653589793,3.141592653589793,0.0,1.5707963267948966,0.0,3.141592653589793,1.5707963267948966,3.141592653589793,3.141592653589793,0.0,0.0,4.71238898038469,3.141592653589793,4.71238898038469,3.141592653589793,4.71238898038469
0.0,0.0,0.0,0.0,0.0,0.0,0.0,3.141592653589793,3.141592653589793,3.141592653589793,0.0,1.5707963267948966,0.0,3.141592653589793,1.5707963267948966,0.0,6.283185307179586,0.0,0.0,4.71238898038469,3.141592653589793,4.71238898038469,3.141592653589793,4.71238898038469
0.0,0.0,0.0,0.0,0.0,0.0,0.0,3.141592653589793,3.141592653589793,3.141592653589793,0.0,1.5707963267948966,0.0,3.141592653589793,1.5707963267948966,0.0,3.141592653589793,3.141592653589793,0.0,4.71238898038469,3.141592653589793,4.71238898038469,3.141592653589793,4.71238898038469
0.0,0.0,0.0,0.0,0.0,0.0,0.0,3.141592653589793,3.141592653589793,3.141592653589793,0.0,1.5707963267948966,0.0,3.141592653589793,1.5707963267948966,0.0,3.141592653589793,0.0,3.141592653589793,4.71238898038469,3.141592653589793,4.71238898038469,3.141592653589793,4.71238898038469
0.0,0.0,0.0,0.0,0.0,0.0,0.0,3.141592653589793,3.141592653589793,3.141592653589793,0.0,1.5707963267948966,0.0,3.141592653589793,1.5707963267948966,0.0,3.141592653589793,0.0,0.0,4.71238898038469,6.283185307179586,4.71238898038469,3.141592653589793,4.71238898038469
0.0,0.0,0.0,0.0,0.0,0.0,0.0,3.141592653589793,3.141592653589793,3.141592653589793,0.0,1.5707963267948966,0.0,3.141592653589793,1.5707963267948966,0.0,3.141592653589793,0.0,0.0,4.71238898038469,3.141592653589793,4.71238898038469,6.283185307179586,4.71238898038469
0.0,0.0,0.0,0.0,0.0,0.0,0.0,0.0,3.141592653589793,3.141592653589793,0.0,1.5707963267948966,0.0,3.141592653589793,1.5707963267948966,0.0,3.141592653589793,0.0,0.0,4.71238898038469,3.141592653589793,4.71238898038469,3.141592653589793,4.71238898038469
0.0,0.0,0.0,0.0,0.0,0.0,0.0,3.141592653589793,0.0,3.141592653589793,0.0,1.5707963267948966,0.0,3.141592653589793,1.5707963267948966,0.0,3.141592653589793,0.0,0.0,4.71238898038469,3.141592653589793,4.71238898038469,3.141592653589793,4.71238898038469
0.0,0.0,0.0,0.0,0.0,0.0,0.0,3.141592653589793,3.141592653589793,0.0,0.0,1.5707963267948966,0.0,3.141592653589793,1.5707963267948966,0.0,3.141592653589793,0.0,0.0,4.71238898038469,3.141592653589793,4.71238898038469,3.141592653589793,4.71238898038469
0.0,0.0,0.0,0.0,0.0,0.0,0.0,3.141592653589793,3.141592653589793,3.141592653589793,0.0,1.5707963267948966,0.0,0.0,1.5707963267948966,0.0,3.141592653589793,0.0,0.0,4.71238898038469,3.141592653589793,4.71238898038469,3.141592653589793,4.71238898038469
0.0,0.0,0.0,0.0,0.0,0.0,0.0,3.141592653589793,3.141592653589793,3.141592653589793,0.0,1.5707963267948966,0.0,3.141592653589793,1.5707963267948966,0.0,0.0,0.0,0.0,4.71238898038469,3.141592653589793,4.71238898038469,3.141592653589793,4.71238898038469
0.0,0.0,0.0,0.0,0.0,0.0,0.0,3.141592653589793,3.141592653589793,3.141592653589793,0.0,1.5707963267948966,0.0,3.141592653589793,1.5707963267948966,0.0,3.141592653589793,0.0,0.0,1.5707963267948966,3.141592653589793,4.71238898038469,3.141592653589793,4.71238898038469
0.0,0.0,0.0,0.0,0.0,0.0,0.0,3.141592653589793,3.141592653589793,3.141592653589793,0.0,1.5707963267948966,0.0,3.141592653589793,1.5707963267948966,0.0,3.141592653589793,0.0,0.0,4.71238898038469,0.0,4.71238898038469,3.141592653589793,4.71238898038469
0.0,0.0,0.0,0.0,0.0,0.0,0.0,3.141592653589793,3.141592653589793,3.141592653589793,0.0,1.5707963267948966,0.0,3.141592653589793,1.5707963267948966,0.0,3.141592653589793,0.0,0.0,4.71238898038469,3.141592653589793,1.5707963267948966,3.141592653589793,4.71238898038469
0.0,0.0,0.0,0.0,0.0,0.0,0.0,3.141592653589793,3.141592653589793,3.141592653589793,0.0,1.5707963267948966,0.0,3.141592653589793,1.5707963267948966,0.0,3.141592653589793,0.0,0.0,4.71238898038469,3.141592653589793,4.71238898038469,0.0,4.71238898038469
0.0,0.0,0.0,0.0,0.0,0.0,0.0,3.141592653589793,3.141592653589793,3.141592653589793,0.0,1.5707963267948966,0.0,3.141592653589793,1.5707963267948966,0.0,3.141592653589793,0.0,0.0,4.71238898038469,3.141592653589793,4.71238898038469,3.141592653589793,1.5707963267948966
0.0,0.0,0.0,0.0,0.0,0.015860761138071753,0.0,3.1318050745774606,3.147949180118805,3.154241154802496,0.0,0.0,0.0,3.1441701982656953,1.5864760753111897,0.0,3.176736661942823,0.0,0.0,6.283185307179586,3.1265248780838957,4.672014264330021,3.1647510487678465,4.6815674136611936
0.0,0.0,0.0,0.0,0.0,0.007930380569035876,0.0,3.136698864083627,3.144770916854299,3.147916904196145,0.0,0.2638638501819208,0.0,3.142881425927744,1.578636201053043,0.0,3.159164657766308,0.0,0.0,6.001751758984823,3.1340587658368446,4.692201622357355,3.1531718511788194,4.696978197022942
0.0,0.0,0.0,0.0,0.0,0.003965190284517938,0.0,3.13914575883671,3.143181785222046,3.144754778892969,0.0,0.9173300884884087,0.0,3.1422370397587684,1.5747162639239698,0.0,3.150378655678051,0.0,0.0,5.357070369684756,3.1378257097133186,4.702295301371022,3.1473822523843062,4.704683588703815
0.0,0.0,0.0,0.0,0.0,0.001982595142258969,0.0,3.1403692062132516,3.14238721940592,3.143173716241381,0.0,1.2440632076416527,0.0,3.141914846674281,1.5727562953594332,0.0,3.1459856546339218,0.0,0.0,5.034729675034723,3.139709181651556,4.707342140877856,3.14448745298705,4.708536284544253
3.141592653589793,0.0,0.0,0.0,0.0,0.0,0.0,3.141592653589793,3.141592653589793,3.141592653589793,0.0,1.5707963267948966,0.0,3.141592653589793,1.5707963267948966,0.0,3.141592653589793,0.0,0.0,4.71238898038469,3.141592653589793,4.71238898038469,3.141592653589793,4.71238898038469
0.0,3.141592653589793,0.0,0.0,0.0,0.0,0.0,3.141592653589793,3.141592653589793,3.141592653589793,0.0,1.5707963267948966,0.0,3.141592653589793,1.5707963267948966,0.0,3.141592653589793,0.0,0.0,4.71238898038469,3.141592653589793,4.71238898038469,3.141592653589793,4.71238898038469
0.0,0.0,3.141592653589793,0.0,0.0,0.0,0.0,3.141592653589793,3.141592653589793,3.141592653589793,0.0,1.5707963267948966,0.0,3.141592653589793,1.5707963267948966,0.0,3.141592653589793,0.0,0.0,4.71238898038469,3.141592653589793,4.71238898038469,3.141592653589793,4.71238898038469
0.0,0.0,0.0,3.141592653589793,0.0,0.0,0.0,3.141592653589793,3.141592653589793,3.141592653589793,0.0,1.5707963267948966,0.0,3.141592653589793,1.5707963267948966,0.0,3.141592653589793,0.0,0.0,4.71238898038469,3.141592653589793,4.71238898038469,3.141592653589793,4.71238898038469
0.0,0.0,0.0,0.0,3.141592653589793,0.0,0.0,3.141592653589793,3.141592653589793,3.141592653589793,0.0,1.5707963267948966,0.0,3.141592653589793,1.5707963267948966,0.0,3.141592653589793,0.0,0.0,4.71238898038469,3.141592653589793,4.71238898038469,3.141592653589793,4.71238898038469
0.0,0.0,0.0,0.0,0.0,3.141592653589793,0.0,3.141592653589793,3.141592653589793,3.141592653589793,0.0,1.5707963267948966,0.0,3.141592653589793,1.5707963267948966,0.0,3.141592653589793,0.0,0.0,4.71238898038469,3.141592653589793,4.71238898038469,3.141592653589793,4.71238898038469
0.0,0.0,0.0,0.0,0.0,0.0,3.141592653589793,3.141592653589793,3.141592653589793,3.141592653589793,0.0,1.5707963267948966,0.0,3.141592653589793,1.5707963267948966,0.0,3.141592653589793,0.0,0.0,4.71238898038469,3.141592653589793,4.71238898038469,3.141592653589793,4.71238898038469
0.0,0.0,0.0,0.0,0.0,0.0,0.0,6.283185307179586,3.141592653589793,3.141592653589793,0.0,1.5707963267948966,0.0,3.141592653589793,1.5707963267948966,0.0,3.141592653589793,0.0,0.0,4.71238898038469,3.141592653589793,4.71238898038469,3.141592653589793,4.71238898038469
0.0,0.0,0.0,0.0,0.0,0.0,0.0,3.141592653589793,6.283185307179586,3.141592653589793,0.0,1.5707963267948966,0.0,3.141592653589793,1.5707963267948966,0.0,3.141592653589793,0.0,0.0,4.71238898038469,3.141592653589793,4.71238898038469,3.141592653589793,4.71238898038469
0.0,0.0,0.0,0.0,0.0,0.0,0.0,3.141592653589793,3.141592653589793,6.283185307179586,0.0,1.5707963267948966,0.0,3.141592653589793,1.5707963267948966,0.0,3.141592653589793,0.0,0.0,4.71238898038469,3.141592653589793,4.71238898038469,3.141592653589793,4.71238898038469
0.0,0.0,0.0,0.0,0.0,0.0,0.0,3.141592653589793,3.141592653589793,3.141592653589793,3.141592653589793,1.5707963267948966,0.0,3.141592653589793,1.5707963267948966,0.0,3.141592653589793,0.0,0.0,4.71238898038469,3.141592653589793,4.71238898038469,3.141592653589793,4.71238898038469
0.0,0.0,0.0,0.0,0.0,0.0,0.0,3.141592653589793,3.141592653589793,3.141592653589793,0.0,4.71238898038469,0.0,3.141592653589793,1.5707963267948966,0.0,3.141592653589793,0.0,0.0,4.71238898038469,3.141592653589793,4.71238898038469,3.141592653589793,4.71238898038469
0.0,0.0,0.0,0.0,0.0,0.0,0.0,3.141592653589793,3.141592653589793,3.141592653589793,0.0,1.5707963267948966,3.141592653589793,3.141592653589793,1.5707963267948966,0.0,3.141592653589793,0.0,0.0,4.71238898038469,3.141592653589793,4.71238898038469,3.141592653589793,4.71238898038469
0.0,0.0,0.0,0.0,0.0,0.0,0.0,3.141592653589793,3.141592653589793,3.141592653589793,0.0,1.5707963267948966,0.0,6.283185307179586,1.5707963267948966,0.0,3.141592653589793,0.0,0.0,4.71238898038469,3.141592653589793,4.71238898038469,3.141592653589793,4.71238898038469
0.0,0.0,0.0,0.0,0.0,0.0,0.0,3.141592653589793,3.141592653589793,3.141592653589793,0.0,1.5707963267948966,0.0,3.141592653589793,4.71238898038469,0.0,3.141592653589793,0.0,0.0,4.71238898038469,3.141592653589793,4.71238898038469,3.141592653589793,4.71238898038469
0.0,0.0,0.0,0.0,0.0,0.0,0.0,3.141592653589793,3.141592653589793,3.141592653589793,0.0,1.5707963267948966,0.0,3.141592653589793,1.5707963267948966,3.141592653589793,3.141592653589793,0.0,0.0,4.71238898038469,3.141592653589793,4.71238898038469,3.141592653589793,4.71238898038469
0.0,0.0,0.0,0.0,0.0,0.0,0.0,3.141592653589793,3.141592653589793,3.141592653589793,0.0,1.5707963267948966,0.0,3.141592653589793,1.5707963267948966,0.0,6.283185307179586,0.0,0.0,4.71238898038469,3.141592653589793,4.71238898038469,3.141592653589793,4.71238898038469
0.0,0.0,0.0,0.0,0.0,0.0,0.0,3.141592653589793,3.141592653589793,3.141592653589793,0.0,1.5707963267948966,0.0,3.141592653589793,1.5707963267948966,0.0,3.141592653589793,3.141592653589793,0.0,4.71238898038469,3.141592653589793,4.71238898038469,3.141592653589793,4.71238898038469
0.0,0.0,0.0,0.0,0.0,0.0,0.0,3.141592653589793,3.141592653589793,3.141592653589793,0.0,1.5707963267948966,0.0,3.141592653589793,1.5707963267948966,0.0,3.141592653589793,0.0,3.141592653589793,4.71238898038469,3.141592653589793,4.71238898038469,3.141592653589793,4.71238898038469
0.0,0.0,0.0,0.0,0.0,0.0,0.0,3.141592653589793,3.141592653589793,3.141592653589793,0.0,1.5707963267948966,0.0,3.141592653589793,1.5707963267948966,0.0,3.141592653589793,0.0,0.0,4.71238898038469,6.283185307179586,4.71238898038469,3.141592653589793,4.71238898038469
0.0,0.0,0.0,0.0,0.0,0.0,0.0,3.141592653589793,3.141592653589793,3.141592653589793,0.0,1.5707963267948966,0.0,3.141592653589793,1.5707963267948966,0.0,3.141592653589793,0.0,0.0,4.71238898038469,3.141592653589793,4.71238898038469,6.283185307179586,4.71238898038469
0.0,0.0,0.0,0.0,0.0,0.0,0.0,0.0,3.141592653589793,3.141592653589793,0.0,1.5707963267948966,0.0,3.141592653589793,1.5707963267948966,0.0,3.141592653589793,0.0,0.0,4.71238898038469,3.141592653589793,4.71238898038469,3.141592653589793,4.71238898038469
0.0,0.0,0.0,0.0,0.0,0.0,0.0,3.141592653589793,0.0,3.141592653589793,0.0,1.5707963267948966,0.0,3.141592653589793,1.5707963267948966,0.0,3.141592653589793,0.0,0.0,4.71238898038469,3.141592653589793,4.71238898038469,3.141592653589793,4.71238898038469
0.0,0.0,0.0,0.0,0.0,0.0,0.0,3.141592653589793,3.141592653589793,0.0,0.0,1.5707963267948966,0.0,3.141592653589793,1.5707963267948966,0.0,3.141592653589793,0.0,0.0,4.71238898038469,3.141592653589793,4.71238898038469,3.141592653589793,4.71238898038469
0.0,0.0,0.0,0.0,0.0,0.0,0.0,3.141592653589793,3.141592653589793,3.141592653589793,0.0,1.5707963267948966,0.0,0.0,1.5707963267948966,0.0,3.141592653589793,0.0,0.0,4.71238898038469,3.141592653589793,4.71238898038469,3.141592653589793,4.71238898038469
0.0,0.0,0.0,0.0,0.0,0.0,0.0,3.141592653589793,3.141592653589793,3.141592653589793,0.0,1.5707963267948966,0.0,3.141592653589793,1.5707963267948966,0.0,0.0,0.0,0.0,4.71238898038469,3.141592653589793,4.71238898038469,3.141592653589793,4.71238898038469
0.0,0.0,0.0,0.0,0.0,0.0,0.0,3.141592653589793,3.141592653589793,3.141592653589793,0.0,1.5707963267948966,0.0,3.141592653589793,1.5707963267948966,0.0,3.141592653589793,0.0,0.0,1.5707963267948966,3.141592653589793,4.71238898038469,3.141592653589793,4.71238898038469
0.0,0.0,0.0,0.0,0.0,0.0,0.0,3.141592653589793,3.141592653589793,3.141592653589793,0.0,1.5707963267948966,0.0,3.141592653589793,1.5707963267948966,0.0,3.141592653589793,0.0,0.0,4.71238898038469,0.0,4.71238898038469,3.141592653589793,4.71238898038469
0.0,0.0,0.0,0.0,0.0,0.0,0.0,3.141592653589793,3.141592653589793,3.141592653589793,0.0,1.5707963267948966,0.0,3.141592653589793,1.5707963267948966,0.0,3.141592653589793,0.0,0.0,4.71238898038469,3.141592653589793,1.5707963267948966,3.141592653589793,4.71238898038469
0.0,0.0,0.0,0.0,0.0,0.0,0.0,3.141592653589793,3.141592653589793,3.141592653589793,0.0,1.5707963267948966,0.0,3.141592653589793,1.5707963267948966,0.0,3.141592653589793,0.0,0.0,4.71238898038469,3.141592653589793,4.71238898038469,0.0,4.71238898038469
0.0,0.0,0.0,0.0,0.0,0.0,0.0,3.141592653589793,3.141592653589793,3.141592653589793,0.0,1.5707963267948966,0.0,3.141592653589793,1.5707963267948966,0.0,3.141592653589793,0.0,0.0,4.71238898038469,3.141592653589793,4.71238898038469,3.141592653589793,1.5707963267948966
1.5707963267948966,0.0,0.0,0.0,0.0,0.0,0.0,3.141592653589793,3.141592653589793,3.141592653589793,0.0,1.5707963267948966,0.0,3.141592653589793,1.5707963267948966,0.0,3.141592653589793,0.0,0.0,4.71238898038469,3.141592653589793,1.5707963267948966,3.141592653589793,4.71238898038469
0.0,1.5707963267948966,0.0,0.0,0.0,0.0,0.0,3.141592653589793,3.141592653589793,3.141592653589793,0.0,1.5707963267948966,0.0,3.141592653589793,1.5707963267948966,0.0,3.141592653589793,0.0,0.0,4.71238898038469,3.141592653589793,1.5707963267948966,3.141592653589793,4.71238898038469
0.0,0.0,1.5707963267948966,0.0,0.0,0.0,0.0,3.141592653589793,3.141592653589793,3.141592653589793,0.0,1.5707963267948966,0.0,3.141592653589793,1.5707963267948966,0.0,3.141592653589793,0.0,0.0,4.71238898038469,3.141592653589793,1.5707963267948966,3.141592653589793,4.71238898038469
0.0,0.0,0.0,1.5707963267948966,0.0,0.0,0.0,3.141592653589793,3.141592653589793,3.141592653589793,0.0,1.5707963267948966,0.0,3.141592653589793,1.5707963267948966,0.0,3.141592653589793,0.0,0.0,4.71238898038469,3.141592653589793,1.5707963267948966,3.141592653589793,4.71238898038469
0.0,0.0,0.0,0.0,1.5707963267948966,0.0,0.0,3.141592653589793,3.141592653589793,3.141592653589793,0.0,1.5707963267948966,0.0,3.141592653589793,1.5707963267948966,0.0,3.141592653589793,0.0,0.0,4.71238898038469,3.141592653589793,1.5707963267948966,3.141592653589793,4.71238898038469
0.0,0.0,0.0,0.0,0.0,1.5707963267948966,0.0,3.141592653589793,3.141592653589793,3.141592653589793,0.0,1.5707963267948966,0.0,3.141592653589793,1.5707963267948966,0.0,3.141592653589793,0.0,0.0,4.71238898038469,3.141592653589793,1.5707963267948966,3.141592653589793,4.71238898038469
0.0,0.0,0.0,0.0,0.0,0.0,1.5707963267948966,3.141592653589793,3.141592653589793,3.141592653589793,0.0,1.5707963267948966,0.0,3.141592653589793,1.5707963267948966,0.0,3.141592653589793,0.0,0.0,4.71238898038469,3.141592653589793,1.5707963267948966,3.141592653589793,4.71238898038469
0.0,0.0,0.0,0.0,0.0,0.0,0.0,4.71238898038469,3.141592653589793,3.141592653589793,0.0,1.5707963267948966,0.0,3.141592653589793,1.5707963267948966,0.0,3.141592653589793,0.0,0.0,4.71238898038469,3.141592653589793,1.5707963267948966,3.141592653589793,4.71238898038469
0.0,0.0,0.0,0.0,0.0,0.0,0.0,3.141592653589793,4.71238898038469,3.141592653589793,0.0,1.5707963267948966,0.0,3.141592653589793,1.5707963267948966,0.0,3.141592653589793,0.0,0.0,4.71238898038469,3.141592653589793,1.5707963267948966,3.141592653589793,4.71238898038469
0.0,0.0,0.0,0.0,0.0,0.0,0.0,3.141592653589793,3.141592653589793,4.71238898038469,0.0,1.5707963267948966,0.0,3.141592653589793,1.5707963267948966,0.0,3.141592653589793,0.0,0.0,4.71238898038469,3.141592653589793,1.5707963267948966,3.141592653589793,4.71238898038469
0.0,0.0,0.0,0.0,0.0,0.0,0.0,3.141592653589793,3.141592653589793,3.141592653589793,1.5707963267948966,1.5707963267948966,0.0,3.141592653589793,1.5707963267948966,0.0,3.141592653589793,0.0,0.0,4.71238898038469,3.141592653589793,1.5707963267948966,3.141592653589793,4.71238898038469
0.0,0.0,0.0,0.0,0.0,0.0,0.0,3.141592653589793,3.141592653589793,3.141592653589793,0.0,3.141592653589793,0.0,3.141592653589793,1.5707963267948966,0.0,3.141592653589793,0.0,0.0,4.71238898038469,3.141592653589793,1.5707963267948966,3.141592653589793,4.71238898038469
0.0,0.0,0.0,0.0,0.0,0.0,0.0,3.141592653589793,3.141592653589793,3.141592653589793,0.0,1.5707963267948966,1.5707963267948966,3.141592653589793,1.5707963267948966,0.0,3.141592653589793,0.0,0.0,4.71238898038469,3.141592653589793,1.5707963267948966,3.141592653589793,4.71238898038469
0.0,0.0,0.0,0.0,0.0,0.0,0.0,3.141592653589793,3.141592653589793,3.141592653589793,0.0,1.5707963267948966,0.0,4.71238898038469,1.5707963267948966,0.0,3.141592653589793,0.0,0.0,4.71238898038469,3.141592653589793,1.5707963267948966,3.141592653589793,4.71238898038469
0.0,0.0,0.0,0.0,0.0,0.0,0.0,3.141592653589793,3.141592653589793,3.141592653589793,0.0,1.5707963267948966,0.0,3.141592653589793,3.141592653589793,0.0,3.141592653589793,0.0,0.0,4.71238898038469,3.141592653589793,1.5707963267948966,3.141592653589793,4.71238898038469
0.0,0.0,0.0,0.0,0.0,0.0,0.0,3.141592653589793,3.141592653589793,3.141592653589793,0.0,1.5707963267948966,0.0,3.141592653589793,1.5707963267948966,1.5707963267948966,3.141592653589793,0.0,0.0,4.71238898038469,3.141592653589793,1.5707963267948966,3.141592653589793,4.71238898038469
0.0,0.0,0.0,0.0,0.0,0.0,0.0,3.141592653589793,3.141592653589793,3.141592653589793,0.0,1.5707963267948966,0.0,3.141592653589793,1.5707963267948966,0.0,4.71238898038469,0.0,0.0,4.71238898038469,3.141592653589793,1.5707963267948966,3.141592653589793,4.71238898038469
0.0,0.0,0.0,0.0,0.0,0.0,0.0,3.141592653589793,3.141592653589793,3.141592653589793,0.0,1.5707963267948966,0.0,3.141592653589793,1.5707963267948966,0.0,3.141592653589793,1.5707963267948966,0.0,4.71238898038469,3.141592653589793,1.5707963267948966,3.141592653589793,4.71238898038469
0.0,0.0,0.0,0.0,0.0,0.0,0.0,3.141592653589793,3.141592653589793,3.141592653589793,0.0,1.5707963267948966,0.0,3.141592653589793,1.5707963267948966,0.0,3.141592653589793,0.0,1.5707963267948966,4.71238898038469,3.141592653589793,1.5707963267948966,3.141592653589793,4.71238898038469
0.0,0.0,0.0,0.0,0.0,0.0,0.0,3.141592653589793,3.141592653589793,3.141592653589793,0.0,1.5707963267948966,0.0,3.141592653589793,1.5707963267948966,0.0,3.141592653589793,0.0,0.0,6.283185307179586,3.141592653589793,1.5707963267948966,3.141592653589793,4.71238898038469
0.0,0.0,0.0,0.0,0.0,0.0,0.0,3.141592653589793,3.141592653589793,3.141592653589793,0.0,1.5707963267948966,0.0,3.141592653589793,1.5707963267948966,0.0,3.141592653589793,0.0,0.0,4.71238898038469,4.71238898038469,1.5707963267948966,3.141592653589793,4.71238898038469
0.0,0.0,0.0,0.0,0.0,0.0,0.0,3.141592653589793,3.141592653589793,3.141592653589793,0.0,1.5707963267948966,0.0,3.141592653589793,1.5707963267948966,0.0,3.141592653589793,0.0,0.0,4.71238898038469,3.141592653589793,3.141592653589793,3.141592653589793,4.71238898038469
0.0,0.0,0.0,0.0,0.0,0.0,0.0,3.141592653589793,3.141592653589793,3.141592653589793,0.0,1.5707963267948966,0.0,3.141592653589793,1.5707963267948966,0.0,3.141592653589793,0.0,0.0,4.71238898038469,3.141592653589793,1.5707963267948966,4.71238898038469,4.71238898038469
0.0,0.0,0.0,0.0,0.0,0.0,0.0,3.141592653589793,3.141592653589793,3.141592653589793,0.0,1.5707963267948966,0.0,3.141592653589793,1.5707963267948966,0.0,3.141592653589793,0.0,0.0,4.71238898038469,3.141592653589793,1.5707963267948966,3.141592653589793,6.283185307179586
0.0,0.0,0.0,0.0,0.0,0.0,0.0,1.5707963267948966,3.141592653589793,3.141592653589793,0.0,1.5707963267948966,0.0,3.141592653589793,1.5707963267948966,0.0,3.141592653589793,0.0,0.0,4.71238898038469,3.141592653589793,1.5707963267948966,3.141592653589793,4.71238898038469
0.0,0.0,0.0,0.0,0.0,0.0,0.0,3.141592653589793,1.5707963267948966,3.141592653589793,0.0,1.5707963267948966,0.0,3.141592653589793,1.5707963267948966,0.0,3.141592653589793,0.0,0.0,4.71238898038469,3.141592653589793,1.5707963267948966,3.141592653589793,4.71238898038469
0.0,0.0,0.0,0.0,0.0,0.0,0.0,3.141592653589793,3.141592653589793,1.5707963267948966,0.0,1.5707963267948966,0.0,3.141592653589793,1.5707963267948966,0.0,3.141592653589793,0.0,0.0,4.71238898038469,3.141592653589793,1.5707963267948966,3.141592653589793,4.71238898038469
0.0,0.0,0.0,0.0,0.0,0.0,0.0,3.141592653589793,3.141592653589793,3.141592653589793,0.0,0.0,0.0,3.141592653589793,1.5707963267948966,0.0,3.141592653589793,0.0,0.0,4.71238898038469,3.141592653589793,1.5707963267948966,3.141592653589793,4.71238898038469
0.0,0.0,0.0,0.0,0.0,0.0,0.0,3.141592653589793,3.141592653589793,3.141592653589793,0.0,1.5707963267948966,0.0,1.5707963267948966,1.5707963267948966,0.0,3.141592653589793,0.0,0.0,4.71238898038469,3.141592653589793,1.5707963267948966,3.141592653589793,4.71238898038469
0.0,0.0,0.0,0.0,0.0,0.0,0.0,3.141592653589793,3.141592653589793,3.141592653589793,0.0,1.5707963267948966,0.0,3.141592653589793,0.0,0.0,3.141592653589793,0.0,0.0,4.71238898038469,3.141592653589793,1.5707963267948966,3.141592653589793,4.71238898038469
0.0,0.0,0.0,0.0,0.0,0.0,0.0,3.141592653589793,3.141592653589793,3.141592653589793,0.0,1.5707963267948966,0.0,3.141592653589793,1.5707963267948966,0.0,1.5707963267948966,0.0,0.0,4.71238898038469,3.141592653589793,1.5707963267948966,3.141592653589793,4.71238898038469
0.0,0.0,0.0,0.0,0.0,0.0,0.0,3.141592653589793,3.141592653589793,3.141592653589793,0.0,1.5707963267948966,0.0,3.141592653589793,1.5707963267948966,0.0,3.141592653589793,0.0,0.0,3.141592653589793,3.141592653589793,1.5707963267948966,3.141592653589793,4.71238898038469
0.0,0.0,0.0,0.0,0.0,0.0,0.0,3.141592653589793,3.141592653589793,3.141592653589793,0.0,1.5707963267948966,0.0,3.141592653589793,1.5707963267948966,0.0,3.141592653589793,0.0,0.0,4.71238898038469,1.5707963267948966,1.5707963267948966,3.141592653589793,4.71238898038469
0.0,0.0,0.0,0.0,0.0,0.0,0.0,3.141592653589793,3.141592653589793,3.141592653589793,0.0,1.5707963267948966,0.0,3.141592653589793,1.5707963267948966,0.0,3.141592653589793,0.0,0.0,4.71238898038469,3.141592653589793,0.0,3.141592653589793,4.71238898038469
0.0,0.0,0.0,0.0,0.0,0.0,0.0,3.141592653589793,3.141592653589793,3.141592653589793,0.0,1.5707963267948966,0.0,3.141592653589793,1.5707963267948966,0.0,3.141592653589793,0.0,0.0,4.71238898038469,3.141592653589793,1.5707963267948966,1.5707963267948966,4.71238898038469
0.0,0.0,0.0,0.0,0.0,0.0,0.0,3.141592653589793,3.141592653589793,3.141592653589793,0.0,1.5707963267948966,0.0,3.141592653589793,1.5707963267948966,0.0,3.141592653589793,0.0,0.0,4.71238898038469,3.141592653589793,1.5707963267948966,3.141592653589793,3.141592653589793
0.7853981633974483,0.0,0.0,0.0,0.0,0.0,0.0,3.141592653589793,3.141592653589793,3.141592653589793,0.0,1.5707963267948966,0.0,3.141592653589793,1.5707963267948966,0.0,3.141592653589793,0.0,0.0,4.71238898038469,3.141592653589793,1.5707963267948966,3.141592653589793,4.71238898038469
0.0,0.7853981633974483,0.0,0.0,0.0,0.0,0.0,3.141592653589793,3.141592653589793,3.141592653589793,0.0,1.5707963267948966,0.0,3.141592653589793,1.5707963267948966,0.0,3.141592653589793,0.0,0.0,4.71238898038469,3.141592653589793,1.5707963267948966,3.141592653589793,4.71238898038469
0.0,0.0,0.7853981633974483,0.0,0.0,0.0,0.0,3.141592653589793,3.141592653589793,3.141592653589793,0.0,1.5707963267948966,0.0,3.141592653589793,1.5707963267948966,0.0,3.141592653589793,0.0,0.0,4.71238898038469,3.141592653589793,1.5707963267948966,3.141592653589793,4.71238898038469
0.0,0.0,0.0,0.7853981633974483,0.0,0.0,0.0,3.141592653589793,3.141592653589793,3.141592653589793,0.0,1.5707963267948966,0.0,3.141592653589793,1.5707963267948966,0.0,3.141592653589793,0.0,0.0,4.71238898038469,3.141592653589793,1.5707963267948966,3.141592653589793,4.71238898038469
0.0,0.0,0.0,0.0,0.7853981633974483,0.0,0.0,3.141592653589793,3.141592653589793,3.141592653589793,0.0,1.5707963267948966,0.0,3.141592653589793,1.5707963267948966,0.0,3.141592653589793,0.0,0.0,4.71238898038469,3.141592653589793,1.5707963267948966,3.141592653589793,4.71238898038469
0.0,0.0,0.0,0.0,0.0,0.7853981633974483,0.0,3.141592653589793,3.141592653589793,3.141592653589793,0.0,1.5707963267948966,0.0,3.141592653589793,1.5707963267948966,0.0,3.141592653589793,0.0,0.0,4.71238898038469,3.141592653589793,1.5707963267948966,3.141592653589793,4.71238898038469
0.0,0.0,0.0,0.0,0.0,0.0,0.7853981633974483,3.141592653589793,3.141592653589793,3.141592653589793,0.0,1.5707963267948966,0.0,3.141592653589793,1.5707963267948966,0.0,3.141592653589793,0.0,0.0,4.71238898038469,3.141592653589793,1.5707963267948966,3.141592653589793,4.71238898038469
0.0,0.0,0.0,0.0,0.0,0.0,0.0,3.9269908169872414,3.141592653589793,3.141592653589793,0.0,1.5707963267948966,0.0,3.141592653589793,1.5707963267948966,0.0,3.141592653589793,0.0,0.0,4.71238898038469,3.141592653589793,1.5707963267948966,3.141592653589793,4.71238898038469
0.0,0.0,0.0,0.0,0.0,0.0,0.0,3.141592653589793,3.9269908169872414,3.141592653589793,0.0,1.5707963267948966,0.0,3.141592653589793,1.5707963267948966,0.0,3.141592653589793,0.0,0.0,4.71238898038469,3.141592653589793,1.5707963267948966,3.141592653589793,4.71238898038469
0.0,0.0,0.0,0.0,0.0,0.0,0.0,3.141592653589793,3.141592653589793,3.9269908169872414,0.0,1.5707963267948966,0.0,3.141592653589793,1.5707963267948966,0.0,3.141592653589793,0.0,0.0,4.71238898038469,3.141592653589793,1.5707963267948966,3.141592653589793,4.71238898038469
0.0,0.0,0.0,0.0,0.0,0.0,0.0,3.141592653589793,3.141592653589793,3.141592653589793,0.7853981633974483,1.5707963267948966,0.0,3.141592653589793,1.5707963267948966,0.0,3.141592653589793,0.0,0.0,4.71238898038469,3.141592653589793,1.5707963267948966,3.141592653589793,4.71238898038469
0.0,0.0,0.0,0.0,0.0,0.0,0.0,3.141592653589793,3.141592653589793,3.141592653589793,0.0,2.356194490192345,0.0,3.141592653589793,1.5707963267948966,0.0,3.141592653589793,0.0,0.0,4.71238898038469,3.141592653589793,1.5707963267948966,3.141592653589793,4.71238898038469
0.0,0.0,0.0,0.0,0.0,0.0,0.0,3.141592653589793,3.141592653589793,3.141592653589793,0.0,1.5707963267948966,0.7853981633974483,3.141592653589793,1.5707963267948966,0.0,3.141592653589793,0.0,0.0,4.71238898038469,3.141592653589793,1.5707963267948966,3.141592653589793,4.71238898038469
0.0,0.0,0.0,0.0,0.0,0.0,0.0,3.141592653589793,3.141592653589793,3.141592653589793,0.0,1.5707963267948966,0.0,3.9269908169872414,1.5707963267948966,0.0,3.141592653589793,0.0,0.0,4.71238898038469,3.141592653589793,1.5707963267948966,3.141592653589793,4.71238898038469
0.0,0.0,0.0,0.0,0.0,0.0,0.0,3.141592653589793,3.141592653589793,3.141592653589793,0.0,1.5707963267948966,0.0,3.141592653589793,2.356194490192345,0.0,3.141592653589793,0.0,0.0,4.71238898038469,3.141592653589793,1.5707963267948966,3.141592653589793,4.71238898038469
0.0,0.0,0.0,0.0,0.0,0.0,0.0,3.141592653589793,3.141592653589793,3.141592653589793,0.0,1.5707963267948966,0.0,3.141592653589793,1.5707963267948966,0.7853981633974483,3.141592653589793,0.0,0.0,4.71238898038469,3.141592653589793,1.5707963267948966,3.141592653589793,4.71238898038469
0.0,0.0,0.0,0.0,0.0,0.0,0.0,3.141592653589793,3.141592653589793,3.141592653589793,0.0,1.5707963267948966,0.0,3.141592653589793,1.5707963267948966,0.0,3.9269908169872414,0.0,0.0,4.71238898038469,3.141592653589793,1.5707963267948966,3.141592653589793,4.71238898038469
0.0,0.0,0.0,0.0,0.0,0.0,0.0,3.141592653589793,3.141592653589793,3.141592653589793,0.0,1.5707963267948966,0.0,3.141592653589793,1.5707963267948966,0.0,3.141592653589793,0.7853981633974483,0.0,4.71238898038469,3.141592653589793,1.5707963267948966,3.141592653589793,4.71238898038469
0.0,0.0,0.0,0.0,0.0,0.0,0.0,3.141592653589793,3.141592653589793,3.141592653589793,0.0,1.5707963267948966,0.0,3.141592653589793,1.5707963267948966,0.0,3.141592653589793,0.0,0.7853981633974483,4.71238898038469,3.141592653589793,1.5707963267948966,3.141592653589793,4.71238898038469
0.0,0.0,0.0,0.0,0.0,0.0,0.0,3.141592653589793,3.141592653589793,3.141592653589793,0.0,1.5707963267948966,0.0,3.141592653589793,1.5707963267948966,0.0,3.141592653589793,0.0,0.0,5.497787143782138,3.141592653589793,1.5707963267948966,3.141592653589793,4.71238898038469
0.0,0.0,0.0,0.0,0.0,0.0,0.0,3.141592653589793,3.141592653589793,3.141592653589793,0.0,1.5707963267948966,0.0,3.141592653589793,1.5707963267948966,0.0,3.141592653589793,0.0,0.0,4.71238898038469,3.9269908169872414,1.5707963267948966,3.141592653589793,4.71238898038469
0.0,0.0,0.0,0.0,0.0,0.0,0.0,3.141592653589793,3.141592653589793,3.141592653589793,0.0,1.5707963267948966,0.0,3.141592653589793,1.5707963267948966,0.0,3.141592653589793,0.0,0.0,4.71238898038469,3.141592653589793,2.356194490192345,3.141592653589793,4.71238898038469
0.0,0.0,0.0,0.0,0.0,0.0,0.0,3.141592653589793,3.141592653589793,3.141592653589793,0.0,1.5707963267948966,0.0,3.141592653589793,1.5707963267948966,0.0,3.141592653589793,0.0,0.0,4.71238898038469,3.141592653589793,1.5707963267948966,3.9269908169872414,4.71238898038469
0.0,0.0,0.0,0.0,0.0,0.0,0.0,3.141592653589793,3.141592653589793,3.141592653589793,0.0,1.5707963267948966,0.0,3.141592653589793,1.5707963267948966,0.0,3.141592653589793,0.0,0.0,4.71238898038469,3.141592653589793,1.5707963267948966,3.141592653589793,5.497787143782138
0.0,0.0,0.0,0.0,0.0,0.0,0.0,2.356194490192345,3.141592653589793,3.141592653589793,0.0,1.5707963267948966,0.0,3.141592653589793,1.5707963267948966,0.0,3.141592653589793,0.0,0.0,4.71238898038469,3.141592653589793,1.5707963267948966,3.141592653589793,4.71238898038469
0.0,0.0,0.0,0.0,0.0,0.0,0.0,3.141592653589793,2.356194490192345,3.141592653589793,0.0,1.5707963267948966,0.0,3.141592653589793,1.5707963267948966,0.0,3.141592653589793,0.0,0.0,4.71238898038469,3.141592653589793,1.5707963267948966,3.141592653589793,4.71238898038469
0.0,0.0,0.0,0.0,0.0,0.0,0.0,3.141592653589793,3.141592653589793,2.356194490192345,0.0,1.5707963267948966,0.0,3.141592653589793,1.5707963267948966,0.0,3.141592653589793,0.0,0.0,4.71238898038469,3.141592653589793,1.5707963267948966,3.141592653589793,4.71238898038469
0.0,0.0,0.0,0.0,0.0,0.0,0.0,3.141592653589793,3.141592653589793,3.141592653589793,0.0,0.7853981633974483,0.0,3.141592653589793,1.5707963267948966,0.0,3.141592653589793,0.0,0.0,4.71238898038469,3.141592653589793,1.5707963267948966,3.141592653589793,4.71238898038469
0.0,0.0,0.0,0.0,0.0,0.0,0.0,3.141592653589793,3.141592653589793,3.141592653589793,0.0,1.5707963267948966,0.0,2.356194490192345,1.5707963267948966,0.0,3.141592653589793,0.0,0.0,4.71238898038469,3.141592653589793,1.5707963267948966,3.141592653589793,4.71238898038469
0.0,0.0,0.0,0.0,0.0,0.0,0.0,3.141592653589793,3.141592653589793,3.141592653589793,0.0,1.5707963267948966,0.0,3.141592653589793,0.7853981633974483,0.0,3.141592653589793,0.0,0.0,4.71238898038469,3.141592653589793,1.5707963267948966,3.141592653589793,4.71238898038469
0.0,0.0,0.0,0.0,0.0,0.0,0.0,3.141592653589793,3.141592653589793,3.141592653589793,0.0,1.5707963267948966,0.0,3.141592653589793,1.5707963267948966,0.0,2.356194490192345,0.0,0.0,4.71238898038469,3.141592653589793,1.5707963267948966,3.141592653589793,4.71238898038469
0.0,0.0,0.0,0.0,0.0,0.0,0.0,3.141592653589793,3.141592653589793,3.141592653589793,0.0,1.5707963267948966,0.0,3.141592653589793,1.5707963267948966,0.0,3.141592653589793,0.0,0.0,3.9269908169872414,3.141592653589793,1.5707963267948966,3.141592653589793,4.71238898038469
0.0,0.0,0.0,0.0,0.0,0.0,0.0,3.141592653589793,3.141592653589793,3.141592653589793,0.0,1.5707963267948966,0.0,3.141592653589793,1.5707963267948966,0.0,3.141592653589793,0.0,0.0,4.71238898038469,2.356194490192345,1.5707963267948966,3.141592653589793,4.71238898038469
0.0,0.0,0.0,0.0,0.0,0.0,0.0,3.141592653589793,3.141592653589793,3.141592653589793,0.0,1.5707963267948966,0.0,3.141592653589793,1.5707963267948966,0.0,3.141592653589793,0.0,0.0,4.71238898038469,3.141592653589793,0.7853981633974483,3.141592653589793,4.71238898038469
0.0,0.0,0.0,0.0,0.0,0.0,0.0,3.141592653589793,3.141592653589793,3.141592653589793,0.0,1.5707963267948966,0.0,3.141592653589793,1.5707963267948966,0.0,3.141592653589793,0.0,0.0,4.71238898038469,3.141592653589793,1.5707963267948966,2.356194490192345,4.71238898038469
0.0,0.0,0.0,0.0,0.0,0.0,0.0,3.141592653589793,3.141592653589793,3.141592653589793,0.0,1.5707963267948966,0.0,3.141592653589793,1.5707963267948966,0.0,3.141592653589793,0.0,0.0,4.71238898038469,3.141592653589793,1.5707963267948966,3.141592653589793,3.9269908169872414
0.39269908169872414,0.0,0.0,0.0,0.0,0.0,0.0,3.141592653589793,3.141592653589793,3.141592653589793,0.0,1.5707963267948966,0.0,3.141592653589793,1.5707963267948966,0.0,3.141592653589793,0.0,0.0,4.71238898038469,3.141592653589793,1.5707963267948966,3.141592653589793,4.71238898038469
0.0,0.39269908169872414,0.0,0.0,0.0,0.0,0.0,3.141592653589793,3.141592653589793,3.141592653589793,0.0,1.5707963267948966,0.0,3.141592653589793,1.5707963267948966,0.0,3.141592653589793,0.0,0.0,4.71238898038469,3.141592653589793,1.5707963267948966,3.141592653589793,4.71238898038469
0.0,0.0,0.39269908169872414,0.0,0.0,0.0,0.0,3.141592653589793,3.141592653589793,3.141592653589793,0.0,1.5707963267948966,0.0,3.141592653589793,1.5707963267948966,0.0,3.141592653589793,0.0,0.0,4.71238898038469,3.141592653589793,1.5707963267948966,3.141592653589793,4.71238898038469
0.0,0.0,0.0,0.39269908169872414,0.0,0.0,0.0,3.141592653589793,3.141592653589793,3.141592653589793,0.0,1.5707963267948966,0.0,3.141592653589793,1.5707963267948966,0.0,3.141592653589793,0.0,0.0,4.71238898038469,3.141592653589793,1.5707963267948966,3.141592653589793,4.71238898038469
0.0,0.0,0.0,0.0,0.39269908169872414,0.0,0.0,3.141592653589793,3.141592653589793,3.141592653589793,0.0,1.5707963267948966,0.0,3.141592653589793,1.5707963267948966,0.0,3.141592653589793,0.0,0.0,4.71238898038469,3.141592653589793,1.5707963267948966,3.141592653589793,4.71238898038469
0.0,0.0,0.0,0.0,0.0,0.39269908169872414,0.0,3.141592653589793,3.141592653589793,3.141592653589793,0.0,1.5707963267948966,0.0,3.141592653589793,1.5707963267948966,0.0,3.141592653589793,0.0,0.0,4.71238898038469,3.141592653589793,1.5707963267948966,3.141592653589793,4.71238898038469
0.0,0.0,0.0,0.0,0.0,0.0,0.39269908169872414,3.141592653589793,3.141592653589793,3.141592653589793,0.0,1.5707963267948966,0.0,3.141592653589793,1.5707963267948966,0.0,3.141592653589793,0.0,0.0,4.71238898038469,3.141592653589793,1.5707963267948966,3.141592653589793,4.71238898038469
0.0,0.0,0.0,0.0,0.0,0.0,0.0,3.5342917352885173,3.141592653589793,3.141592653589793,0.0,1.5707963267948966,0.0,3.141592653589793,1.5707963267948966,0.0,3.141592653589793,0.0,0.0,4.71238898038469,3.141592653589793,1.5707963267948966,3.141592653589793,4.71238898038469
0.0,0.0,0.0,0.0,0.0,0.0,0.0,3.141592653589793,3.5342917352885173,3.141592653589793,0.0,1.5707963267948966,0.0,3.141592653589793,1.5707963267948966,0.0,3.141592653589793,0.0,0.0,4.71238898038469,3.141592653589793,1.5707963267948966,3.141592653589793,4.71238898038469
0.0,0.0,0.0,0.0,0.0,0.0,0.0,3.141592653589793,3.141592653589793,3.5342917352885173,0.0,1.5707963267948966,0.0,3.141592653589793,1.5707963267948966,0.0,3.141592653589793,0.0,0.0,4.71238898038469,3.141592653589793,1.5707963267948966,3.141592653589793,4.71238898038469
0.0,0.0,0.0,0.0,0.0,0.0,0.0,3.141592653589793,3.141592653589793,3.141592653589793,0.39269908169872414,1.5707963267948966,0.0,3.141592653589793,1.5707963267948966,0.0,3.141592653589793,0.0,0.0,4.71238898038469,3.141592653589793,1.5707963267948966,3.141592653589793,4.71238898038469
0.0,0.0,0.0,0.0,0.0,0.0,0.0,3.141592653589793,3.141592653589793,3.141592653589793,0.0,1.9634954084936207,0.0,3.141592653589793,1.5707963267948966,0.0,3.141592653589793,0.0,0.0,4.71238898038469,3.141592653589793,1.5707963267948966,3.141592653589793,4.71238898038469
0.0,0.0,0.0,0.0,0.0,0.0,0.0,3.141592653589793,3.141592653589793,3.141592653589793,0.0,1.5707963267948966,0.39269908169872414,3.141592653589793,1.5707963267948966,0.0,3.141592653589793,0.0,0.0,4.71238898038469,3.141592653589793,1.5707963267948966,3.141592653589793,4.71238898038469
0.0,0.0,0.0,0.0,0.0,0.0,0.0,3.141592653589793,3.141592653589793,3.141592653589793,0.0,1.5707963267948966,0.0,3.5342917352885173,1.5707963267948966,0.0,3.141592653589793,0.0,0.0,4.71238898038469,3.141592653589793,1.5707963267948966,3.141592653589793,4.71238898038469
0.0,0.0,0.0,0.0,0.0,0.0,0.0,3.141592653589793,3.141592653589793,3.141592653589793,0.0,1.5707963267948966,0.0,3.141592653589793,1.9634954084936207,0.0,3.141592653589793,0.0,0.0,4.71238898038469,3.141592653589793,1.5707963267948966,3.141592653589793,4.71238898038469
0.0,0.0,0.0,0.0,0.0,0.0,0.0,3.141592653589793,3.141592653589793,3.141592653589793,0.0,1.5707963267948966,0.0,3.141592653589793,1.5707963267948966,0.39269908169872414,3.141592653589793,0.0,0.0,4.71238898038469,3.141592653589793,1.5707963267948966,3.141592653589793,4.71238898038469
0.0,0.0,0.0,0.0,0.0,0.0,0.0,3.141592653589793,3.141592653589793,3.141592653589793,0.0,1.5707963267948966,0.0,3.141592653589793,1.5707963267948966,0.0,3.5342917352885173,0.0,0.0,4.71238898038469,3.141592653589793,1.5707963267948966,3.141592653589793,4.71238898038469
0.0,0.0,0.0,0.0,0.0,0.0,0.0,3.141592653589793,3.141592653589793,3.141592653589793,0.0,1.5707963267948966,0.0,3.141592653589793,1.5707963267948966,0.0,3.141592653589793,0.39269908169872414,0.0,4.71238898038469,3.141592653589793,1.5707963267948966,3.141592653589793,4.71238898038469
0.0,0.0,0.0,0.0,0.0,0.0,0.0,3.141592653589793,3.141592653589793,3.141592653589793,0.0,1.5707963267948966,0.0,3.141592653589793,1.5707963267948966,0.0,3.141592653589793,0.0,0.39269908169872414,4.71238898038469,3.141592653589793,1.5707963267948966,3.141592653589793,4.71238898038469
0.0,0.0,0.0,0.0,0.0,0.0,0.0,3.141592653589793,3.141592653589793,3.141592653589793,0.0,1.5707963267948966,0.0,3.141592653589793,1.5707963267948966,0.0,3.141592653589793,0.0,0.0,5.105088062083414,3.141592653589793,1.5707963267948966,3.141592653589793,4.71238898038469
0.0,0.0,0.0,0.0,0.0,0.0,0.0,3.141592653589793,3.141592653589793,3.141592653589793,0.0,1.5707963267948966,0.0,3.141592653589793,1.5707963267948966,0.0,3.141592653589793,0.0,0.0,4.71238898038469,3.5342917352885173,1.5707963267948966,3.141592653589793,4.71238898038469
0.0,0.0,0.0,0.0,0.0,0.0,0.0,3.141592653589793,3.141592653589793,3.141592653589793,0.0,1.5707963267948966,0.0,3.141592653589793,1.5707963267948966,0.0,3.141592653589793,0.0,0.0,4.71238898038469,3.141592653589793,1.9634954084936207,3.141592653589793,4.71238898038469
0.0,0.0,0.0,0.0,0.0,0.0,0.0,3.141592653589793,3.141592653589793,3.141592653589793,0.0,1.5707963267948966,0.0,3.141592653589793,1.5707963267948966,0.0,3.141592653589793,0.0,0.0,4.71238898038469,3.141592653589793,1.5707963267948966,3.5342917352885173,4.71238898038469
0.0,0.0,0.0,0.0,0.0,0.0,0.0,3.141592653589793,3.141592653589793,3.141592653589793,0.0,1.5707963267948966,0.0,3.141592653589793,1.5707963267948966,0.0,3.141592653589793,0.0,0.0,4.71238898038469,3.141592653589793,1.5707963267948966,3.141592653589793,5.105088062083414
0.0,0.0,0.0,0.0,0.0,0.0,0.0,2.748893571891069,3.141592653589793,3.141592653589793,0.0,1.5707963267948966,0.0,3.141592653589793,1.5707963267948966,0.0,3.141592653589793,0.0,0.0,4.71238898038469,3.141592653589793,1.5707963267948966,3.141592653589793,4.71238898038469
0.0,0.0,0.0,0.0,0.0,0.0,0.0,3.141592653589793,2.748893571891069,3.141592653589793,0.0,1.5707963267948966,0.0,3.141592653589793,1.5707963267948966,0.0,3.141592653589793,0.0,0.0,4.71238898038469,3.141592653589793,1.5707963267948966,3.141592653589793,4.71238898038469
0.0,0.0,0.0,0.0,0.0,0.0,0.0,3.141592653589793,3.141592653589793,2.748893571891069,0.0,1.5707963267948966,0.0,3.141592653589793,1.5707963267948966,0.0,3.141592653589793,0.0,0.0,4.71238898038469,3.141592653589793,1.5707963267948966,3.141592653589793,4.71238898038469
0.0,0.0,0.0,0.0,0.0,0.0,0.0,3.141592653589793,3.141592653589793,3.141592653589793,0.0,1.1780972450961724,0.0,3.141592653589793,1.5707963267948966,0.0,3.141592653589793,0.0,0.0,4.71238898038469,3.141592653589793,1.5707963267948966,3.141592653589793,4.71238898038469
0.0,0.0,0.0,0.0,0.0,0.0,0.0,3.141592653589793,3.141592653589793,3.141592653589793,0.0,1.5707963267948966,0.0,2.748893571891069,1.5707963267948966,0.0,3.141592653589793,0.0,0.0,4.71238898038469,3.141592653589793,1.5707963267948966,3.141592653589793,4.71238898038469
0.0,0.0,0.0,0.0,0.0,0.0,0.0,3.141592653589793,3.141592653589793,3.141592653589793,0.0,1.5707963267948966,0.0,3.141592653589793,1.1780972450961724,0.0,3.141592653589793,0.0,0.0,4.71238898038469,3.141592653589793,1.5707963267948966,3.141592653589793,4.71238898038469
0.0,0.0,0.0,0.0,0.0,0.0,0.0,3.141592653589793,3.141592653589793,3.141592653589793,0.0,1.5707963267948966,0.0,3.141592653589793,1.5707963267948966,0.0,2.748893571891069,0.0,0.0,4.71238898038469,3.141592653589793,1.5707963267948966,3.141592653589793,4.71238898038469
0.0,0.0,0.0,0.0,0.0,0.0,0.0,3.141592653589793,3.141592653589793,3.141592653589793,0.0,1.5707963267948966,0.0,3.141592653589793,1.5707963267948966,0.0,3.141592653589793,0.0,0.0,4.319689898685965,3.141592653589793,1.5707963267948966,3.141592653589793,4.71238898038469
0.0,0.0,0.0,0.0,0.0,0.0,0.0,3.141592653589793,3.141592653589793,3.141592653589793,0.0,1.5707963267948966,0.0,3.141592653589793,1.5707963267948966,0.0,3.141592653589793,0.0,0.0,4.71238898038469,2.748893571891069,1.5707963267948966,3.141592653589793,4.71238898038469
0.0,0.0,0.0,0.0,0.0,0.0,0.0,3.141592653589793,3.141592653589793,3.141592653589793,0.0,1.5707963267948966,0.0,3.141592653589793,1.5707963267948966,0.0,3.141592653589793,0.0,0.0,4.71238898038469,3.141592653589793,1.1780972450961724,3.141592653589793,4.71238898038469
0.0,0.0,0.0,0.0,0.0,0.0,0.0,3.141592653589793,3.141592653589793,3.141592653589793,0.0,1.5707963267948966,0.0,3.141592653589793,1.5707963267948966,0.0,3.141592653589793,0.0,0.0,4.71238898038469,3.141592653589793,1.5707963267948966,2.748893571891069,4.71238898038469
0.0,0.0,0.0,0.0,0.0,0.0,0.0,3.141592653589793,3.141592653589793,3.141592653589793,0.0,1.5707963267948966,0.0,3.141592653589793,1.5707963267948966,0.0,3.141592653589793,0.0,0.0,4.71238898038469,3.141592653589793,1.5707963267948966,3.141592653589793,4.319689898685965
0.19634954084936207,0.0,0.0,0.0,0.0,0.0,0.0,3.141592653589793,3.141592653589793,3.141592653589793,0.0,1.5707963267948966,0.0,3.141592653589793,1.5707963267948966,0.0,3.141592653589793,0.0,0.0,4.71238898038469,3.141592653589793,1.5707963267948966,3.141592653589793,4.71238898038469
0.0,0.19634954084936207,0.0,0.0,0.0,0.0,0.0,3.141592653589793,3.141592653589793,3.141592653589793,0.0,1.5707963267948966,0.0,3.141592653589793,1.5707963267948966,0.0,3.141592653589793,0.0,0.0,4.71238898038469,3.141592653589793,1.5707963267948966,3.141592653589793,4.71238898038469
0.0,0.0,0.19634954084936207,0.0,0.0,0.0,0.0,3.141592653589793,3.141592653589793,3.141592653589793,0.0,1.5707963267948966,0.0,3.141592653589793,1.5707963267948966,0.0,3.141592653589793,0.0,0.0,4.71238898038469,3.141592653589793,1.5707963267948966,3.141592653589793,4.71238898038469
0.0,0.0,0.0,0.19634954084936207,0.0,0.0,0.0,3.141592653589793,3.141592653589793,3.141592653589793,0.0,1.5707963267948966,0.0,3.141592653589793,1.5707963267948966,0.0,3.141592653589793,0.0,0.0,4.71238898038469,3.141592653589793,1.5707963267948966,3.141592653589793,4.71238898038469
0.0,0.0,0.0,0.0,0.19634954084936207,0.0,0.0,3.141592653589793,3.141592653589793,3.141592653589793,0.0,1.5707963267948966,0.0,3.141592653589793,1.5707963267948966,0.0,3.141592653589793,0.0,0.0,4.71238898038469,3.141592653589793,1.5707963267948966,3.141592653589793,4.71238898038469
0.0,0.0,0.0,0.0,0.0,0.19634954084936207,0.0,3.141592653589793,3.141592653589793,3.141592653589793,0.0,1.5707963267948966,0.0,3.141592653589793,1.5707963267948966,0.0,3.141592653589793,0.0,0.0,4.71238898038469,3.141592653589793,1.5707963267948966,3.141592653589793,4.71238898038469
0.0,0.0,0.0,0.0,0.0,0.0,0.19634954084936207,3.141592653589793,3.141592653589793,3.141592653589793,0.0,1.5707963267948966,0.0,3.141592653589793,1.5707963267948966,0.0,3.141592653589793,0.0,0.0,4.71238898038469,3.141592653589793,1.5707963267948966,3.141592653589793,4.71238898038469
0.0,0.0,0.0,0.0,0.0,0.0,0.0,3.3379421944391554,3.141592653589793,3.141592653589793,0.0,1.5707963267948966,0.0,3.141592653589793,1.5707963267948966,0.0,3.141592653589793,0.0,0.0,4.71238898038469,3.141592653589793,1.5707963267948966,3.141592653589793,4.71238898038469
0.0,0.0,0.0,0.0,0.0,0.0,0.0,3.141592653589793,3.3379421944391554,3.141592653589793,0.0,1.5707963267948966,0.0,3.141592653589793,1.5707963267948966,0.0,3.141592653589793,0.0,0.0,4.71238898038469,3.141592653589793,1.5707963267948966,3.141592653589793,4.71238898038469
0.0,0.0,0.0,0.0,0.0,0.0,0.0,3.141592653589793,3.141592653589793,3.3379421944391554,0.0,1.5707963267948966,0.0,3.141592653589793,1.5707963267948966,0.0,3.141592653589793,0.0,0.0,4.71238898038469,3.141592653589793,1.5707963267948966,3.141592653589793,4.71238898038469
0.0,0.0,0.0,0.0,0.0,0.0,0.0,3.141592653589793,3.141592653589793,3.141592653589793,0.19634954084936207,1.5707963267948966,0.0,3.141592653589793,1.5707963267948966,0.0,3.141592653589793,0.0,0.0,4.71238898038469,3.141592653589793,1.5707963267948966,3.141592653589793,4.71238898038469
0.0,0.0,0.0,0.0,0.0,0.0,0.0,3.141592653589793,3.141592653589793,3.141592653589793,0.0,1.7671458676442586,0.0,3.141592653589793,1.5707963267948966,0.0,3.141592653589793,0.0,0.0,4.71238898038469,3.141592653589793,1.5707963267948966,3.141592653589793,4.71238898038469
0.0,0.0,0.0,0.0,0.0,0.0,0.0,3.141592653589793,3.141592653589793,3.141592653589793,0.0,1.5707963267948966,0.19634954084936207,3.141592653589793,1.5707963267948966,0.0,3.141592653589793,0.0,0.0,4.71238898038469,3.141592653589793,1.5707963267948966,3.141592653589793,4.71238898038469
0.0,0.0,0.0,0.0,0.0,0.0,0.0,3.141592653589793,3.141592653589793,3.141592653589793,0.0,1.5707963267948966,0.0,3.3379421944391554,1.5707963267948966,0.0,3.141592653589793,0.0,0.0,4.71238898038469,3.141592653589793,1.5707963267948966,3.141592653589793,4.71238898038469
0.0,0.0,0.0,0.0,0.0,0.0,0.0,3.141592653589793,3.141592653589793,3.141592653589793,0.0,1.5707963267948966,0.0,3.141592653589793,1.7671458676442586,0.0,3.141592653589793,0.0,0.0,4.71238898038469,3.141592653589793,1.5707963267948966,3.141592653589793,4.71238898038469
0.0,0.0,0.0,0.0,0.0,0.0,0.0,3.141592653589793,3.141592653589793,3.141592653589793,0.0,1.5707963267948966,0.0,3.141592653589793,1.5707963267948966,0.19634954084936207,3.141592653589793,0.0,0.0,4.71238898038469,3.141592653589793,1.5707963267948966,3.141592653589793,4.71238898038469
0.0,0.0,0.0,0.0,0.0,0.0,0.0,3.141592653589793,3.141592653589793,3.141592653589793,0.0,1.5707963267948966,0.0,3.141592653589793,1.5707963267948966,0.0,3.3379421944391554,0.0,0.0,4.71238898038469,3.141592653589793,1.5707963267948966,3.141592653589793,4.71238898038469
0.0,0.0,0.0,0.0,0.0,0.0,0.0,3.141592653589793,3.141592653589793,3.141592653589793,0.0,1.5707963267948966,0.0,3.141592653589793,1.5707963267948966,0.0,3.141592653589793,0.19634954084936207,0.0,4.71238898038469,3.141592653589793,1.5707963267948966,3.141592653589793,4.71238898038469
0.0,0.0,0.0,0.0,0.0,0.0,0.0,3.141592653589793,3.141592653589793,3.141592653589793,0.0,1.5707963267948966,0.0,3.141592653589793,1.5707963267948966,0.0,3.141592653589793,0.0,0.19634954084936207,4.71238898038469,3.141592653589793,1.5707963267948966,3.141592653589793,4.71238898038469
0.0,0.0,0.0,0.0,0.0,0.0,0.0,3.141592653589793,3.141592653589793,3.141592653589793,0.0,1.5707963267948966,0.0,3.141592653589793,1.5707963267948966,0.0,3.141592653589793,0.0,0.0,4.908738521234052,3.141592653589793,1.5707963267948966,3.141592653589793,4.71238898038469
0.0,0.0,0.0,0.0,0.0,0.0,0.0,3.141592653589793,3.141592653589793,3.141592653589793,0.0,1.5707963267948966,0.0,3.141592653589793,1.5707963267948966,0.0,3.141592653589793,0.0,0.0,4.71238898038469,3.3379421944391554,1.5707963267948966,3.141592653589793,4.71238898038469
0.0,0.0,0.0,0.0,0.0,0.0,0.0,3.141592653589793,3.141592653589793,3.141592653589793,0.0,1.5707963267948966,0.0,3.141592653589793,1.5707963267948966,0.0,3.141592653589793,0.0,0.0,4.71238898038469,3.141592653589793,1.7671458676442586,3.141592653589793,4.71238898038469
0.0,0.0,0.0,0.0,0.0,0.0,0.0,3.141592653589793,3.141592653589793,3.141592653589793,0.0,1.5707963267948966,0.0,3.141592653589793,1.5707963267948966,0.0,3.141592653589793,0.0,0.0,4.71238898038469,3.141592653589793,1.5707963267948966,3.3379421944391554,4.71238898038469
0.0,0.0,0.0,0.0,0.0,0.0,0.0,3.141592653589793,3.141592653589793,3.141592653589793,0.0,1.5707963267948966,0.0,3.141592653589793,1.5707963267948966,0.0,3.141592653589793,0.0,0.0,4.71238898038469,3.141592653589793,1.5707963267948966,3.141592653589793,4.908738521234052
0.0,0.0,0.0,0.0,0.0,0.0,0.0,2.945243112740431,3.141592653589793,3.141592653589793,0.0,1.5707963267948966,0.0,3.141592653589793,1.5707963267948966,0.0,3.141592653589793,0.0,0.0,4.71238898038469,3.141592653589793,1.5707963267948966,3.141592653589793,4.71238898038469
0.0,0.0,0.0,0.0,0.0,0.0,0.0,3.141592653589793,2.945243112740431,3.141592653589793,0.0,1.5707963267948966,0.0,3.141592653589793,1.5707963267948966,0.0,3.141592653589793,0.0,0.0,4.71238898038469,3.141592653589793,1.5707963267948966,3.141592653589793,4.71238898038469
0.0,0.0,0.0,0.0,0.0,0.0,0.0,3.141592653589793,3.141592653589793,2.945243112740431,0.0,1.5707963267948966,0.0,3.141592653589793,1.5707963267948966,0.0,3.141592653589793,0.0,0.0,4.71238898038469,3.141592653589793,1.5707963267948966,3.141592653589793,4.71238898038469
0.0,0.0,0.0,0.0,0.0,0.0,0.0,3.141592653589793,3.141592653589793,3.141592653589793,0.0,1.3744467859455345,0.0,3.141592653589793,1.5707963267948966,0.0,3.141592653589793,0.0,0.0,4.71238898038469,3.141592653589793,1.5707963267948966,3.141592653589793,4.71238898038469
0.0,0.0,0.0,0.0,0.0,0.0,0.0,3.141592653589793,3.141592653589793,3.141592653589793,0.0,1.5707963267948966,0.0,2.945243112740431,1.5707963267948966,0.0,3.141592653589793,0.0,0.0,4.71238898038469,3.141592653589793,1.5707963267948966,3.141592653589793,4.71238898038469
0.0,0.0,0.0,0.0,0.0,0.0,0.0,3.141592653589793,3.141592653589793,3.141592653589793,0.0,1.5707963267948966,0.0,3.141592653589793,1.3744467859455345,0.0,3.141592653589793,0.0,0.0,4.71238898038469,3.141592653589793,1.5707963267948966,3.141592653589793,4.71238898038469
0.0,0.0,0.0,0.0,0.0,0.0,0.0,3.141592653589793,3.141592653589793,3.141592653589793,0.0,1.5707963267948966,0.0,3.141592653589793,1.5707963267948966,0.0,2.945243112740431,0.0,0.0,4.71238898038469,3.141592653589793,1.5707963267948966,3.141592653589793,4.71238898038469
0.0,0.0,0.0,0.0,0.0,0.0,0.0,3.141592653589793,3.141592653589793,3.141592653589793,0.0,1.5707963267948966,0.0,3.141592653589793,1.5707963267948966,0.0,3.141592653589793,0.0,0.0,4.516039439535327,3.141592653589793,1.5707963267948966,3.141592653589793,4.71238898038469
0.0,0.0,0.0,0.0,0.0,0.0,0.0,3.141592653589793,3.141592653589793,3.141592653589793,0.0,1.5707963267948966,0.0,3.141592653589793,1.5707963267948966,0.0,3.141592653589793,0.0,0.0,4.71238898038469,2.945243112740431,1.5707963267948966,3.141592653589793,4.71238898038469
0.0,0.0,0.0,0.0,0.0,0.0,0.0,3.141592653589793,3.141592653589793,3.141592653589793,0.0,1.5707963267948966,0.0,3.141592653589793,1.5707963267948966,0.0,3.141592653589793,0.0,0.0,4.71238898038469,3.141592653589793,1.3744467859455345,3.141592653589793,4.71238898038469
0.0,0.0,0.0,0.0,0.0,0.0,0.0,3.141592653589793,3.141592653589793,3.141592653589793,0.0,1.5707963267948966,0.0,3.141592653589793,1.5707963267948966,0.0,3.141592653589793,0.0,0.0,4.71238898038469,3.141592653589793,1.5707963267948966,2.945243112740431,4.71238898038469
0.0,0.0,0.0,0.0,0.0,0.0,0.0,3.141592653589793,3.141592653589793,3.141592653589793,0.0,1.5707963267948966,0.0,3.141592653589793,1.5707963267948966,0.0,3.141592653589793,0.0,0.0,4.71238898038469,3.141592653589793,1.5707963267948966,3.141592653589793,4.516039439535327
0.09817477042468103,0.0,0.0,0.0,0.0,0.0,0.0,3.141592653589793,3.141592653589793,3.141592653589793,0.0,1.5707963267948966,0.0,3.141592653589793,1.5707963267948966,0.0,3.141592653589793,0.0,0.0,4.71238898038469,3.141592653589793,1.5707963267948966,3.141592653589793,4.71238898038469
0.0,0.09817477042468103,0.0,0.0,0.0,0.0,0.0,3.141592653589793,3.141592653589793,3.141592653589793,0.0,1.5707963267948966,0.0,3.141592653589793,1.5707963267948966,0.0,3.141592653589793,0.0,0.0,4.71238898038469,3.141592653589793,1.5707963267948966,3.141592653589793,4.71238898038469
0.0,0.0,0.09817477042468103,0.0,0.0,0.0,0.0,3.141592653589793,3.141592653589793,3.141592653589793,0.0,1.5707963267948966,0.0,3.141592653589793,1.5707963267948966,0.0,3.141592653589793,0.0,0.0,4.71238898038469,3.141592653589793,1.5707963267948966,3.141592653589793,4.71238898038469
0.0,0.0,0.0,0.09817477042468103,0.0,0.0,0.0,3.141592653589793,3.141592653589793,3.141592653589793,0.0,1.5707963267948966,0.0,3.141592653589793,1.5707963267948966,0.0,3.141592653589793,0.0,0.0,4.71238898038469,3.141592653589793,1.5707963267948966,3.141592653589793,4.71238898038469
0.0,0.0,0.0,0.0,0.09817477042468103,0.0,0.0,3.141592653589793,3.141592653589793,3.141592653589793,0.0,1.5707963267948966,0.0,3.141592653589793,1.5707963267948966,0.0,3.141592653589793,0.0,0.0,4.71238898038469,3.141592653589793,1.5707963267948966,3.141592653589793,4.71238898038469
0.0,0.0,0.0,0.0,0.0,0.09817477042468103,0.0,3.141592653589793,3.141592653589793,3.141592653589793,0.0,1.5707963267948966,0.0,3.141592653589793,1.5707963267948966,0.0,3.141592653589793,0.0,0.0,4.71238898038469,3.141592653589793,1.5707963267948966,3.141592653589793,4.71238898038469
0.0,0.0,0.0,0.0,0.0,0.0,0.09817477042468103,3.141592653589793,3.141592653589793,3.141592653589793,0.0,1.5707963267948966,0.0,3.141592653589793,1.5707963267948966,0.0,3.141592653589793,0.0,0.0,4.71238898038469,3.141592653589793,1.5707963267948966,3.141592653589793,4.71238898038469
0.0,0.0,0.0,0.0,0.0,0.0,0.0,3.2397674240144743,3.141592653589793,3.141592653589793,0.0,1.5707963267948966,0.0,3.141592653589793,1.5707963267948966,0.0,3.141592653589793,0.0,0.0,4.71238898038469,3.141592653589793,1.5707963267948966,3.141592653589793,4.71238898038469
0.0,0.0,0.0,0.0,0.0,0.0,0.0,3.141592653589793,3.2397674240144743,3.141592653589793,0.0,1.5707963267948966,0.0,3.141592653589793,1.5707963267948966,0.0,3.141592653589793,0.0,0.0,4.71238898038469,3.141592653589793,1.5707963267948966,3.141592653589793,4.71238898038469
0.0,0.0,0.0,0.0,0.0,0.0,0.0,3.141592653589793,3.141592653589793,3.2397674240144743,0.0,1.5707963267948966,0.0,3.141592653589793,1.5707963267948966,0.0,3.141592653589793,0.0,0.0,4.71238898038469,3.141592653589793,1.5707963267948966,3.141592653589793,4.71238898038469
0.0,0.0,0.0,0.0,0.0,0.0,0.0,3.141592653589793,3.141592653589793,3.141592653589793,0.09817477042468103,1.5707963267948966,0.0,3.141592653589793,1.5707963267948966,0.0,3.141592653589793,0.0,0.0,4.71238898038469,3.141592653589793,1.5707963267948966,3.141592653589793,4.71238898038469
0.0,0.0,0.0,0.0,0.0,0.0,0.0,3.141592653589793,3.141592653589793,3.141592653589793,0.0,1.6689710972195777,0.0,3.141592653589793,1.5707963267948966,0.0,3.141592653589793,0.0,0.0,4.71238898038469,3.141592653589793,1.5707963267948966,3.141592653589793,4.71238898038469
0.0,0.0,0.0,0.0,0.0,0.0,0.0,3.141592653589793,3.141592653589793,3.141592653589793,0.0,1.5707963267948966,0.09817477042468103,3.141592653589793,1.5707963267948966,0.0,3.141592653589793,0.0,0.0,4.71238898038469,3.141592653589793,1.5707963267948966,3.141592653589793,4.71238898038469
0.0,0.0,0.0,0.0,0.0,0.0,0.0,3.141592653589793,3.141592653589793,3.141592653589793,0.0,1.5707963267948966,0.0,3.2397674240144743,1.5707963267948966,0.0,3.141592653589793,0.0,0.0,4.71238898038469,3.141592653589793,1.5707963267948966,3.141592653589793,4.71238898038469
0.0,0.0,0.0,0.0,0.0,0.0,0.0,3.141592653589793,3.141592653589793,3.141592653589793,0.0,1.5707963267948966,0.0,3.141592653589793,1.6689710972195777,0.0,3.141592653589793,0.0,0.0,4.71238898038469,3.141592653589793,1.5707963267948966,3.141592653589793,4.71238898038469
0.0,0.0,0.0,0.0,0.0,0.0,0.0,3.141592653589793,3.141592653589793,3.141592653589793,0.0,1.5707963267948966,0.0,3.141592653589793,1.5707963267948966,0.09817477042468103,3.141592653589793,0.0,0.0,4.71238898038469,3.141592653589793,1.5707963267948966,3.141592653589793,4.71238898038469
0.0,0.0,0.0,0.0,0.0,0.0,0.0,3.141592653589793,3.141592653589793,3.141592653589793,0.0,1.5707963267948966,0.0,3.141592653589793,1.5707963267948966,0.0,3.2397674240144743,0.0,0.0,4.71238898038469,3.141592653589793,1.5707963267948966,3.141592653589793,4.71238898038469
0.0,0.0,0.0,0.0,0.0,0.0,0.0,3.141592653589793,3.141592653589793,3.141592653589793,0.0,1.5707963267948966,0.0,3.141592653589793,1.5707963267948966,0.0,3.141592653589793,0.09817477042468103,0.0,4.71238898038469,3.141592653589793,1.5707963267948966,3.141592653589793,4.71238898038469
0.0,0.0,0.0,0.0,0.0,0.0,0.0,3.141592653589793,3.141592653589793,3.141592653589793,0.0,1.5707963267948966,0.0,3.141592653589793,1.5707963267948966,0.0,3.141592653589793,0.0,0.09817477042468103,4.71238898038469,3.141592653589793,1.5707963267948966,3.141592653589793,4.71238898038469
0.0,0.0,0.0,0.0,0.0,0.0,0.0,3.141592653589793,3.141592653589793,3.141592653589793,0.0,1.5707963267948966,0.0,3.141592653589793,1.5707963267948966,0.0,3.141592653589793,0.0,0.0,4.81056375080937,3.141592653589793,1.5707963267948966,3.141592653589793,4.71238898038469
0.0,0.0,0.0,0.0,0.0,0.0,0.0,3.141592653589793,3.141592653589793,3.141592653589793,0.0,1.5707963267948966,0.0,3.141592653589793,1.5707963267948966,0.0,3.141592653589793,0.0,0.0,4.71238898038469,3.2397674240144743,1.5707963267948966,3.141592653589793,4.71238898038469
0.0,0.0,0.0,0.0,0.0,0.0,0.0,3.141592653589793,3.141592653589793,3.141592653589793,0.0,1.5707963267948966,0.0,3.141592653589793,1.5707963267948966,0.0,3.141592653589793,0.0,0.0,4.71238898038469,3.141592653589793,1.6689710972195777,3.141592653589793,4.71238898038469
0.0,0.0,0.0,0.0,0.0,0.0,0.0,3.141592653589793,3.141592653589793,3.141592653589793,0.0,1.5707963267948966,0.0,3.141592653589793,1.5707963267948966,0.0,3.141592653589793,0.0,0.0,4.71238898038469,3.141592653589793,1.5707963267948966,3.2397674240144743,4.71238898038469
0.0,0.0,0.0,0.0,0.0,0.0,0.0,3.141592653589793,3.141592653589793,3.141592653589793,0.0,1.5707963267948966,0.0,3.141592653589793,1.5707963267948966,0.0,3.141592653589793,0.0,0.0,4.71238898038469,3.141592653589793,1.5707963267948966,3.141592653589793,4.81056375080937
0.0,0.0,0.0,0.0,0.0,0.0,0.0,3.043417883165112,3.141592653589793,3.141592653589793,0.0,1.5707963267948966,0.0,3.141592653589793,1.5707963267948966,0.0,3.141592653589793,0.0,0.0,4.71238898038469,3.141592653589793,1.5707963267948966,3.141592653589793,4.71238898038469
0.0,0.0,0.0,0.0,0.0,0.0,0.0,3.141592653589793,3.043417883165112,3.141592653589793,0.0,1.5707963267948966,0.0,3.141592653589793,1.5707963267948966,0.0,3.141592653589793,0.0,0.0,4.71238898038469,3.141592653589793,1.5707963267948966,3.141592653589793,4.71238898038469
0.0,0.0,0.0,0.0,0.0,0.0,0.0,3.141592653589793,3.141592653589793,3.043417883165112,0.0,1.5707963267948966,0.0,3.141592653589793,1.5707963267948966,0.0,3.141592653589793,0.0,0.0,4.71238898038469,3.141592653589793,1.5707963267948966,3.141592653589793,4.71238898038469
0.0,0.0,0.0,0.0,0.0,0.0,0.0,3.141592653589793,3.141592653589793,3.141592653589793,0.0,1.4726215563702154,0.0,3.141592653589793,1.5707963267948966,0.0,3.141592653589793,0.0,0.0,4.71238898038469,3.141592653589793,1.5707963267948966,3.141592653589793,4.71238898038469
0.0,0.0,0.0,0.0,0.0,0.0,0.0,3.141592653589793,3.141592653589793,3.141592653589793,0.0,1.5707963267948966,0.0,3.043417883165112,1.5707963267948966,0.0,3.141592653589793,0.0,0.0,4.71238898038469,3.141592653589793,1.5707963267948966,3.141592653589793,4.71238898038469
0.0,0.0,0.0,0.0,0.0,0.0,0.0,3.141592653589793,3.141592653589793,3.141592653589793,0.0,1.5707963267948966,0.0,3.141592653589793,1.4726215563702154,0.0,3.141592653589793,0.0,0.0,4.71238898038469,3.141592653589793,1.5707963267948966,3.141592653589793,4.71238898038469
0.0,0.0,0.0,0.0,0.0,0.0,0.0,3.141592653589793,3.141592653589793,3.141592653589793,0.0,1.5707963267948966,0.0,3.141592653589793,1.5707963267948966,0.0,3.043417883165112,0.0,0.0,4.71238898038469,3.141592653589793,1.5707963267948966,3.141592653589793,4.71238898038469
0.0,0.0,0.0,0.0,0.0,0.0,0.0,3.141592653589793,3.141592653589793,3.141592653589793,0.0,1.5707963267948966,0.0,3.141592653589793,1.5707963267948966,0.0,3.141592653589793,0.0,0.0,4.614214209960009,3.141592653589793,1.5707963267948966,3.141592653589793,4.71238898038469
0.0,0.0,0.0,0.0,0.0,0.0,0.0,3.141592653589793,3.141592653589793,3.141592653589793,0.0,1.5707963267948966,0.0,3.141592653589793,1.5707963267948966,0.0,3.141592653589793,0.0,0.0,4.71238898038469,3.043417883165112,1.5707963267948966,3.141592653589793,4.71238898038469
0.0,0.0,0.0,0.0,0.0,0.0,0.0,3.141592653589793,3.141592653589793,3.141592653589793,0.0,1.5707963267948966,0.0,3.141592653589793,1.5707963267948966,0.0,3.141592653589793,0.0,0.0,4.71238898038469,3.141592653589793,1.4726215563702154,3.141592653589793,4.71238898038469
0.0,0.0,0.0,0.0,0.0,0.0,0.0,3.141592653589793,3.141592653589793,3.141592653589793,0.0,1.5707963267948966,0.0,3.141592653589793,1.5707963267948966,0.0,3.141592653589793,0.0,0.0,4.71238898038469,3.141592653589793,1.5707963267948966,3.043417883165112,4.71238898038469
0.0,0.0,0.0,0.0,0.0,0.0,0.0,3.141592653589793,3.141592653589793,3.141592653589793,0.0,1.5707963267948966,0.0,3.141592653589793,1.5707963267948966,0.0,3.141592653589793,0.0,0.0,4.71238898038469,3.141592653589793,1.5707963267948966,3.141592653589793,4.614214209960009
0.04908738521234052,0.0,0.0,0.0,0.0,0.0,0.0,3.141592653589793,3.141592653589793,3.141592653589793,0.0,1.5707963267948966,0.0,3.141592653589793,1.5707963267948966,0.0,3.141592653589793,0.0,0.0,4.71238898038469,3.141592653589793,1.5707963267948966,3.141592653589793,4.71238898038469
0.0,0.04908738521234052,0.0,0.0,0.0,0.0,0.0,3.141592653589793,3.141592653589793,3.141592653589793,0.0,1.5707963267948966,0.0,3.141592653589793,1.5707963267948966,0.0,3.141592653589793,0.0,0.0,4.71238898038469,3.141592653589793,1.5707963267948966,3.141592653589793,4.71238898038469
0.0,0.0,0.04908738521234052,0.0,0.0,0.0,0.0,3.141592653589793,3.141592653589793,3.141592653589793,0.0,1.5707963267948966,0.0,3.141592653589793,1.5707963267948966,0.0,3.141592653589793,0.0,0.0,4.71238898038469,3.141592653589793,1.5707963267948966,3.141592653589793,4.71238898038469
0.0,0.0,0.0,0.04908738521234052,0.0,0.0,0.0,3.141592653589793,3.141592653589793,3.141592653589793,0.0,1.5707963267948966,0.0,3.141592653589793,1.5707963267948966,0.0,3.141592653589793,0.0,0.0,4.71238898038469,3.141592653589793,1.5707963267948966,3.141592653589793,4.71238898038469
0.0,0.0,0.0,0.0,0.04908738521234052,0.0,0.0,3.141592653589793,3.141592653589793,3.141592653589793,0.0,1.5707963267948966,0.0,3.141592653589793,1.5707963267948966,0.0,3.141592653589793,0.0,0.0,4.71238898038469,3.141592653589793,1.5707963267948966,3.141592653589793,4.71238898038469
0.0,0.0,0.0,0.0,0.0,0.04908738521234052,0.0,3.141592653589793,3.141592653589793,3.141592653589793,0.0,1.5707963267948966,0.0,3.141592653589793,1.5707963267948966,0.0,3.141592653589793,0.0,0.0,4.71238898038469,3.141592653589793,1.5707963267948966,3.141592653589793,4.71238898038469
0.0,0.0,0.0,0.0,0.0,0.0,0.04908738521234052,3.141592653589793,3.141592653589793,3.141592653589793,0.0,1.5707963267948966,0.0,3.141592653589793,1.5707963267948966,0.0,3.141592653589793,0.0,0.0,4.71238898038469,3.141592653589793,1.5707963267948966,3.141592653589793,4.71238898038469
0.0,0.0,0.0,0.0,0.0,0.0,0.0,3.1906800388021335,3.141592653589793,3.141592653589793,0.0,1.5707963267948966,0.0,3.141592653589793,1.5707963267948966,0.0,3.141592653589793,0.0,0.0,4.71238898038469,3.141592653589793,1.5707963267948966,3.141592653589793,4.71238898038469
0.0,0.0,0.0,0.0,0.0,0.0,0.0,3.141592653589793,3.1906800388021335,3.141592653589793,0.0,1.5707963267948966,0.0,3.141592653589793,1.5707963267948966,0.0,3.141592653589793,0.0,0.0,4.71238898038469,3.141592653589793,1.5707963267948966,3.141592653589793,4.71238898038469
0.0,0.0,0.0,0.0,0.0,0.0,0.0,3.141592653589793,3.141592653589793,3.1906800388021335,0.0,1.5707963267948966,0.0,3.141592653589793,1.5707963267948966,0.0,3.141592653589793,0.0,0.0,4.71238898038469,3.141592653589793,1.5707963267948966,3.141592653589793,4.71238898038469
0.0,0.0,0.0,0.0,0.0,0.0,0.0,3.141592653589793,3.141592653589793,3.141592653589793,0.04908738521234052,1.5707963267948966,0.0,3.141592653589793,1.5707963267948966,0.0,3.141592653589793,0.0,0.0,4.71238898038469,3.141592653589793,1.5707963267948966,3.141592653589793,4.71238898038469
0.0,0.0,0.0,0.0,0.0,0.0,0.0,3.141592653589793,3.141592653589793,3.141592653589793,0.0,1.6198837120072371,0.0,3.141592653589793,1.5707963267948966,0.0,3.141592653589793,0.0,0.0,4.71238898038469,3.141592653589793,1.5707963267948966,3.141592653589793,4.71238898038469
0.0,0.0,0.0,0.0,0.0,0.0,0.0,3.141592653589793,3.141592653589793,3.141592653589793,0.0,1.5707963267948966,0.04908738521234052,3.141592653589793,1.5707963267948966,0.0,3.141592653589793,0.0,0.0,4.71238898038469,3.141592653589793,1.5707963267948966,3.141592653589793,4.71238898038469
0.0,0.0,0.0,0.0,0.0,0.0,0.0,3.141592653589793,3.141592653589793,3.141592653589793,0.0,1.5707963267948966,0.0,3.1906800388021335,1.5707963267948966,0.0,3.141592653589793,0.0,0.0,4.71238898038469,3.141592653589793,1.5707963267948966,3.141592653589793,4.71238898038469
0.0,0.0,0.0,0.0,0.0,0.0,0.0,3.141592653589793,3.141592653589793,3.141592653589793,0.0,1.5707963267948966,0.0,3.141592653589793,1.6198837120072371,0.0,3.141592653589793,0.0,0.0,4.71238898038469,3.141592653589793,1.5707963267948966,3.141592653589793,4.71238898038469
0.0,0.0,0.0,0.0,0.0,0.0,0.0,3.141592653589793,3.141592653589793,3.141592653589793,0.0,1.5707963267948966,0.0,3.141592653589793,1.5707963267948966,0.04908738521234052,3.141592653589793,0.0,0.0,4.71238898038469,3.141592653589793,1.5707963267948966,3.141592653589793,4.71238898038469
0.0,0.0,0.0,0.0,0.0,0.0,0.0,3.141592653589793,3.141592653589793,3.141592653589793,0.0,1.5707963267948966,0.0,3.141592653589793,1.5707963267948966,0.0,3.1906800388021335,0.0,0.0,4.71238898038469,3.141592653589793,1.5707963267948966,3.141592653589793,4.71238898038469
0.0,0.0,0.0,0.0,0.0,0.0,0.0,3.141592653589793,3.141592653589793,3.141592653589793,0.0,1.5707963267948966,0.0,3.141592653589793,1.5707963267948966,0.0,3.141592653589793,0.04908738521234052,0.0,4.71238898038469,3.141592653589793,1.5707963267948966,3.141592653589793,4.71238898038469
0.0,0.0,0.0,0.0,0.0,0.0,0.0,3.141592653589793,3.141592653589793,3.141592653589793,0.0,1.5707963267948966,0.0,3.141592653589793,1.5707963267948966,0.0,3.141592653589793,0.0,0.04908738521234052,4.71238898038469,3.141592653589793,1.5707963267948966,3.141592653589793,4.71238898038469
0.0,0.0,0.0,0.0,0.0,0.0,0.0,3.141592653589793,3.141592653589793,3.141592653589793,0.0,1.5707963267948966,0.0,3.141592653589793,1.5707963267948966,0.0,3.141592653589793,0.0,0.0,4.76147636559703,3.141592653589793,1.5707963267948966,3.141592653589793,4.71238898038469
0.0,0.0,0.0,0.0,0.0,0.0,0.0,3.141592653589793,3.141592653589793,3.141592653589793,0.0,1.5707963267948966,0.0,3.141592653589793,1.5707963267948966,0.0,3.141592653589793,0.0,0.0,4.71238898038469,3.1906800388021335,1.5707963267948966,3.141592653589793,4.71238898038469
0.0,0.0,0.0,0.0,0.0,0.0,0.0,3.141592653589793,3.141592653589793,3.141592653589793,0.0,1.5707963267948966,0.0,3.141592653589793,1.5707963267948966,0.0,3.141592653589793,0.0,0.0,4.71238898038469,3.141592653589793,1.6198837120072371,3.141592653589793,4.71238898038469
0.0,0.0,0.0,0.0,0.0,0.0,0.0,3.141592653589793,3.141592653589793,3.141592653589793,0.0,1.5707963267948966,0.0,3.141592653589793,1.5707963267948966,0.0,3.141592653589793,0.0,0.0,4.71238898038469,3.141592653589793,1.5707963267948966,3.1906800388021335,4.71238898038469
0.0,0.0,0.0,0.0,0.0,0.0,0.0,3.141592653589793,3.141592653589793,3.141592653589793,0.0,1.5707963267948966,0.0,3.141592653589793,1.5707963267948966,0.0,3.141592653589793,0.0,0.0,4.71238898038469,3.141592653589793,1.5707963267948966,3.141592653589793,4.76147636559703
0.0,0.0,0.0,0.0,0.0,0.0,0.0,3.0925052683774528,3.141592653589793,3.141592653589793,0.0,1.5707963267948966,0.0,3.141592653589793,1.5707963267948966,0.0,3.141592653589793,0.0,0.0,4.71238898038469,3.141592653589793,1.5707963267948966,3.141592653589793,4.71238898038469
0.0,0.0,0.0,0.0,0.0,0.0,0.0,3.141592653589793,3.0925052683774528,3.141592653589793,0.0,1.5707963267948966,0.0,3.141592653589793,1.5707963267948966,0.0,3.141592653589793,0.0,0.0,4.71238898038469,3.141592653589793,1.5707963267948966,3.141592653589793,4.71238898038469
0.0,0.0,0.0,0.0,0.0,0.0,0.0,3.141592653589793,3.141592653589793,3.0925052683774528,0.0,1.5707963267948966,0.0,3.141592653589793,1.5707963267948966,0.0,3.141592653589793,0.0,0.0,4.71238898038469,3.141592653589793,1.5707963267948966,3.141592653589793,4.71238898038469
0.0,0.0,0.0,0.0,0.0,0.0,0.0,3.141592653589793,3.141592653589793,3.141592653589793,0.0,1.521708941582556,0.0,3.141592653589793,1.5707963267948966,0.0,3.141592653589793,0.0,0.0,4.71238898038469,3.141592653589793,1.5707963267948966,3.141592653589793,4.71238898038469
0.0,0.0,0.0,0.0,0.0,0.0,0.0,3.141592653589793,3.141592653589793,3.141592653589793,0.0,1.5707963267948966,0.0,3.0925052683774528,1.5707963267948966,0.0,3.141592653589793,0.0,0.0,4.71238898038469,3.141592653589793,1.5707963267948966,3.141592653589793,4.71238898038469
0.0,0.0,0.0,0.0,0.0,0.0,0.0,3.141592653589793,3.141592653589793,3.141592653589793,0.0,1.5707963267948966,0.0,3.141592653589793,1.521708941582556,0.0,3.141592653589793,0.0,0.0,4.71238898038469,3.141592653589793,1.5707963267948966,3.141592653589793,4.71238898038469
0.0,0.0,0.0,0.0,0.0,0.0,0.0,3.141592653589793,3.141592653589793,3.141592653589793,0.0,1.5707963267948966,0.0,3.141592653589793,1.5707963267948966,0.0,3.0925052683774528,0.0,0.0,4.71238898038469,3.141592653589793,1.5707963267948966,3.141592653589793,4.71238898038469
0.0,0.0,0.0,0.0,0.0,0.0,0.0,3.141592653589793,3.141592653589793,3.141592653589793,0.0,1.5707963267948966,0.0,3.141592653589793,1.5707963267948966,0.0,3.141592653589793,0.0,0.0,4.663301595172349,3.141592653589793,1.5707963267948966,3.141592653589793,4.71238898038469
0.0,0.0,0.0,0.0,0.0,0.0,0.0,3.141592653589793,3.141592653589793,3.141592653589793,0.0,1.5707963267948966,0.0,3.141592653589793,1.5707963267948966,0.0,3.141592653589793,0.0,0.0,4.71238898038469,3.0925052683774528,1.5707963267948966,3.141592653589793,4.71238898038469
0.0,0.0,0.0,0.0,0.0,0.0,0.0,3.141592653589793,3.141592653589793,3.141592653589793,0.0,1.5707963267948966,0.0,3.141592653589793,1.5707963267948966,0.0,3.141592653589793,0.0,0.0,4.71238898038469,3.141592653589793,1.521708941582556,3.141592653589793,4.71238898038469
0.0,0.0,0.0,0.0,0.0,0.0,0.0,3.141592653589793,3.141592653589793,3.141592653589793,0.0,1.5707963267948966,0.0,3.141592653589793,1.5707963267948966,0.0,3.141592653589793,0.0,0.0,4.71238898038469,3.141592653589793,1.5707963267948966,3.0925052683774528,4.71238898038469
0.0,0.0,0.0,0.0,0.0,0.0,0.0,3.141592653589793,3.141592653589793,3.141592653589793,0.0,1.5707963267948966,0.0,3.141592653589793,1.5707963267948966,0.0,3.141592653589793,0.0,0.0,4.71238898038469,3.141592653589793,1.5707963267948966,3.141592653589793,4.663301595172349
0.02454369260617026,0.0,0.0,0.0,0.0,0.0,0.0,3.141592653589793,3.141592653589793,3.141592653589793,0.0,1.5707963267948966,0.0,3.141592653589793,1.5707963267948966,0.0,3.141592653589793,0.0,0.0,4.71238898038469,3.141592653589793,1.5707963267948966,3.141592653589793,4.71238898038469
0.0,0.02454369260617026,0.0,0.0,0.0,0.0,0.0,3.141592653589793,3.141592653589793,3.141592653589793,0.0,1.5707963267948966,0.0,3.141592653589793,1.5707963267948966,0.0,3.141592653589793,0.0,0.0,4.71238898038469,3.141592653589793,1.5707963267948966,3.141592653589793,4.71238898038469
0.0,0.0,0.02454369260617026,0.0,0.0,0.0,0.0,3.141592653589793,3.141592653589793,3.141592653589793,0.0,1.5707963267948966,0.0,3.141592653589793,1.5707963267948966,0.0,3.141592653589793,0.0,0.0,4.71238898038469,3.141592653589793,1.5707963267948966,3.141592653589793,4.71238898038469
0.0,0.0,0.0,0.02454369260617026,0.0,0.0,0.0,3.141592653589793,3.141592653589793,3.141592653589793,0.0,1.5707963267948966,0.0,3.141592653589793,1.5707963267948966,0.0,3.141592653589793,0.0,0.0,4.71238898038469,3.141592653589793,1.5707963267948966,3.141592653589793,4.71238898038469
0.0,0.0,0.0,0.0,0.02454369260617026,0.0,0.0,3.141592653589793,3.141592653589793,3.141592653589793,0.0,1.5707963267948966,0.0,3.141592653589793,1.5707963267948966,0.0,3.141592653589793,0.0,0.0,4.71238898038469,3.141592653589793,1.5707963267948966,3.141592653589793,4.71238898038469
0.0,0.0,0.0,0.0,0.0,0.02454369260617026,0.0,3.141592653589793,3.141592653589793,3.141592653589793,0.0,1.5707963267948966,0.0,3.141592653589793,1.5707963267948966,0.0,3.141592653589793,0.0,0.0,4.71238898038469,3.141592653589793,1.5707963267948966,3.141592653589793,4.71238898038469
0.0,0.0,0.0,0.0,0.0,0.0,0.02454369260617026,3.141592653589793,3.141592653589793,3.141592653589793,0.0,1.5707963267948966,0.0,3.141592653589793,1.5707963267948966,0.0,3.141592653589793,0.0,0.0,4.71238898038469,3.141592653589793,1.5707963267948966,3.141592653589793,4.71238898038469
0.0,0.0,0.0,0.0,0.0,0.0,0.0,3.1661363461959633,3.141592653589793,3.141592653589793,0.0,1.5707963267948966,0.0,3.141592653589793,1.5707963267948966,0.0,3.141592653589793,0.0,0.0,4.71238898038469,3.141592653589793,1.5707963267948966,3.141592653589793,4.71238898038469
0.0,0.0,0.0,0.0,0.0,0.0,0.0,3.141592653589793,3.1661363461959633,3.141592653589793,0.0,1.5707963267948966,0.0,3.141592653589793,1.5707963267948966,0.0,3.141592653589793,0.0,0.0,4.71238898038469,3.141592653589793,1.5707963267948966,3.141592653589793,4.71238898038469
0.0,0.0,0.0,0.0,0.0,0.0,0.0,3.141592653589793,3.141592653589793,3.1661363461959633,0.0,1.5707963267948966,0.0,3.141592653589793,1.5707963267948966,0.0,3.141592653589793,0.0,0.0,4.71238898038469,3.141592653589793,1.5707963267948966,3.141592653589793,4.71238898038469
0.0,0.0,0.0,0.0,0.0,0.0,0.0,3.141592653589793,3.141592653589793,3.141592653589793,0.02454369260617026,1.5707963267948966,0.0,3.141592653589793,1.5707963267948966,0.0,3.141592653589793,0.0,0.0,4.71238898038469,3.141592653589793,1.5707963267948966,3.141592653589793,4.71238898038469
0.0,0.0,0.0,0.0,0.0,0.0,0.0,3.141592653589793,3.141592653589793,3.141592653589793,0.0,1.5953400194010667,0.0,3.141592653589793,1.5707963267948966,0.0,3.141592653589793,0.0,0.0,4.71238898038469,3.141592653589793,1.5707963267948966,3.141592653589793,4.71238898038469
0.0,0.0,0.0,0.0,0.0,0.0,0.0,3.141592653589793,3.141592653589793,3.141592653589793,0.0,1.5707963267948966,0.02454369260617026,3.141592653589793,1.5707963267948966,0.0,3.141592653589793,0.0,0.0,4.71238898038469,3.141592653589793,1.5707963267948966,3.141592653589793,4.71238898038469
0.0,0.0,0.0,0.0,0.0,0.0,0.0,3.141592653589793,3.141592653589793,3.141592653589793,0.0,1.5707963267948966,0.0,3.1661363461959633,1.5707963267948966,0.0,3.141592653589793,0.0,0.0,4.71238898038469,3.141592653589793,1.5707963267948966,3.141592653589793,4.71238898038469
0.0,0.0,0.0,0.0,0.0,0.0,0.0,3.141592653589793,3.141592653589793,3.141592653589793,0.0,1.5707963267948966,0.0,3.141592653589793,1.5953400194010667,0.0,3.141592653589793,0.0,0.0,4.71238898038469,3.141592653589793,1.5707963267948966,3.141592653589793,4.71238898038469
0.0,0.0,0.0,0.0,0.0,0.0,0.0,3.141592653589793,3.141592653589793,3.141592653589793,0.0,1.5707963267948966,0.0,3.141592653589793,1.5707963267948966,0.02454369260617026,3.141592653589793,0.0,0.0,4.71238898038469,3.141592653589793,1.5707963267948966,3.141592653589793,4.71238898038469
0.0,0.0,0.0,0.0,0.0,0.0,0.0,3.141592653589793,3.141592653589793,3.141592653589793,0.0,1.5707963267948966,0.0,3.141592653589793,1.5707963267948966,0.0,3.1661363461959633,0.0,0.0,4.71238898038469,3.141592653589793,1.5707963267948966,3.141592653589793,4.71238898038469
0.0,0.0,0.0,0.0,0.0,0.0,0.0,3.141592653589793,3.141592653589793,3.141592653589793,0.0,1.5707963267948966,0.0,3.141592653589793,1.5707963267948966,0.0,3.141592653589793,0.02454369260617026,0.0,4.71238898038469,3.141592653589793,1.5707963267948966,3.141592653589793,4.71238898038469
0.0,0.0,0.0,0.0,0.0,0.0,0.0,3.141592653589793,3.141592653589793,3.141592653589793,0.0,1.5707963267948966,0.0,3.141592653589793,1.5707963267948966,0.0,3.141592653589793,0.0,0.02454369260617026,4.71238898038469,3.141592653589793,1.5707963267948966,3.141592653589793,4.71238898038469
0.0,0.0,0.0,0.0,0.0,0.0,0.0,3.141592653589793,3.141592653589793,3.141592653589793,0.0,1.5707963267948966,0.0,3.141592653589793,1.5707963267948966,0.0,3.141592653589793,0.0,0.0,4.73693267299086,3.141592653589793,1.5707963267948966,3.141592653589793,4.71238898038469
0.0,0.0,0.0,0.0,0.0,0.0,0.0,3.141592653589793,3.141592653589793,3.141592653589793,0.0,1.5707963267948966,0.0,3.141592653589793,1.5707963267948966,0.0,3.141592653589793,0.0,0.0,4.71238898038469,3.1661363461959633,1.5707963267948966,3.141592653589793,4.71238898038469
0.0,0.0,0.0,0.0,0.0,0.0,0.0,3.141592653589793,3.141592653589793,3.141592653589793,0.0,1.5707963267948966,0.0,3.141592653589793,1.5707963267948966,0.0,3.141592653589793,0.0,0.0,4.71238898038469,3.141592653589793,1.5953400194010667,3.141592653589793,4.71238898038469
0.0,0.0,0.0,0.0,0.0,0.0,0.0,3.141592653589793,3.141592653589793,3.141592653589793,0.0,1.5707963267948966,0.0,3.141592653589793,1.5707963267948966,0.0,3.141592653589793,0.0,0.0,4.71238898038469,3.141592653589793,1.5707963267948966,3.1661363461959633,4.71238898038469
0.0,0.0,0.0,0.0,0.0,0.0,0.0,3.141592653589793,3.141592653589793,3.141592653589793,0.0,1.5707963267948966,0.0,3.141592653589793,1.5707963267948966,0.0,3.141592653589793,0.0,0.0,4.71238898038469,3.141592653589793,1.5707963267948966,3.141592653589793,4.73693267299086
0.0,0.0,0.0,0.0,0.0,0.0,0.0,3.117048960983623,3.141592653589793,3.141592653589793,0.0,1.5707963267948966,0.0,3.141592653589793,1.5707963267948966,0.0,3.141592653589793,0.0,0.0,4.71238898038469,3.141592653589793,1.5707963267948966,3.141592653589793,4.71238898038469
0.0,0.0,0.0,0.0,0.0,0.0,0.0,3.141592653589793,3.117048960983623,3.141592653589793,0.0,1.5707963267948966,0.0,3.141592653589793,1.5707963267948966,0.0,3.141592653589793,0.0,0.0,4.71238898038469,3.141592653589793,1.5707963267948966,3.141592653589793,4.71238898038469
0.0,0.0,0.0,0.0,0.0,0.0,0.0,3.141592653589793,3.141592653589793,3.117048960983623,0.0,1.5707963267948966,0.0,3.141592653589793,1.5707963267948966,0.0,3.141592653589793,0.0,0.0,4.71238898038469,3.141592653589793,1.5707963267948966,3.141592653589793,4.71238898038469
0.0,0.0,0.0,0.0,0.0,0.0,0.0,3.141592653589793,3.141592653589793,3.141592653589793,0.0,1.5462526341887264,0.0,3.141592653589793,1.5707963267948966,0.0,3.141592653589793,0.0,0.0,4.71238898038469,3.141592653589793,1.5707963267948966,3.141592653589793,4.71238898038469
0.0,0.0,0.0,0.0,0.0,0.0,0.0,3.141592653589793,3.141592653589793,3.141592653589793,0.0,1.5707963267948966,0.0,3.117048960983623,1.5707963267948966,0.0,3.141592653589793,0.0,0.0,4.71238898038469,3.141592653589793,1.5707963267948966,3.141592653589793,4.71238898038469
0.0,0.0,0.0,0.0,0.0,0.0,0.0,3.141592653589793,3.141592653589793,3.141592653589793,0.0,1.5707963267948966,0.0,3.141592653589793,1.5462526341887264,0.0,3.141592653589793,0.0,0.0,4.71238898038469,3.141592653589793,1.5707963267948966,3.141592653589793,4.71238898038469
0.0,0.0,0.0,0.0,0.0,0.0,0.0,3.141592653589793,3.141592653589793,3.141592653589793,0.0,1.5707963267948966,0.0,3.141592653589793,1.5707963267948966,0.0,3.117048960983623,0.0,0.0,4.71238898038469,3.141592653589793,1.5707963267948966,3.141592653589793,4.71238898038469
0.0,0.0,0.0,0.0,0.0,0.0,0.0,3.141592653589793,3.141592653589793,3.141592653589793,0.0,1.5707963267948966,0.0,3.141592653589793,1.5707963267948966,0.0,3.141592653589793,0.0,0.0,4.6878452877785195,3.141592653589793,1.5707963267948966,3.141592653589793,4.71238898038469
0.0,0.0,0.0,0.0,0.0,0.0,0.0,3.141592653589793,3.141592653589793,3.141592653589793,0.0,1.5707963267948966,0.0,3.141592653589793,1.5707963267948966,0.0,3.141592653589793,0.0,0.0,4.71238898038469,3.117048960983623,1.5707963267948966,3.141592653589793,4.71238898038469
0.0,0.0,0.0,0.0,0.0,0.0,0.0,3.141592653589793,3.141592653589793,3.141592653589793,0.0,1.5707963267948966,0.0,3.141592653589793,1.5707963267948966,0.0,3.141592653589793,0.0,0.0,4.71238898038469,3.141592653589793,1.5462526341887264,3.141592653589793,4.71238898038469
0.0,0.0,0.0,0.0,0.0,0.0,0.0,3.141592653589793,3.141592653589793,3.141592653589793,0.0,1.5707963267948966,0.0,3.141592653589793,1.5707963267948966,0.0,3.141592653589793,0.0,0.0,4.71238898038469,3.141592653589793,1.5707963267948966,3.117048960983623,4.71238898038469
0.0,0.0,0.0,0.0,0.0,0.0,0.0,3.141592653589793,3.141592653589793,3.141592653589793,0.0,1.5707963267948966,0.0,3.141592653589793,1.5707963267948966,0.0,3.141592653589793,0.0,0.0,4.71238898038469,3.141592653589793,1.5707963267948966,3.141592653589793,4.6878452877785195
