-1.4917644873002383
-1.026723575731772
-1.0218470791559584
-0.7467517990339958
-0.7275957726536071
-0.4284679695754421
-0.42846769230863535
-0.9047925951610377
-0.3709717835297384
-0.7587815691279653
-0.9164836827466315
-0.7275957726536071
-0.9999999999999998
-0.49571714877277356
-0.7155660025596376
-0.5511956885424196
-0.4284682468422484
-0.7084397462732183
-0.6689843636142736
-0.4284679695754423
-1.2674077077007924
-0.495884886702963
-0.7155660025596375
-1.0267235757317719
-0.4284679695754421
-0.7587821139643658
-1.0218470791559584
-0.4284676506886911
-0.09234061774529845
-0.7860398313086339
-0.6964099761792488
-1.7386880987803854
-1.2674077077007924
-0.07089589923457484
-1.2674077077007924
-0.43822068546026327
-0.07089649538813281
-0.8173935230036994
-0.7275957726536071
-0.433344466151256
-0.7396255427475765
-0.7860394437627515
-0.7396255427475765
-0.404408429387503
-0.7862071816929406
-0.6964094313428483
-1.0218470791559582
-0.4333441888844496
-0.4333441888844496
-0.6928732781107768
-0.7155660025596375
-0.7587821139643658
-0.433344466151256
-0.7396255427475765
-1.0218470791559582
-1.0267235757317719
-0.6964094313428483
-0.6377980223035149
-0.19302575758831453
-0.7396255427475765
-1.0218470791559582
-1.0218470791559582
-0.7467523438703965
-0.7587821139643659
-0.4284679695754421
-0.43334446615125577
-0.4284679695754421
-0.9091589313372294
-0.7396255427475765
-1.1512708679530346
-1.7333016504126249
-0.7275957726536071
-0.8172257850735104
-0.7275957726536071
-0.6964099761792488
-1.0218470791559582
-0.9095010765398561
-0.051544584379201286
-0.7275957726536071
-0.43334446615125577
-0.7155660025596376
-0.7275957726536071
-0.43334446615125577
-1.026723575731772
-0.7396255427475766
-0.7779381403447546
-0.08031405429932703
-0.37097178352973836
-0.693211096896001
-1.0218470791559582
-0.9999999999999998
-0.7275957726536071
-0.4214850444819157
-1.026723575731772
-0.7572695862967439
-0.4284679695754423
-0.7275957726536071
-0.7961273166212001
-0.43334446615125577
-0.7910833593820035
-0.421485640635473
-0.7587815691279653
-0.7275957726536071
-0.4284679695754423
-0.37097178352973836
-0.9091585437913469
-0.6689843636142736
-0.6377988860266663
-1.2452865604341794
-0.7396255427475766
-1.0218473564227646
-0.7587821139643659
-0.4284679695754423
-0.8173935230036994
-0.7587821139643658
-0.7275957726536071
-0.49588488670296255
-0.6843802060852793
-0.4284682468422484
-0.7396255427475765
-0.6689846825010246
-1.2674077077007924
-0.7813303662303761
-0.7550210663318313
-0.6255970515851056
-0.7626560346645046
-0.6964094313428484
-0.7275957726536071
-0.7275957726536071
-0.7275957726536071
-0.4333441888844495
-1.1442882201263145
-0.43334446615125577
-0.7910834010019479
-0.6567830053499818
-1.0218470791559584
-0.6964099761792488
-1.6152264660032811
-0.7275957726536071
-0.09234061774529878
-0.6689843636142736
-0.7275957726536071
-0.7587821139643658
-0.43334446615125577
-0.7275952278172064
-0.7813303662303757
-0.7899679104387242
-1.0218470791559584
-0.7275957726536071
-0.7155660025596376
-0.6377988860266663
-0.4284679695754421
-1.5025373840357599
-0.7396255427475765
-0.6689846825010246
-1.026723575731772
-0.7813309623839332
-0.7275957726536071
-0.8924234989665568
-1.026723575731772
-0.06828039234527938
-0.7275957726536071
-0.7084392014368177
-0.6964099761792488
-0.7275957726536071
-0.4284679695754421
-0.7743477600236004
-0.8924234989665569
-0.789967910438724
-0.7275957726536071
-0.433344466151256
-0.6964094313428483
-0.6379663050701043
-1.026723575731772
-0.7275957726536071
-0.7275957726536071
-1.021847079155958
-1.7386880987803852
-0.5079174589842088
-0.7275957726536071
-0.43334446615125577
-0.6691521015444626
-1.0218473564227646
-0.09234061774529845
-0.433344466151256
-0.7275957726536071
-1.026723575731772
-0.9999999999999999
-0.4044084293875031
-0.7084397462732184
-0.7550210663318313
-0.7275957726536071
-0.7275957726536071
-1.0218473564227648
-0.433344466151256
-0.4284679695754421
-1.026723575731772
-0.7587815691279653
-0.3711395214599274
-0.433344466151256
-1.615226466003281
-0.6964099761792488
-0.4284679695754421
-0.07560557292050851
-0.7001707049250324
-0.7275957726536071
-0.7155660025596376
-1.026723575731772
-0.6379663050701043
-1.026723575731772
-0.4284679695754421
-0.6964094313428484
-0.7155660025596375
-0.7275957726536071
-0.4284679695754421
-0.7275957726536071
-0.7984085399572326
-0.7275952278172064
-0.7275957726536071
-0.6379663050701043
-1.0218473564227646
-0.7623182671964372
-0.7001704789753829
-0.7275957726536071
-0.42846769230863535
-0.08031405429932703
-0.7275957726536071
-0.7587815691279653
-0.6255970515851055
-0.7275957726536071
-1.143946074923688
-0.7743480372904068
-0.433344466151256
-0.6808435080168074
-0.7862068628061896
-1.0267235757317719
-0.7396249979111761
-0.7587821139643658
-0.40440746690861673
-0.4284679695754423
-0.7862071816929406
-0.7860394853826962
-1.2623637920815407
-0.6964099761792488
-1.0267235757317719
-0.07560497676695133
-1.0218470791559582
-1.1389021593044364
-0.4333441888844495
-1.0218473564227646
-0.7275957726536071
-0.7275957726536071
-1.497150935667999
-0.370805176892295
-0.7275957726536071
-1.0218470791559584
-0.7587821139643659
-0.9999999999999998
-0.7396255427475766
-1.0218473564227646
-0.7275957726536071
-1.026723575731772
-0.7396255427475765
-0.7587815691279653
-0.7862068628061896
-0.4333441888844495
-0.9091589313372294
-1.0
-0.7155660025596375
-0.4284670070965556
-0.07560557292050851
-0.4284679695754421
-0.7191549858445808
-0.9047919990074804
-0.7587815691279653
-0.7813303662303757
-0.7275957726536071
-0.7275957726536071
-0.4284679695754421
-0.7396260875839772
-1.7333016504126249
-1.4917648332261764
-0.7275957726536071
-1.2623637920815407
-0.7396255427475765
-1.127211030098898
-0.4333441888844496
-1.0218470791559582
-0.6964099761792488
-0.7587821139643658
-0.7275957726536071
-0.6843796612488787
-0.6964094313428483
-1.0218470791559582
-0.3709717835297384
-0.4333441888844496
-0.1809891531473774
-0.5944103227284642
-0.7084397462732183
-0.09966579832052713
-0.37097178352973803
-0.6377980223035148
-0.8172252402371099
-1.0218470791559582
-0.7155660025596376
-1.0218470791559584
-0.6928732781107769
-0.7396255427475766
-0.4284679695754421
-1.0267235757317719
-0.7396255427475765
-0.5079174589842088
-0.9999999999999998
-0.6377988860266663
-0.7587815691279653
-0.4284679695754421
-0.09234061774529845
-0.7779381403447546
-0.4284679695754423
-0.7155660025596375
-0.7467517990339958
-0.7626572269716194
-1.7386880987803854
-0.7155660025596375
-0.7275957726536071
-1.1442882201263145
-0.7003378980188208
-0.09234061774529845
-0.7155660025596376
-0.7587821139643658
-0.7743480372904068
-1.2623637920815407
-0.7275957726536071
-1.026723575731772
-0.43822068546026327
-0.7275957726536071
-0.7275957726536071
-0.7275957726536071
-0.42846824684224827
-0.4214850444819157
-0.40440842938750327
-1.1389021176844916
-0.7860398313086339
-0.6964099761792488
-1.0267235757317719
-0.6691521015444626
-0.4455458660354923
-0.7863778073843763
-0.7863778073843762
-0.05154534752048898
-0.38034831426656
-0.7587821139643659
-0.495715781833166
-0.7587821139643658
-0.6964094313428484
-0.4044084293875031
-0.7396255427475765
-0.45252750976338135
-1.2674077077007924
-0.7275957726536071
-0.7275957726536071
-1.0218473564227646
-0.6928732781107769
-0.7275957726536071
-0.7275957726536071
-0.4284679695754423
-0.7275957726536071
-1.0218470791559584
-0.9999999999999999
-0.7275957726536071
-0.6379663050701043
-0.6689843636142736
-1.615226466003281
-0.6964094313428484
-0.7275957726536071
-0.613567281491136
-1.026723575731772
-0.49571714877277356
-1.0218470791559584
-1.026723575731772
-0.7275957726536071
-0.6964094313428483
-0.4044084293875031
-0.7862068628061896
-0.7862071816929406
-0.4044074669086165
-0.7155660025596375
-0.7396249979111761
-0.7275963174900077
-0.7275957726536071
-0.7275957726536071
-1.0267235757317719
-0.4284676923086359
-0.4214856406354732
-0.8295943364315906
-0.7550208403821818
-0.433344466151256
-0.42846769230863535
-0.7275957726536071
-0.7587815691279653
-0.7275957726536071
-0.37097178352973803
-0.4333441888844495
-0.7275963174900077
-1.026723575731772
-0.7587815691279653
-0.48351617805436425
-0.7275957726536071
-0.4284679695754423
-0.7396255427475766
-0.7587815691279653
-0.7587821139643659
-0.7743480372904068
-0.6808435080168074
-0.07089649538813281
-0.433344466151256
-0.6808435080168074
-0.3709717835297384
-0.4284679695754423
-0.4284679695754421
-0.7275957726536071
-0.7275957726536071
-1.0218470791559582
-0.7275957726536071
-1.0218470791559584
-0.43334446615125577
-1.0218470791559582
-0.6255970515851056
-0.4284682468422484
-0.7275957726536071
-0.42846739464243827
-1.1272104339453404
-0.7275957726536071
-0.42846769230863535
-0.7275957726536071
-0.4284682884621933
-0.7860394437627514
-1.0218470791559582
-0.7862071816929406
-0.8172257850735103
-1.0218470791559584
-0.7708113392219348
-0.8924232903588818
-0.6689846825010246
-0.7984085399572322
-0.075604976766951
-0.7155660025596376
-1.0218473564227646
-0.433344466151256
-0.9999999999999998
-1.2693463982883162
-0.0897172492066397
-0.6928732781107768
-1.4917648332261764
-0.43334446615125577
-0.7860394437627515
-0.37097259593573295
-0.44520333328698325
-0.8172252402371099
-1.4917648332261764
-0.42846824684224827
-0.7860394437627514
-1.0218473564227648
-0.7961273166212001
-0.7860394021428069
-0.5511947561601365
-0.4284676923086359
-0.7587821139643658
-0.7587815691279653
-1.0218470791559584
-0.44520329166703876
-0.6964094313428483
-0.4382206854602636
-0.7587821139643659
-0.9999999999999997
-0.42846824684224827
-0.7910834010019479
-0.42846769230863535
-0.49571714877277356
-1.1389021593044364
-0.9095010765398561
-0.7275957726536071
-0.4333441888844496
-0.7862068628061896
-0.433344466151256
-0.7275957726536071
-0.07560497676695133
-0.7813303662303757
-1.127211030098898
-0.7587815691279653
-1.0267235757317719
-1.0218470791559584
-0.7275957726536071
-0.791083359382003
-0.4284679695754421
-0.4284679695754421
-1.0218470791559582
-0.6928732781107769
-0.37097178352973803
-0.7275957726536071
-0.6843796612488787
-1.026723575731772
-1.0267235757317719
-0.7860394021428069
-0.7275957726536071
-0.7155660025596376
-1.2623637920815407
-0.08031405429932703
-1.615226466003281
-1.7386880987803852
-0.7961273166211995
-1.7386880987803852
-0.7275957726536071
-0.791083359382003
-0.9095010765398561
-1.2623637920815407
-0.9095010765398561
-1.026723575731772
-0.7275957726536071
-0.916483724366576
-1.4917648332261766
-0.9988067494091295
-1.7386880987803852
-1.7386880987803852
-1.7386880987803852
-1.5025373840357603
-0.4284676923086359
-0.7860394853826962
-1.7333016504126246
-1.7386880987803852
-1.7386880987803852
-1.5025373840357603
-1.0267235757317719
-1.7386880987803852
-1.4971512815939372
-1.7386880987803852
-1.7386880987803852
-1.7386880987803852
-1.2623637504615959
-1.7386880987803852
-1.7386880987803852
-0.6808435080168074
-0.9999999999999996
-1.7386880987803852
-0.7910833593820035
-1.7386880987803852
-1.7386880987803852
-1.7386880987803852
-1.7386880987803852
-1.7386880987803852
-1.5025373840357603
-1.7333016504126246
-1.4917648332261766
-0.4333441888844496
-1.7386880987803852
-1.7386880987803852
-1.615226466003281
-1.0218473564227646
-0.4957171487727735
-1.7386880987803852
-1.615226466003281
-1.4917648332261766
-1.2623637920815407
-1.7386880987803852
-1.7386880987803852
-1.7386880987803852
-1.0218470791559582
-1.7386880987803852
-1.026723575731772
-0.7860394437627514
-0.7743480372904068
-1.615226466003281
-0.7860394853826959
-0.7860394437627514
-0.4284676923086359
-1.7386880987803854
-0.7984085399572322
-1.7386880987803852
-1.7386880987803854
-1.026723575731772
-0.7396249979111761
-1.7386880987803854
-0.7275957726536071
-0.7910833593820035
-1.0218470791559582
-0.7984085399572322
-0.4284679695754421
-1.026723575731772
-1.0218470791559582
-1.5025373840357603
-1.6152264660032811
-1.615226466003281
-1.7386880987803854
-0.7275957726536071
-1.6152264660032811
-1.6152264660032811
-1.5025373840357603
-1.974838813525011
-1.7386880987803852
-1.7386880987803852
-1.7386880987803854
-1.262363750461596
-1.5025373840357603
-1.4917651791521143
-1.4917644873002383
-1.7333016504126249
-1.974838813525011
-1.974838813525011
-1.5025373840357603
-0.7743483145572132
-1.7333016504126246
-0.43334446615125577
-1.2693463982883162
-0.7860394853826962
-1.4917648332261766
-0.7984085399572326
-1.974838813525011
-0.9047919990074804
-1.615226466003281
-0.7863778073843762
-1.7333016504126246
-1.974838813525011
-1.7333019963385625
-0.4284676923086359
-0.6808435080168074
-1.7333016504126249
-1.7333019963385625
-1.974838813525011
-1.7333016504126249
-0.8053911461640078
-0.495715781833166
-1.2623637920815407
-1.974838813525011
-1.4917644873002383
-1.7333016504126246
-1.2623637920815407
-0.8053911461640074
-1.615226466003281
-1.269346398288316
-1.4917644873002383
-1.7333016504126249
-1.4917644873002383
-1.974838813525011
-1.974838813525011
-1.491765179152114
-0.4284679695754421
-1.026723575731772
-1.7333016504126246
-0.4333441888844495
-1.7386880987803852
-1.7333016504126246
-1.0218470791559584
-1.615226466003281
-1.7386880987803852
-1.7333019963385625
-1.615226466003281
-1.5025373840357603
-1.7333016504126246
-1.974838813525011
-1.7386880987803852
-1.974838813525011
-1.7333019963385625
-0.08031405429932703
-0.43822068546026327
-1.7333019963385625
-1.974838813525011
-1.7386880987803854
-1.974838813525011
-1.7333016504126246
-1.615226466003281
-1.4917644873002387
-1.026723575731772
-0.7275957726536071
-1.974838813525011
-1.4917644873002383
-1.7333016504126249
-1.974838813525011
-1.4917644873002383
-1.615226466003281
-0.4284679695754421
-1.2623637920815407
-1.974838813525011
-1.7333016504126246
-1.974838813525011
-1.0267235757317719
-1.974838813525011
-0.4284679695754421
-1.245285618354684
-1.7333016504126246
-1.7386880987803852
-1.7333016504126246
-1.974838813525011
-1.7386880987803852
-1.615226466003281
-1.974838813525011
-1.7333016504126246
-1.974838813525011
-1.7333016504126249
-1.0218470791559584
-1.026723575731772
-0.7572695862967436
-1.7386880987803852
-1.974838813525011
-1.974838813525011
-1.7333016504126246
-1.974838813525011
-1.7333016504126249
-1.974838813525011
-1.4971512815939372
-1.7333016504126249
-1.245285618354684
-0.07089589923457484
-1.615226466003281
-0.022774685293248997
-1.7386880987803852
-1.974838813525011
-1.974838813525011
-0.7914259337504569
-1.974838813525011
-1.491765179152114
-1.615226466003281
-1.269346398288316
-1.974838813525011
-1.7333016504126246
-1.7386880987803852
-0.99880674940913
-1.4917644873002383
-1.0275766484950823
-0.7275957726536071
-1.974838813525011
-1.974838813525011
-1.5025373840357603
-1.974838813525011
-1.491765179152114
-1.5025373840357603
-0.43822068546026327
-0.6531938647745207
-1.974838813525011
-0.6567833928958643
-1.615226466003281
-1.245285618354684
-1.7386880987803852
-1.615226466003281
-0.7275957726536071
-1.7333016504126246
-0.7860394853826959
-1.615226466003281
-1.7386880987803852
-1.7386880987803852
-1.7333019963385625
-1.974838813525011
-1.974838813525011
-0.8173926592805478
-1.974838813525011
-1.974838813525011
-1.974838813525011
-1.7333016504126246
-1.974838813525011
-1.974838813525011
-1.974838813525011
-1.974838813525011
-1.491765179152114
-1.974838813525011
-1.7333016504126246
-1.615226466003281
-1.2693463982883162
-1.7333016504126246
-1.0218470791559584
-1.5025373840357603
-1.974838813525011
-1.974838813525011
-1.7333019963385625
-1.491765179152114
-1.974838813525011
-0.6689843636142736
-1.974838813525011
-1.7333016504126246
-1.974838813525011
-1.974838813525011
-1.974838813525011
-1.7386880987803852
-1.4917651791521143
-1.974838813525011
-1.974838813525011
-1.974838813525011
-1.974838813525011
-1.7386880987803852
-1.4971512815939372
-0.43334446615125577
-1.974838813525011
-1.7333016504126249
-1.974838813525011
-1.615226466003281
-1.974838813525011
-0.08031448346515357
-0.7860394437627518
-1.4917644873002383
-0.051545347520489115
-1.974838813525011
-1.974838813525011
-0.42846824684224827
-1.7333016504126246
-1.974838813525011
-1.974838813525011
-1.7333016504126246
-1.7386880987803854
-0.7813309623839333
-1.7386880987803852
-1.7386880987803854
-1.5025373840357603
-0.43822068546026327
-0.99880674940913
-1.7333019963385625
-1.974838813525011
-1.7386880987803854
-1.974838813525011
-1.974838813525011
-1.5025373840357603
-1.974838813525011
-0.7275957726536071
-1.4917644873002383
-1.974838813525011
-1.7386880987803852
-1.7333019963385625
-1.974838813525011
-1.974838813525011
-1.974838813525011
-1.974838813525011
-1.974838813525011
-1.974838813525011
-1.974838813525011
-1.974838813525011
-1.7333016504126246
-1.7386880987803854
-1.7333016504126246
-1.974838813525011
-1.974838813525011
-1.7386880987803852
-1.4917648332261766
-0.6379663050701043
-1.2623637920815407
-1.974838813525011
-1.7333016504126246
-1.7333016504126246
-1.7333019963385625
-1.7386880987803852
-1.974838813525011
-1.974838813525011
-1.4917644873002387
-0.7961273166211995
-1.7386880987803852
-1.7333019963385625
-1.4917644873002383
-1.615226466003281
-1.7386880987803852
-1.7333019963385625
-1.7333016504126246
-1.974838813525011
-1.974838813525011
-1.2623637504615959
-1.0218470791559582
-1.7333019963385625
-1.7386880987803852
-1.974838813525011
-1.974838813525011
-1.4917644873002383
-1.7333016504126246
-1.7386880987803852
-0.9999999999999998
-0.43334446615125577
-0.9091589313372296
-1.7333019963385625
-1.7386880987803852
-0.6964094313428483
-1.1442882201263145
-1.974838813525011
-0.7001707049250324
-1.974838813525011
-1.615226466003281
-1.4917648332261766
-0.6689843636142736
-1.2623637504615959
-1.615226466003281
-1.7386880987803852
-1.7333019963385625
-1.974838813525011
-1.7386880987803854
-1.7333016504126246
-1.0218473564227646
-1.7386880987803852
-1.4971509356679993
-1.7386880987803852
-1.0275766484950823
-1.7333016504126249
-1.974838813525011
-0.4333441888844496
-1.7333016504126246
-0.6964099761792488
-0.7587815691279653
-1.974838813525011
-0.7587821139643658
-1.974838813525011
-1.974838813525011
-1.974838813525011
-1.974838813525011
-1.974838813525011
-1.974838813525011
-1.974838813525011
-1.974838813525011
-1.974838813525011
-1.974838813525011
-0.7743483145572131
-1.974838813525011
-1.615226466003281
-0.9047919990074802
-1.7386880987803852
-1.615226466003281
-1.974838813525011
-1.974838813525011
-1.615226466003281
-0.7587815691279653
-1.7386880987803852
-0.7155660025596376
-0.7155660025596376
-1.974838813525011
-1.2693463982883162
-1.615226466003281
-1.4917648332261766
-1.4971512815939372
-1.974838813525011
-0.4333441888844496
-0.7743483145572132
-1.615226466003281
-1.4917648332261766
-1.0218473564227646
-0.37097178352973803
-0.07089589923457562
-0.7275957726536071
-1.974838813525011
-1.615226466003281
-0.7860394021428065
-1.974838813525011
-0.08031448346515357
-1.974838813525011
-0.4284679695754423
-1.974838813525011
-1.974838813525011
-0.9999999999999998
-0.7910833593820035
-1.974838813525011
-1.7386880987803852
-1.974838813525011
-1.7386880987803852
-0.99880674940913
-0.8173926592805478
-1.974838813525011
-0.9047919990074804
-1.974838813525011
-1.974838813525011
-1.0267235757317719
-0.7743483145572132
-0.7467523438703965
-1.4917644873002383
-1.974838813525011
-1.615226466003281
-1.4917644873002383
-1.615226466003281
-0.7396260875839771
-1.974838813525011
-1.7333016504126246
-1.7333016504126246
-1.7386880987803852
-1.974838813525011
-1.4971512815939372
-1.7333016504126246
-0.6964099761792488
-1.7386880987803854
-1.974838813525011
-1.974838813525011
-0.051545347520489115
-0.08501586633589664
-1.615226466003281
-0.7907412141793769
-1.7386880987803852
-1.974838813525011
-1.0218473564227646
-1.2674077077007924
-0.7910833593820035
-0.7860394437627516
-1.974838813525011
-0.7984085399572326
-1.974838813525011
-1.4971509356679993
-1.4971512815939372
-1.974838813525011
-1.5025373840357603
-0.9999999999999998
-1.7386880987803852
-1.974838813525011
-0.7572695862967439
