0.0,0.0,0.0,0.0,0.0,0.0,0.0,0.0,0.0,0.0,0.0,0.0
3.141592653589793,0.0,0.0,0.0,0.0,0.0,0.0,0.0,0.0,0.0,0.0,0.0
0.0,3.141592653589793,0.0,0.0,0.0,0.0,0.0,0.0,0.0,0.0,0.0,0.0
0.0,0.0,3.141592653589793,0.0,0.0,0.0,0.0,0.0,0.0,0.0,0.0,0.0
0.0,0.0,0.0,3.141592653589793,0.0,0.0,0.0,0.0,0.0,0.0,0.0,0.0
0.0,0.0,0.0,0.0,3.141592653589793,0.0,0.0,0.0,0.0,0.0,0.0,0.0
0.0,0.0,0.0,0.0,0.0,3.141592653589793,0.0,0.0,0.0,0.0,0.0,0.0
0.0,0.0,0.0,0.0,0.0,0.0,3.141592653589793,0.0,0.0,0.0,0.0,0.0
0.0,0.0,0.0,0.0,0.0,0.0,0.0,3.141592653589793,0.0,0.0,0.0,0.0
0.0,0.0,0.0,0.0,0.0,0.0,0.0,0.0,3.141592653589793,0.0,0.0,0.0
0.0,0.0,0.0,0.0,0.0,0.0,0.0,0.0,0.0,3.141592653589793,0.0,0.0
0.0,0.0,0.0,0.0,0.0,0.0,0.0,0.0,0.0,0.0,3.141592653589793,0.0
0.0,0.0,0.0,0.0,0.0,0.0,0.0,0.0,0.0,0.0,0.0,3.141592653589793
0.0,0.0,0.01773051802455462,0.0,0.0,0.0,0.0,0.05237457199899913,0.0,0.0,0.0,0.01537101812722977
0.0,0.0,0.00886525901227731,0.0,0.0,0.0,0.0,0.026187285999499564,0.0,0.0,0.0,0.007685509063614885
0.0,0.0,0.004432629506138655,0.0,0.0,0.0,0.0,0.013093642999749782,0.0,0.0,0.0,0.0038427545318074426
0.0,0.0,0.0022163147530693274,0.0,0.0,0.0,0.0,0.006546821499874891,0.0,0.0,0.0,0.0019213772659037213
3.141592653589793,0.0,0.0,0.0,0.0,0.0,0.0,0.0,0.0,0.0,0.0,0.0
0.0,3.141592653589793,0.0,0.0,0.0,0.0,0.0,0.0,0.0,0.0,0.0,0.0
0.0,0.0,3.141592653589793,0.0,0.0,0.0,0.0,0.0,0.0,0.0,0.0,0.0
0.0,0.0,0.0,3.141592653589793,0.0,0.0,0.0,0.0,0.0,0.0,0.0,0.0
0.0,0.0,0.0,0.0,3.141592653589793,0.0,0.0,0.0,0.0,0.0,0.0,0.0
0.0,0.0,0.0,0.0,0.0,3.141592653589793,0.0,0.0,0.0,0.0,0.0,0.0
0.0,0.0,0.0,0.0,0.0,0.0,3.141592653589793,0.0,0.0,0.0,0.0,0.0
0.0,0.0,0.0,0.0,0.0,0.0,0.0,3.141592653589793,0.0,0.0,0.0,0.0
0.0,0.0,0.0,0.0,0.0,0.0,0.0,0.0,3.141592653589793,0.0,0.0,0.0
0.0,0.0,0.0,0.0,0.0,0.0,0.0,0.0,0.0,3.141592653589793,0.0,0.0
0.0,0.0,0.0,0.0,0.0,0.0,0.0,0.0,0.0,0.0,3.141592653589793,0.0
0.0,0.0,0.0,0.0,0.0,0.0,0.0,0.0,0.0,0.0,0.0,3.141592653589793
1.5707963267948966,0.0,0.0,0.0,0.0,0.0,0.0,3.141592653589793,0.0,0.0,0.0,0.0
0.0,1.5707963267948966,0.0,0.0,0.0,0.0,0.0,3.141592653589793,0.0,0.0,0.0,0.0
0.0,0.0,1.5707963267948966,0.0,0.0,0.0,0.0,3.141592653589793,0.0,0.0,0.0,0.0
0.0,0.0,0.0,1.5707963267948966,0.0,0.0,0.0,3.141592653589793,0.0,0.0,0.0,0.0
0.0,0.0,0.0,0.0,1.5707963267948966,0.0,0.0,3.141592653589793,0.0,0.0,0.0,0.0
0.0,0.0,0.0,0.0,0.0,1.5707963267948966,0.0,3.141592653589793,0.0,0.0,0.0,0.0
0.0,0.0,0.0,0.0,0.0,0.0,1.5707963267948966,3.141592653589793,0.0,0.0,0.0,0.0
0.0,0.0,0.0,0.0,0.0,0.0,0.0,4.71238898038469,0.0,0.0,0.0,0.0
0.0,0.0,0.0,0.0,0.0,0.0,0.0,3.141592653589793,1.5707963267948966,0.0,0.0,0.0
0.0,0.0,0.0,0.0,0.0,0.0,0.0,3.141592653589793,0.0,1.5707963267948966,0.0,0.0
0.0,0.0,0.0,0.0,0.0,0.0,0.0,3.141592653589793,0.0,0.0,1.5707963267948966,0.0
0.0,0.0,0.0,0.0,0.0,0.0,0.0,3.141592653589793,0.0,0.0,0.0,1.5707963267948966
0.0,0.0,0.0,0.0,0.0,0.0,0.0,1.5707963267948966,0.0,0.0,0.0,0.0
0.7853981633974483,0.0,0.0,0.0,0.0,0.0,0.0,3.141592653589793,0.0,0.0,0.0,0.0
0.0,0.7853981633974483,0.0,0.0,0.0,0.0,0.0,3.141592653589793,0.0,0.0,0.0,0.0
0.0,0.0,0.7853981633974483,0.0,0.0,0.0,0.0,3.141592653589793,0.0,0.0,0.0,0.0
0.0,0.0,0.0,0.7853981633974483,0.0,0.0,0.0,3.141592653589793,0.0,0.0,0.0,0.0
0.0,0.0,0.0,0.0,0.7853981633974483,0.0,0.0,3.141592653589793,0.0,0.0,0.0,0.0
0.0,0.0,0.0,0.0,0.0,0.7853981633974483,0.0,3.141592653589793,0.0,0.0,0.0,0.0
0.0,0.0,0.0,0.0,0.0,0.0,0.7853981633974483,3.141592653589793,0.0,0.0,0.0,0.0
0.0,0.0,0.0,0.0,0.0,0.0,0.0,3.9269908169872414,0.0,0.0,0.0,0.0
0.0,0.0,0.0,0.0,0.0,0.0,0.0,3.141592653589793,0.7853981633974483,0.0,0.0,0.0
0.0,0.0,0.0,0.0,0.0,0.0,0.0,3.141592653589793,0.0,0.7853981633974483,0.0,0.0
0.0,0.0,0.0,0.0,0.0,0.0,0.0,3.141592653589793,0.0,0.0,0.7853981633974483,0.0
0.0,0.0,0.0,0.0,0.0,0.0,0.0,3.141592653589793,0.0,0.0,0.0,0.7853981633974483
0.0,0.0,0.0,0.0,0.0,0.0,0.0,2.356194490192345,0.0,0.0,0.0,0.0
0.39269908169872414,0.0,0.0,0.0,0.0,0.0,0.0,3.141592653589793,0.0,0.0,0.0,0.0
0.0,0.39269908169872414,0.0,0.0,0.0,0.0,0.0,3.141592653589793,0.0,0.0,0.0,0.0
0.0,0.0,0.39269908169872414,0.0,0.0,0.0,0.0,3.141592653589793,0.0,0.0,0.0,0.0
0.0,0.0,0.0,0.39269908169872414,0.0,0.0,0.0,3.141592653589793,0.0,0.0,0.0,0.0
0.0,0.0,0.0,0.0,0.39269908169872414,0.0,0.0,3.141592653589793,0.0,0.0,0.0,0.0
0.0,0.0,0.0,0.0,0.0,0.39269908169872414,0.0,3.141592653589793,0.0,0.0,0.0,0.0
0.0,0.0,0.0,0.0,0.0,0.0,0.39269908169872414,3.141592653589793,0.0,0.0,0.0,0.0
0.0,0.0,0.0,0.0,0.0,0.0,0.0,3.5342917352885173,0.0,0.0,0.0,0.0
0.0,0.0,0.0,0.0,0.0,0.0,0.0,3.141592653589793,0.39269908169872414,0.0,0.0,0.0
0.0,0.0,0.0,0.0,0.0,0.0,0.0,3.141592653589793,0.0,0.39269908169872414,0.0,0.0
0.0,0.0,0.0,0.0,0.0,0.0,0.0,3.141592653589793,0.0,0.0,0.39269908169872414,0.0
0.0,0.0,0.0,0.0,0.0,0.0,0.0,3.141592653589793,0.0,0.0,0.0,0.39269908169872414
0.0,0.0,0.0,0.0,0.0,0.0,0.0,2.748893571891069,0.0,0.0,0.0,0.0
0.0,0.0,0.0,0.0,0.7555614378399627,0.0,0.0,3.1700777440864196,0.0,0.0,0.0,0.0
0.0,0.0,0.0,0.0,0.37778071891998133,0.0,0.0,3.155835198838106,0.0,0.0,0.0,0.0
0.39269908169872414,0.0,0.0,0.0,0.37778071891998133,0.0,0.0,3.155835198838106,0.0,0.0,0.0,0.0
0.0,0.39269908169872414,0.0,0.0,0.37778071891998133,0.0,0.0,3.155835198838106,0.0,0.0,0.0,0.0
0.0,0.0,0.39269908169872414,0.0,0.37778071891998133,0.0,0.0,3.155835198838106,0.0,0.0,0.0,0.0
0.0,0.0,0.0,0.39269908169872414,0.37778071891998133,0.0,0.0,3.155835198838106,0.0,0.0,0.0,0.0
0.0,0.0,0.0,0.0,0.7704798006187055,0.0,0.0,3.155835198838106,0.0,0.0,0.0,0.0
0.0,0.0,0.0,0.0,0.37778071891998133,0.39269908169872414,0.0,3.155835198838106,0.0,0.0,0.0,0.0
0.0,0.0,0.0,0.0,0.37778071891998133,0.0,0.39269908169872414,3.155835198838106,0.0,0.0,0.0,0.0
0.0,0.0,0.0,0.0,0.37778071891998133,0.0,0.0,3.5485342805368303,0.0,0.0,0.0,0.0
0.0,0.0,0.0,0.0,0.37778071891998133,0.0,0.0,3.155835198838106,0.39269908169872414,0.0,0.0,0.0
0.0,0.0,0.0,0.0,0.37778071891998133,0.0,0.0,3.155835198838106,0.0,0.39269908169872414,0.0,0.0
0.0,0.0,0.0,0.0,0.37778071891998133,0.0,0.0,3.155835198838106,0.0,0.0,0.39269908169872414,0.0
0.0,0.0,0.0,0.0,0.37778071891998133,0.0,0.0,3.155835198838106,0.0,0.0,0.0,0.39269908169872414
0.0,0.0,0.0,0.0,0.37778071891998133,0.0,0.0,2.763136117139382,0.0,0.0,0.0,0.0
0.0,0.0,0.5110032406244502,0.47842547177691275,0.09126287874690514,0.0,0.1123857601923817,3.2262296654654627,0.0,0.0,0.38649622958995805,0.719505157764175
0.0,0.0,0.2555016203122251,0.23921273588845637,0.2345217988334432,0.0,0.05619288009619085,3.1910324321517844,0.0,0.0,0.19324811479497903,0.3597525788820875
0.39269908169872414,0.0,0.2555016203122251,0.23921273588845637,0.2345217988334432,0.0,0.05619288009619085,3.1910324321517844,0.0,0.0,0.19324811479497903,0.3597525788820875
0.0,0.39269908169872414,0.2555016203122251,0.23921273588845637,0.2345217988334432,0.0,0.05619288009619085,3.1910324321517844,0.0,0.0,0.19324811479497903,0.3597525788820875
0.0,0.0,0.6482007020109493,0.23921273588845637,0.2345217988334432,0.0,0.05619288009619085,3.1910324321517844,0.0,0.0,0.19324811479497903,0.3597525788820875
0.0,0.0,0.2555016203122251,0.6319118175871805,0.2345217988334432,0.0,0.05619288009619085,3.1910324321517844,0.0,0.0,0.19324811479497903,0.3597525788820875
0.0,0.0,0.2555016203122251,0.23921273588845637,0.6272208805321674,0.0,0.05619288009619085,3.1910324321517844,0.0,0.0,0.19324811479497903,0.3597525788820875
0.0,0.0,0.2555016203122251,0.23921273588845637,0.2345217988334432,0.39269908169872414,0.05619288009619085,3.1910324321517844,0.0,0.0,0.19324811479497903,0.3597525788820875
0.0,0.0,0.2555016203122251,0.23921273588845637,0.2345217988334432,0.0,0.448891961794915,3.1910324321517844,0.0,0.0,0.19324811479497903,0.3597525788820875
0.0,0.0,0.2555016203122251,0.23921273588845637,0.2345217988334432,0.0,0.05619288009619085,3.5837315138505086,0.0,0.0,0.19324811479497903,0.3597525788820875
0.0,0.0,0.2555016203122251,0.23921273588845637,0.2345217988334432,0.0,0.05619288009619085,3.1910324321517844,0.39269908169872414,0.0,0.19324811479497903,0.3597525788820875
0.0,0.0,0.2555016203122251,0.23921273588845637,0.2345217988334432,0.0,0.05619288009619085,3.1910324321517844,0.0,0.39269908169872414,0.19324811479497903,0.3597525788820875
0.0,0.0,0.2555016203122251,0.23921273588845637,0.2345217988334432,0.0,0.05619288009619085,3.1910324321517844,0.0,0.0,0.5859471964937032,0.3597525788820875
0.0,0.0,0.2555016203122251,0.23921273588845637,0.2345217988334432,0.0,0.05619288009619085,3.1910324321517844,0.0,0.0,0.19324811479497903,0.7524516605808116
0.0,0.0,0.2555016203122251,0.23921273588845637,0.2345217988334432,0.0,0.05619288009619085,2.7983333504530603,0.0,0.0,0.19324811479497903,0.3597525788820875
0.0,0.0,0.233155427504283,0.11874652334735915,0.030127250494578952,0.0,0.00469361620506757,2.861556054026946,0.0,0.0,0.20492471253034958,0.46720600646526256
0.0,0.0,0.24432852390825405,0.17897962961790775,0.1323245246640111,0.0,0.03044324815062921,3.026294243089365,0.0,0.0,0.19908641366266433,0.4134792926736751
0.0,0.0,0.24991507211023956,0.20909618275318206,0.18342316174872714,0.0,0.043318064123410036,3.1086633376205746,0.0,0.0,0.19616726422882166,0.3866159357778813
0.0,0.0,0.25270834621123234,0.22415445932081923,0.2089724802910852,0.0,0.049755472109800435,3.1498478848861793,0.0,0.0,0.19470768951190034,0.37318425732998434
0.39269908169872414,0.0,0.2555016203122251,0.23921273588845637,0.2345217988334432,0.0,0.05619288009619085,3.1910324321517844,0.0,0.0,0.19324811479497903,0.3597525788820875
0.0,0.39269908169872414,0.2555016203122251,0.23921273588845637,0.2345217988334432,0.0,0.05619288009619085,3.1910324321517844,0.0,0.0,0.19324811479497903,0.3597525788820875
0.0,0.0,0.6482007020109493,0.23921273588845637,0.2345217988334432,0.0,0.05619288009619085,3.1910324321517844,0.0,0.0,0.19324811479497903,0.3597525788820875
0.0,0.0,0.2555016203122251,0.6319118175871805,0.2345217988334432,0.0,0.05619288009619085,3.1910324321517844,0.0,0.0,0.19324811479497903,0.3597525788820875
0.0,0.0,0.2555016203122251,0.23921273588845637,0.6272208805321674,0.0,0.05619288009619085,3.1910324321517844,0.0,0.0,0.19324811479497903,0.3597525788820875
0.0,0.0,0.2555016203122251,0.23921273588845637,0.2345217988334432,0.39269908169872414,0.05619288009619085,3.1910324321517844,0.0,0.0,0.19324811479497903,0.3597525788820875
0.0,0.0,0.2555016203122251,0.23921273588845637,0.2345217988334432,0.0,0.448891961794915,3.1910324321517844,0.0,0.0,0.19324811479497903,0.3597525788820875
0.0,0.0,0.2555016203122251,0.23921273588845637,0.2345217988334432,0.0,0.05619288009619085,3.5837315138505086,0.0,0.0,0.19324811479497903,0.3597525788820875
0.0,0.0,0.2555016203122251,0.23921273588845637,0.2345217988334432,0.0,0.05619288009619085,3.1910324321517844,0.39269908169872414,0.0,0.19324811479497903,0.3597525788820875
0.0,0.0,0.2555016203122251,0.23921273588845637,0.2345217988334432,0.0,0.05619288009619085,3.1910324321517844,0.0,0.39269908169872414,0.19324811479497903,0.3597525788820875
0.0,0.0,0.2555016203122251,0.23921273588845637,0.2345217988334432,0.0,0.05619288009619085,3.1910324321517844,0.0,0.0,0.5859471964937032,0.3597525788820875
0.0,0.0,0.2555016203122251,0.23921273588845637,0.2345217988334432,0.0,0.05619288009619085,3.1910324321517844,0.0,0.0,0.19324811479497903,0.7524516605808116
0.0,0.0,0.2555016203122251,0.23921273588845637,0.2345217988334432,0.0,0.05619288009619085,2.7983333504530603,0.0,0.0,0.19324811479497903,0.3597525788820875
0.19634954084936207,0.0,0.0,0.0,0.37778071891998133,0.0,0.0,3.155835198838106,0.0,0.0,0.0,0.39269908169872414
0.0,0.19634954084936207,0.0,0.0,0.37778071891998133,0.0,0.0,3.155835198838106,0.0,0.0,0.0,0.39269908169872414
0.0,0.0,0.19634954084936207,0.0,0.37778071891998133,0.0,0.0,3.155835198838106,0.0,0.0,0.0,0.39269908169872414
0.0,0.0,0.0,0.19634954084936207,0.37778071891998133,0.0,0.0,3.155835198838106,0.0,0.0,0.0,0.39269908169872414
0.0,0.0,0.0,0.0,0.5741302597693434,0.0,0.0,3.155835198838106,0.0,0.0,0.0,0.39269908169872414
0.0,0.0,0.0,0.0,0.37778071891998133,0.19634954084936207,0.0,3.155835198838106,0.0,0.0,0.0,0.39269908169872414
0.0,0.0,0.0,0.0,0.37778071891998133,0.0,0.19634954084936207,3.155835198838106,0.0,0.0,0.0,0.39269908169872414
0.0,0.0,0.0,0.0,0.37778071891998133,0.0,0.0,3.352184739687468,0.0,0.0,0.0,0.39269908169872414
0.0,0.0,0.0,0.0,0.37778071891998133,0.0,0.0,3.155835198838106,0.19634954084936207,0.0,0.0,0.39269908169872414
0.0,0.0,0.0,0.0,0.37778071891998133,0.0,0.0,3.155835198838106,0.0,0.19634954084936207,0.0,0.39269908169872414
0.0,0.0,0.0,0.0,0.37778071891998133,0.0,0.0,3.155835198838106,0.0,0.0,0.19634954084936207,0.39269908169872414
0.0,0.0,0.0,0.0,0.37778071891998133,0.0,0.0,3.155835198838106,0.0,0.0,0.0,0.5890486225480862
0.0,0.0,0.0,0.0,0.18143117807061926,0.0,0.0,3.155835198838106,0.0,0.0,0.0,0.39269908169872414
0.0,0.0,0.0,0.0,0.37778071891998133,0.0,0.0,2.959485657988744,0.0,0.0,0.0,0.39269908169872414
0.0,0.0,0.0,0.0,0.37778071891998133,0.0,0.0,3.155835198838106,0.0,0.0,0.0,0.19634954084936207
0.09817477042468103,0.0,0.0,0.0,0.37778071891998133,0.0,0.0,3.155835198838106,0.0,0.0,0.0,0.39269908169872414
0.0,0.09817477042468103,0.0,0.0,0.37778071891998133,0.0,0.0,3.155835198838106,0.0,0.0,0.0,0.39269908169872414
0.0,0.0,0.09817477042468103,0.0,0.37778071891998133,0.0,0.0,3.155835198838106,0.0,0.0,0.0,0.39269908169872414
0.0,0.0,0.0,0.09817477042468103,0.37778071891998133,0.0,0.0,3.155835198838106,0.0,0.0,0.0,0.39269908169872414
0.0,0.0,0.0,0.0,0.4759554893446623,0.0,0.0,3.155835198838106,0.0,0.0,0.0,0.39269908169872414
0.0,0.0,0.0,0.0,0.37778071891998133,0.09817477042468103,0.0,3.155835198838106,0.0,0.0,0.0,0.39269908169872414
0.0,0.0,0.0,0.0,0.37778071891998133,0.0,0.09817477042468103,3.155835198838106,0.0,0.0,0.0,0.39269908169872414
0.0,0.0,0.0,0.0,0.37778071891998133,0.0,0.0,3.254009969262787,0.0,0.0,0.0,0.39269908169872414
0.0,0.0,0.0,0.0,0.37778071891998133,0.0,0.0,3.155835198838106,0.09817477042468103,0.0,0.0,0.39269908169872414
0.0,0.0,0.0,0.0,0.37778071891998133,0.0,0.0,3.155835198838106,0.0,0.09817477042468103,0.0,0.39269908169872414
0.0,0.0,0.0,0.0,0.37778071891998133,0.0,0.0,3.155835198838106,0.0,0.0,0.09817477042468103,0.39269908169872414
0.0,0.0,0.0,0.0,0.37778071891998133,0.0,0.0,3.155835198838106,0.0,0.0,0.0,0.4908738521234052
0.0,0.0,0.0,0.0,0.2796059484953003,0.0,0.0,3.155835198838106,0.0,0.0,0.0,0.39269908169872414
0.0,0.0,0.0,0.0,0.37778071891998133,0.0,0.0,3.057660428413425,0.0,0.0,0.0,0.39269908169872414
0.0,0.0,0.0,0.0,0.37778071891998133,0.0,0.0,3.155835198838106,0.0,0.0,0.0,0.2945243112740431
0.0,0.0,0.0,0.092363035884458,0.3695737386546229,0.0,0.00836816957880353,3.267033569415569,0.0,0.0,0.0,0.3968727560245916
0.0,0.0,0.0,0.046181517942229,0.37367722878730214,0.0,0.004184084789401765,3.2114343841268376,0.0,0.0,0.0,0.3947859188616579
0.0,0.0,0.0,0.0230907589711145,0.37572897385364173,0.0,0.0020920423947008823,3.183634791482471,0.0,0.0,0.0,0.393742500280191
0.0,0.0,0.0,0.01154537948555725,0.3767548463868115,0.0,0.0010460211973504412,3.169734995160289,0.0,0.0,0.0,0.39322079098945756
0.09817477042468103,0.0,0.0,0.0,0.37778071891998133,0.0,0.0,3.155835198838106,0.0,0.0,0.0,0.39269908169872414
0.0,0.09817477042468103,0.0,0.0,0.37778071891998133,0.0,0.0,3.155835198838106,0.0,0.0,0.0,0.39269908169872414
0.0,0.0,0.09817477042468103,0.0,0.37778071891998133,0.0,0.0,3.155835198838106,0.0,0.0,0.0,0.39269908169872414
0.0,0.0,0.0,0.09817477042468103,0.37778071891998133,0.0,0.0,3.155835198838106,0.0,0.0,0.0,0.39269908169872414
0.0,0.0,0.0,0.0,0.4759554893446623,0.0,0.0,3.155835198838106,0.0,0.0,0.0,0.39269908169872414
0.0,0.0,0.0,0.0,0.37778071891998133,0.09817477042468103,0.0,3.155835198838106,0.0,0.0,0.0,0.39269908169872414
0.0,0.0,0.0,0.0,0.37778071891998133,0.0,0.09817477042468103,3.155835198838106,0.0,0.0,0.0,0.39269908169872414
0.0,0.0,0.0,0.0,0.37778071891998133,0.0,0.0,3.254009969262787,0.0,0.0,0.0,0.39269908169872414
0.0,0.0,0.0,0.0,0.37778071891998133,0.0,0.0,3.155835198838106,0.09817477042468103,0.0,0.0,0.39269908169872414
0.0,0.0,0.0,0.0,0.37778071891998133,0.0,0.0,3.155835198838106,0.0,0.09817477042468103,0.0,0.39269908169872414
0.0,0.0,0.0,0.0,0.37778071891998133,0.0,0.0,3.155835198838106,0.0,0.0,0.09817477042468103,0.39269908169872414
0.0,0.0,0.0,0.0,0.37778071891998133,0.0,0.0,3.155835198838106,0.0,0.0,0.0,0.4908738521234052
0.0,0.0,0.0,0.0,0.2796059484953003,0.0,0.0,3.155835198838106,0.0,0.0,0.0,0.39269908169872414
0.0,0.0,0.0,0.0,0.37778071891998133,0.0,0.0,3.057660428413425,0.0,0.0,0.0,0.39269908169872414
0.0,0.0,0.0,0.0,0.37778071891998133,0.0,0.0,3.155835198838106,0.0,0.0,0.0,0.2945243112740431
0.04908738521234052,0.0,0.0,0.0,0.37778071891998133,0.0,0.0,3.155835198838106,0.0,0.0,0.0,0.2945243112740431
0.0,0.04908738521234052,0.0,0.0,0.37778071891998133,0.0,0.0,3.155835198838106,0.0,0.0,0.0,0.2945243112740431
0.0,0.0,0.04908738521234052,0.0,0.37778071891998133,0.0,0.0,3.155835198838106,0.0,0.0,0.0,0.2945243112740431
0.0,0.0,0.0,0.04908738521234052,0.37778071891998133,0.0,0.0,3.155835198838106,0.0,0.0,0.0,0.2945243112740431
0.0,0.0,0.0,0.0,0.4268681041323218,0.0,0.0,3.155835198838106,0.0,0.0,0.0,0.2945243112740431
0.0,0.0,0.0,0.0,0.37778071891998133,0.04908738521234052,0.0,3.155835198838106,0.0,0.0,0.0,0.2945243112740431
0.0,0.0,0.0,0.0,0.37778071891998133,0.0,0.04908738521234052,3.155835198838106,0.0,0.0,0.0,0.2945243112740431
0.0,0.0,0.0,0.0,0.37778071891998133,0.0,0.0,3.2049225840504465,0.0,0.0,0.0,0.2945243112740431
0.0,0.0,0.0,0.0,0.37778071891998133,0.0,0.0,3.155835198838106,0.04908738521234052,0.0,0.0,0.2945243112740431
0.0,0.0,0.0,0.0,0.37778071891998133,0.0,0.0,3.155835198838106,0.0,0.04908738521234052,0.0,0.2945243112740431
0.0,0.0,0.0,0.0,0.37778071891998133,0.0,0.0,3.155835198838106,0.0,0.0,0.04908738521234052,0.2945243112740431
0.0,0.0,0.0,0.0,0.37778071891998133,0.0,0.0,3.155835198838106,0.0,0.0,0.0,0.3436116964863836
0.0,0.0,0.0,0.0,0.3286933337076408,0.0,0.0,3.155835198838106,0.0,0.0,0.0,0.2945243112740431
0.0,0.0,0.0,0.0,0.37778071891998133,0.0,0.0,3.1067478136257654,0.0,0.0,0.0,0.2945243112740431
0.0,0.0,0.0,0.0,0.37778071891998133,0.0,0.0,3.155835198838106,0.0,0.0,0.0,0.2454369260617026
0.0,0.0,0.02993883727593717,0.0,0.35836473307934363,0.0,0.0,3.1587283589588293,0.0,0.0,0.0,0.3350617142508297
0.0,0.0,0.014969418637968584,0.0,0.3680727259996625,0.0,0.0,3.1572817788984677,0.0,0.0,0.0,0.3147930127624364
0.0,0.0,0.007484709318984292,0.0,0.3729267224598219,0.0,0.0,3.156558488868287,0.0,0.0,0.0,0.3046586620182397
0.0,0.0,0.003742354659492146,0.0,0.37535372068990164,0.0,0.0,3.156196843853196,0.0,0.0,0.0,0.29959148664614144
0.04908738521234052,0.0,0.0,0.0,0.37778071891998133,0.0,0.0,3.155835198838106,0.0,0.0,0.0,0.2945243112740431
0.0,0.04908738521234052,0.0,0.0,0.37778071891998133,0.0,0.0,3.155835198838106,0.0,0.0,0.0,0.2945243112740431
0.0,0.0,0.04908738521234052,0.0,0.37778071891998133,0.0,0.0,3.155835198838106,0.0,0.0,0.0,0.2945243112740431
0.0,0.0,0.0,0.04908738521234052,0.37778071891998133,0.0,0.0,3.155835198838106,0.0,0.0,0.0,0.2945243112740431
0.0,0.0,0.0,0.0,0.4268681041323218,0.0,0.0,3.155835198838106,0.0,0.0,0.0,0.2945243112740431
0.0,0.0,0.0,0.0,0.37778071891998133,0.04908738521234052,0.0,3.155835198838106,0.0,0.0,0.0,0.2945243112740431
0.0,0.0,0.0,0.0,0.37778071891998133,0.0,0.04908738521234052,3.155835198838106,0.0,0.0,0.0,0.2945243112740431
0.0,0.0,0.0,0.0,0.37778071891998133,0.0,0.0,3.2049225840504465,0.0,0.0,0.0,0.2945243112740431
0.0,0.0,0.0,0.0,0.37778071891998133,0.0,0.0,3.155835198838106,0.04908738521234052,0.0,0.0,0.2945243112740431
0.0,0.0,0.0,0.0,0.37778071891998133,0.0,0.0,3.155835198838106,0.0,0.04908738521234052,0.0,0.2945243112740431
0.0,0.0,0.0,0.0,0.37778071891998133,0.0,0.0,3.155835198838106,0.0,0.0,0.04908738521234052,0.2945243112740431
0.0,0.0,0.0,0.0,0.37778071891998133,0.0,0.0,3.155835198838106,0.0,0.0,0.0,0.3436116964863836
0.0,0.0,0.0,0.0,0.3286933337076408,0.0,0.0,3.155835198838106,0.0,0.0,0.0,0.2945243112740431
0.0,0.0,0.0,0.0,0.37778071891998133,0.0,0.0,3.1067478136257654,0.0,0.0,0.0,0.2945243112740431
0.0,0.0,0.0,0.0,0.37778071891998133,0.0,0.0,3.155835198838106,0.0,0.0,0.0,0.2454369260617026
0.02454369260617026,0.0,0.0,0.0,0.3286933337076408,0.0,0.0,3.155835198838106,0.0,0.0,0.0,0.2945243112740431
0.0,0.02454369260617026,0.0,0.0,0.3286933337076408,0.0,0.0,3.155835198838106,0.0,0.0,0.0,0.2945243112740431
0.0,0.0,0.02454369260617026,0.0,0.3286933337076408,0.0,0.0,3.155835198838106,0.0,0.0,0.0,0.2945243112740431
0.0,0.0,0.0,0.02454369260617026,0.3286933337076408,0.0,0.0,3.155835198838106,0.0,0.0,0.0,0.2945243112740431
0.0,0.0,0.0,0.0,0.3532370263138111,0.0,0.0,3.155835198838106,0.0,0.0,0.0,0.2945243112740431
0.0,0.0,0.0,0.0,0.3286933337076408,0.02454369260617026,0.0,3.155835198838106,0.0,0.0,0.0,0.2945243112740431
0.0,0.0,0.0,0.0,0.3286933337076408,0.0,0.02454369260617026,3.155835198838106,0.0,0.0,0.0,0.2945243112740431
0.0,0.0,0.0,0.0,0.3286933337076408,0.0,0.0,3.1803788914442763,0.0,0.0,0.0,0.2945243112740431
0.0,0.0,0.0,0.0,0.3286933337076408,0.0,0.0,3.155835198838106,0.02454369260617026,0.0,0.0,0.2945243112740431
0.0,0.0,0.0,0.0,0.3286933337076408,0.0,0.0,3.155835198838106,0.0,0.02454369260617026,0.0,0.2945243112740431
0.0,0.0,0.0,0.0,0.3286933337076408,0.0,0.0,3.155835198838106,0.0,0.0,0.02454369260617026,0.2945243112740431
0.0,0.0,0.0,0.0,0.3286933337076408,0.0,0.0,3.155835198838106,0.0,0.0,0.0,0.3190680038802134
0.0,0.0,0.0,0.0,0.3041496411014706,0.0,0.0,3.155835198838106,0.0,0.0,0.0,0.2945243112740431
0.0,0.0,0.0,0.0,0.3286933337076408,0.0,0.0,3.1312915062319355,0.0,0.0,0.0,0.2945243112740431
0.0,0.0,0.0,0.0,0.3286933337076408,0.0,0.0,3.155835198838106,0.0,0.0,0.0,0.2699806186678728
0.0,0.0,0.0,0.0,0.32260340459315306,0.0,0.0,3.176733870088404,0.0,0.0,0.029736665483019894,0.30453887429482357
0.0,0.0,0.0,0.0,0.3256483691503969,0.0,0.0,3.166284534463255,0.0,0.0,0.014868332741509947,0.2995315927844333
0.0,0.0,0.0,0.0,0.3271708514290189,0.0,0.0,3.1610598666506804,0.0,0.0,0.0074341663707549735,0.2970279520292382
0.0,0.0,0.0,0.0,0.32793209256832984,0.0,0.0,3.158447532744393,0.0,0.0,0.0037170831853774867,0.2957761316516407
0.02454369260617026,0.0,0.0,0.0,0.3286933337076408,0.0,0.0,3.155835198838106,0.0,0.0,0.0,0.2945243112740431
0.0,0.02454369260617026,0.0,0.0,0.3286933337076408,0.0,0.0,3.155835198838106,0.0,0.0,0.0,0.2945243112740431
0.0,0.0,0.02454369260617026,0.0,0.3286933337076408,0.0,0.0,3.155835198838106,0.0,0.0,0.0,0.2945243112740431
0.0,0.0,0.0,0.02454369260617026,0.3286933337076408,0.0,0.0,3.155835198838106,0.0,0.0,0.0,0.2945243112740431
0.0,0.0,0.0,0.0,0.3532370263138111,0.0,0.0,3.155835198838106,0.0,0.0,0.0,0.2945243112740431
0.0,0.0,0.0,0.0,0.3286933337076408,0.02454369260617026,0.0,3.155835198838106,0.0,0.0,0.0,0.2945243112740431
0.0,0.0,0.0,0.0,0.3286933337076408,0.0,0.02454369260617026,3.155835198838106,0.0,0.0,0.0,0.2945243112740431
0.0,0.0,0.0,0.0,0.3286933337076408,0.0,0.0,3.1803788914442763,0.0,0.0,0.0,0.2945243112740431
0.0,0.0,0.0,0.0,0.3286933337076408,0.0,0.0,3.155835198838106,0.02454369260617026,0.0,0.0,0.2945243112740431
0.0,0.0,0.0,0.0,0.3286933337076408,0.0,0.0,3.155835198838106,0.0,0.02454369260617026,0.0,0.2945243112740431
0.0,0.0,0.0,0.0,0.3286933337076408,0.0,0.0,3.155835198838106,0.0,0.0,0.02454369260617026,0.2945243112740431
0.0,0.0,0.0,0.0,0.3286933337076408,0.0,0.0,3.155835198838106,0.0,0.0,0.0,0.3190680038802134
0.0,0.0,0.0,0.0,0.3041496411014706,0.0,0.0,3.155835198838106,0.0,0.0,0.0,0.2945243112740431
0.0,0.0,0.0,0.0,0.3286933337076408,0.0,0.0,3.1312915062319355,0.0,0.0,0.0,0.2945243112740431
0.0,0.0,0.0,0.0,0.3286933337076408,0.0,0.0,3.155835198838106,0.0,0.0,0.0,0.2699806186678728
