-1.049958061139093
-0.5476827574756717
-0.547357613779133
-1.0517357868706687
-1.0455099673860682
-0.008864215786655305
-0.5477087411051145
-1.0495803524718414
-1.055209324762296
-0.5475656849659539
-0.5465066983734905
-1.0494389725263829
-1.0514992148948632
-1.0427917562564357
-1.044080194375982
-1.0417251410288104
-1.0378950030317802
-0.5472733911468048
-0.5469881246737729
-1.0481558645586218
-1.0512804412489878
-0.010473691768347337
-0.5522276398270005
-1.0514883179681553
-1.0526947555208863
-0.5482474359223299
-0.5516430661891225
-1.052475192749187
-1.0493341109403775
-0.7971897327111727
-0.8002577328070464
-1.048666448569279
-1.053417242613583
-0.7101712221748218
-0.7991524047250717
-1.0487717238226626
-1.0482841364586224
-0.7970462492735501
-0.8021429376954331
-1.0496976928134194
-1.0523675149630576
-1.0478122717180771
-0.9768026159949803
-0.9734449026107268
-1.0531384080898256
-1.0535237210295039
-1.0191047464119771
-0.9677643844676473
-1.0492072402477846
-1.0385306984925902
-0.9796953461492874
-0.9790664900435918
-1.0473237768090882
-1.0470242439678672
-1.042280581164825
-1.0317844686593929
-1.0299581874810104
-1.0502039584208331
-1.052819095053517
-1.0666941265445693
-1.0198913469188686
-1.050348429398486
-1.0396761570450634
-1.036149421684957
-1.0331655956501642
-1.0490360663018552
-1.0477533407927502
-1.0388101900919613
-1.0237382381085234
-1.0656725378556668
-1.0452907445385633
-1.0517629103426687
-1.0720769165131223
-1.0716686209272475
-1.0272040191071081
-1.0517207659987302
-1.067081063099261
-1.0725462915105184
-1.0461388227434512
-1.044502313544179
-1.0705164762247232
-1.0746900608574446
-1.066623899025577
-1.0508102807638728
-1.069818781846008
-1.0452706569186754
-1.04605609429936
-1.0688020780634548
-1.06765836154512
-1.0503524515195233
-1.0489140617594372
-1.0690296101428234
-1.064919469460549
-1.0422458931254748
-1.04325791325443
-1.069396755925
-1.070073781810965
-1.0709721405036086
-1.045103292268214
-1.0550413364893985
-1.0656199678628409
-1.0646006532945802
-1.0413386301638203
-1.053078926167598
-1.0663053737310837
-1.0692406683124696
-1.0487302917371786
-1.0504584313822887
-1.0630950863599147
-1.0642350341391467
-1.0515039380480653
-1.0463491562437024
-1.0659422021024265
-1.067584559539566
-1.0645850280895803
-1.0693190925688496
-1.0677970725099808
-1.073732044746206
-1.0711564620879361
-1.0565761979211215
-1.0614474347867133
-1.0652470906531613
-1.070683961057295
-1.0667061428464044
-1.06527705148978
-1.0685821310092267
-1.0682995831636002
-1.0658037491915586
-1.0679340612115493
-1.0702690907402843
-1.0700549937477961
-1.0708629478979477
-1.0713894771548171
-1.0752185441937434
-1.0653468665102905
-1.0678823345223551
-1.074493473731732
-1.072129286492622
-1.0653985258208154
-1.064775073076888
-1.0652040421872668
-1.072269654689539
-1.0702961333663954
-1.0696847849342663
-1.0742697593929378
-1.071717600833971
-1.0675085790079921
-1.0741983739205503
-1.0702639170014445
-1.0643549802346783
-1.0710997667049826
-1.0692171481786796
-1.0730634018352878
-1.0608027670232474
-1.0651651525037897
-1.0722824949031369
-1.0663231528137274
-1.0682506414658082
-1.0698530000524347
-1.0715157497662462
-1.0718328618918964
-1.072525390771407
-1.0698762397379524
-1.07657894486621
-1.066014840538383
-1.0739186772760985
-1.0761763236818438
-1.0715995859933656
-1.0675815436858114
-1.0680908093226866
-1.0752814110636573
-1.0697455793056259
-1.0666639672937444
-1.0752615818670983
-1.067504417017694
-1.0689247779416664
-1.0767634246873552
-1.0712879674326552
-1.0694007384627375
-1.0696206174833203
-1.065443030696239
-1.0698662227246885
-1.070839780837965
-1.0705045675494738
-1.0753292088084743
-1.073602051812697
-1.0661492492936298
-1.071065811298662
-1.0692363550855635
-1.0627744499180702
-1.0652831291354634
-1.0684210504944254
-1.0710518855420916
-1.0711034800268522
-1.070835281598153
-1.0715256063591239
-1.0648573968927961
-1.0687828451241865
-1.0694474818733035
-1.0714571312974737
-1.0673476059046647
-1.069054033374256
-1.0689251253992718
-1.0686012329129575
-1.071194631478795
-1.0684414039777173
-1.0680394228757757
-1.0632837435557865
-1.077803757614292
-1.0684026047125244
-1.0748331402513327
-1.0682182043020123
-1.0720459293430935
-1.0720889115992147
-1.068242084069955
-1.0726429017414625
-1.0736863467012243
-1.0698544876706857
-1.0670870289566936
-1.0682303355999796
-1.0646992227812908
-1.0689086480665566
-1.0751167558471821
-1.077155281149447
-1.0725806711616441
-1.0711695765491558
-1.0733085406154779
-1.0690474548507916
-1.0740868363925855
-1.0716716763739422
-1.0647039930608442
-1.0712851506480836
