-1.0661086493179361
-0.9999999999999997
-0.9999999999999997
-0.7071067811865472
-0.8075949294340163
-0.2725376295498443
-0.7368568629774005
-0.5310513494337641
-0.5400662794919303
-0.5310513494337641
-0.5490812095500964
-0.34327569600646013
-0.35229062606462636
-0.9999999999999999
-0.2725376295498443
-0.7368568629774005
-0.5490812095500965
-0.7071067811865474
-0.8075949294340163
-0.9999999999999993
-0.5400662794919303
-0.2725376295498443
-0.5400662794919303
-0.5400662794919303
-0.7368568629774005
-0.8075949294340162
-0.8075949294340162
-0.5400662794919303
-0.5400662794919303
-0.5400662794919303
-0.5400662794919303
-0.5400662794919303
-0.5490812095500964
-0.5400662794919303
-0.5400662794919303
-1.0661086493179361
-0.2725376295498443
-0.5400662794919303
-0.5400662794919303
-0.9999999999999998
-0.7368568629774005
-0.5400662794919303
-0.5400662794919303
-0.5400662794919303
-0.7071067811865474
-0.5400662794919303
-0.34327569600646013
-1.0661086493179361
-0.2725376295498443
-0.5400662794919303
-0.5490812095500965
-0.5400662794919303
-0.7368568629774005
-0.5400662794919303
-0.7071067811865472
-0.5400662794919303
-0.5310513494337641
-0.8075949294340162
-0.7071067811865472
-0.5490812095500965
-0.7368568629774005
-0.34327569600646013
-0.8075949294340163
-0.5490812095500964
-0.5400662794919303
-0.7368568629774005
-0.5400662794919303
-0.34327569600646013
-0.5400662794919303
-0.2725376295498443
-0.7368568629774005
-0.7071067811865476
-0.2725376295498443
-0.5400662794919303
-0.5490812095500965
-0.2725376295498443
-0.5400662794919303
-0.9999999999999998
-0.5400662794919303
-0.8075949294340163
-0.2725376295498443
-0.34327569600646013
-0.7368568629774005
-0.8075949294340163
-0.8075949294340163
-0.8075949294340162
-0.8075949294340163
-0.7368568629774005
-0.5400662794919303
-0.2725376295498443
-0.5400662794919303
-0.8075949294340163
-0.8075949294340162
-0.9999999999999996
-0.5490812095500965
-0.5400662794919303
-0.8075949294340162
-0.8075949294340162
-0.5490812095500965
1.1102230246251565e-16
-0.5400662794919303
-0.5400662794919303
-0.8075949294340163
-0.8075949294340163
-0.2725376295498443
-1.0
-0.34327569600646013
-0.5310513494337641
-0.8075949294340163
-0.7071067811865475
-0.34327569600646013
-0.5400662794919303
-0.5400662794919303
-0.5400662794919303
-1.0
-0.5400662794919303
-0.9999999999999998
-0.5400662794919303
-0.8075949294340163
-0.8075949294340163
-0.5400662794919303
-0.7368568629774005
-0.5400662794919303
-0.8075949294340163
-0.5400662794919303
-0.5490812095500965
-0.7368568629774005
-0.34327569600646013
-0.9999999999999998
-0.7071067811865472
-0.5400662794919303
-0.5400662794919303
-0.8075949294340163
-0.8075949294340162
-0.9999999999999997
-0.5490812095500964
-1.0
-0.5400662794919303
-0.5400662794919303
-0.5400662794919303
-0.2725376295498443
-0.5400662794919303
-0.5400662794919303
-1.0661086493179361
-0.7368568629774005
-0.2725376295498443
-0.5400662794919303
-0.7071067811865471
-0.5400662794919303
-0.7071067811865475
-0.5400662794919303
-0.2725376295498443
-0.7278419329192343
-0.7458717930355667
-0.5490812095500964
-0.5400662794919303
-0.5400662794919303
-0.5400662794919303
-0.5400662794919303
-0.5400662794919303
-0.7071067811865476
-0.34327569600646013
-0.5490812095500965
-0.5400662794919303
-0.9999999999999996
-0.9999999999999997
-0.2725376295498443
-0.2725376295498443
-0.34327569600646013
-0.2725376295498443
-0.7458717930355667
-0.5400662794919303
-0.5400662794919303
-0.8075949294340163
-0.2725376295498443
-0.2725376295498443
-0.7368568629774005
-0.5400662794919303
-0.8075949294340162
-0.5400662794919303
-0.8075949294340163
-0.2725376295498443
-0.5400662794919303
-0.9999999999999998
-0.7458717930355667
-0.5400662794919303
-0.7368568629774005
-0.5400662794919303
-0.5400662794919303
-0.5400662794919303
-0.8075949294340163
-0.2725376295498443
-0.5400662794919303
-0.34327569600646013
-0.5400662794919303
-0.2725376295498443
-0.8075949294340162
-0.7368568629774005
-0.5400662794919303
-0.5400662794919303
-0.5400662794919303
-0.5400662794919303
-0.2725376295498443
-0.5400662794919303
-0.8075949294340162
-0.8075949294340163
-0.2725376295498443
-0.5400662794919303
0.004005950450407969
-0.35229062606462636
-0.5400662794919303
-0.34327569600646013
-0.2725376295498443
-0.5400662794919303
-0.7071067811865475
-0.8075949294340162
-0.2725376295498443
-0.34327569600646013
-0.5400662794919303
-0.7368568629774005
-0.9999999999999998
-0.5400662794919303
-0.5400662794919303
-0.5490812095500965
-0.8075949294340163
-0.34327569600646013
-0.5400662794919303
-0.2725376295498443
-0.2725376295498443
-0.5490812095500965
-0.5400662794919303
-0.5400662794919303
-0.5400662794919303
-0.2725376295498443
-0.5310513494337641
-0.2725376295498443
-0.7278419329192343
0.004005950450407969
-0.5400662794919303
-0.8075949294340162
-0.8075949294340163
-0.5400662794919303
-0.5490812095500965
-0.2725376295498443
-1.0661086493179361
-0.8075949294340163
-0.2725376295498443
-0.5400662794919303
-1.0661086493179361
-0.5400662794919303
-0.8075949294340162
-1.0661086493179361
-0.8075949294340163
-0.7368568629774005
-0.5400662794919303
-0.5490812095500965
-0.5400662794919303
-0.7368568629774005
-0.5400662794919303
-0.5400662794919303
-0.5400662794919303
-0.5400662794919303
-0.5400662794919303
-0.5400662794919303
-0.8075949294340162
-0.2725376295498443
-0.8075949294340163
-0.7458717930355667
-0.5400662794919303
-0.5400662794919303
-0.34327569600646013
-0.5490812095500964
-0.2725376295498443
-0.7071067811865475
-0.7368568629774005
-0.5400662794919303
-0.5400662794919303
-0.5400662794919303
-0.8075949294340162
-0.8075949294340163
-0.5400662794919303
-0.8075949294340163
-0.8075949294340163
-0.5490812095500964
-0.5400662794919303
-0.2725376295498443
-0.5490812095500965
-0.5400662794919303
-0.8075949294340162
-0.8075949294340163
-0.5490812095500964
-0.8075949294340162
-0.7368568629774005
-0.8075949294340163
-0.5400662794919303
-0.5400662794919303
-0.8075949294340162
-0.34327569600646013
-0.7368568629774005
-0.5400662794919303
-0.2725376295498443
-0.5400662794919303
-0.707106781186547
-0.5400662794919303
-0.7071067811865467
-0.2725376295498443
-0.5400662794919303
-0.8075949294340162
-0.5400662794919303
-0.2725376295498443
-3.3306690738754696e-16
-0.5400662794919303
-0.5400662794919303
-0.8075949294340162
-0.5400662794919303
-0.8075949294340163
-0.7458717930355667
-0.5400662794919303
-0.5400662794919303
-0.7458717930355667
-0.5400662794919303
-0.8075949294340163
-0.3342607659482939
-0.5400662794919303
-0.34327569600646013
-0.7368568629774005
-0.5400662794919303
-0.2725376295498443
-0.5490812095500965
-0.5400662794919303
-0.5400662794919303
-0.5400662794919303
-0.8075949294340162
-0.5400662794919303
-0.5490812095500965
-0.9999999999999998
-0.8075949294340163
-0.2725376295498443
-0.7368568629774005
-0.7458717930355667
-0.5400662794919303
-0.5400662794919303
-0.5400662794919303
-0.5400662794919303
-0.5490812095500965
-0.8075949294340163
-0.5400662794919303
-0.7368568629774005
-0.8075949294340163
-0.35229062606462636
-1.0661086493179361
-0.2725376295498443
-0.9999999999999998
-0.5400662794919303
-0.5490812095500964
-0.5400662794919303
-0.2725376295498443
-0.9999999999999996
-0.34327569600646013
-0.7071067811865475
-0.34327569600646013
-0.5400662794919303
-0.5490812095500964
-0.9999999999999996
-0.5400662794919303
-0.8075949294340163
-0.8075949294340163
-0.5400662794919303
-0.5400662794919303
-0.5400662794919303
-0.5400662794919303
-1.0
-0.34327569600646013
-0.5400662794919303
-0.9999999999999996
-0.8075949294340162
-0.8075949294340162
-0.2725376295498443
-0.7368568629774005
-0.9999999999999997
-0.8075949294340163
-0.9999999999999998
-0.34327569600646013
-0.5490812095500964
-0.8075949294340163
-1.0661086493179361
-0.5400662794919303
-0.2725376295498443
-0.7278419329192343
-0.5400662794919303
-0.7071067811865472
-0.5400662794919303
-0.5400662794919303
-0.7071067811865471
-0.2725376295498443
-0.5400662794919303
-0.5400662794919303
-0.5400662794919303
-0.5400662794919303
-0.5400662794919303
-0.5400662794919303
-0.5400662794919303
-0.2725376295498443
-0.9999999999999998
-0.7368568629774005
-0.5400662794919303
-0.7071067811865474
-0.9999999999999997
-0.9999999999999993
-0.5400662794919303
-0.5400662794919303
-0.5400662794919303
-0.5400662794919303
-0.34327569600646013
-0.35229062606462636
-0.7278419329192343
-0.5400662794919303
-0.5400662794919303
-0.5400662794919303
-0.5400662794919303
-0.5400662794919303
-0.2725376295498443
-0.34327569600646013
-0.5400662794919303
-0.5400662794919303
-0.8075949294340163
-0.8075949294340162
-0.7368568629774005
-0.7368568629774005
-0.8075949294340162
-0.7368568629774005
-0.5400662794919303
-0.8075949294340162
-0.5400662794919303
-0.5400662794919303
-0.34327569600646013
-0.5490812095500965
-0.5490812095500964
-0.8075949294340163
-0.8075949294340163
-0.7368568629774005
-0.3342607659482939
-0.7368568629774005
-0.5490812095500964
-0.7368568629774005
-0.7071067811865476
-0.5490812095500965
-0.5400662794919303
-0.5400662794919303
-0.9999999999999998
-0.5400662794919303
-0.7368568629774005
-0.7368568629774005
-0.2725376295498443
-0.2725376295498443
-0.5490812095500964
-0.8075949294340163
-0.5400662794919303
-0.7368568629774005
-0.5490812095500964
-0.5400662794919303
-0.5400662794919303
-0.7368568629774005
-0.2725376295498443
-1.0
-0.7278419329192343
-0.5400662794919303
-1.0
-0.8075949294340162
-0.5400662794919303
-0.5310513494337641
-0.8075949294340163
-0.7071067811865475
-0.2725376295498443
-0.5400662794919303
-0.8075949294340162
-0.5400662794919303
-0.5400662794919303
-0.34327569600646013
-0.5400662794919303
-0.2725376295498443
-0.7368568629774005
-0.8075949294340163
-0.2725376295498443
-0.8075949294340162
-0.5400662794919303
-0.5400662794919303
-0.7368568629774005
-0.8075949294340163
-0.2725376295498443
-0.5400662794919303
-0.8075949294340162
-0.5400662794919303
-0.5490812095500965
-0.8075949294340162
-0.5400662794919303
-0.2725376295498443
-0.5400662794919303
-0.5400662794919303
-0.5490812095500965
-1.0661086493179361
-0.8075949294340163
-0.35229062606462636
-0.7278419329192343
-1.1102230246251565e-16
-0.5400662794919303
-0.5490812095500964
-0.2725376295498443
-0.5490812095500964
-0.5400662794919303
-0.8075949294340163
-0.8075949294340163
-0.9999999999999996
-0.5400662794919303
-1.0661086493179361
-0.7071067811865472
-0.7071067811865474
-0.5490812095500964
-0.5400662794919303
-1.0
-0.5490812095500964
-0.5490812095500964
-1.0661086493179361
-0.8075949294340163
-0.7368568629774005
-0.7368568629774005
-1.0661086493179361
-0.8075949294340162
-0.8075949294340163
-0.8075949294340163
-1.0661086493179361
-0.8075949294340163
-0.5400662794919303
-1.0661086493179361
-0.5400662794919303
-1.0661086493179361
-1.0661086493179361
-0.34327569600646013
-0.8075949294340162
-0.5490812095500964
-1.0661086493179361
-0.5490812095500965
-0.5490812095500965
-0.5400662794919303
-0.8075949294340163
-1.0661086493179361
-1.0661086493179361
-0.9999999999999996
-0.2725376295498443
-0.9999999999999998
-1.0661086493179361
-0.5400662794919303
-0.5400662794919303
-1.0661086493179361
-0.7278419329192343
-0.5400662794919303
-0.5490812095500964
-0.9999999999999997
-0.8075949294340163
-0.5310513494337641
-0.5400662794919303
-1.0661086493179361
-0.8075949294340162
-0.8075949294340162
-1.0661086493179361
-1.0661086493179361
-0.5400662794919303
-0.8075949294340163
-0.5400662794919303
-0.8075949294340162
-0.3342607659482939
-1.0661086493179361
-1.0661086493179361
-0.9999999999999996
-1.0661086493179361
-0.5490812095500964
-0.5400662794919303
-2.220446049250313e-16
-0.5400662794919303
-0.5490812095500965
-0.2725376295498443
-0.5400662794919303
-0.8075949294340162
-1.0661086493179361
-0.5400662794919303
-0.9999999999999998
-1.0661086493179361
-0.9999999999999996
-1.0661086493179361
-0.34327569600646013
-0.35229062606462636
-1.0661086493179361
-0.9999999999999998
-1.0661086493179361
-0.9999999999999997
-1.0661086493179361
-0.34327569600646013
-0.5490812095500965
-0.2725376295498443
-0.9999999999999998
-0.9999999999999997
-0.9999999999999998
-0.9999999999999999
-0.3342607659482939
-1.0661086493179361
-1.0661086493179361
-1.0661086493179361
-0.5400662794919303
-1.0661086493179361
-0.7071067811865474
-0.8075949294340163
-0.7368568629774005
-0.7368568629774005
-0.8075949294340163
-1.0661086493179361
-0.5490812095500965
-0.8075949294340162
-0.7071067811865472
-1.0661086493179361
-0.2725376295498443
-1.0661086493179361
-0.5490812095500964
-1.0661086493179361
-0.9999999999999996
-1.0661086493179361
-0.5400662794919303
-0.5490812095500965
-0.8075949294340163
-1.0661086493179361
-1.0661086493179361
-1.0661086493179361
-1.0661086493179361
-0.9999999999999998
-0.8075949294340163
-1.0661086493179361
-0.9999999999999998
-1.0661086493179361
-1.0661086493179361
-1.0
-0.8075949294340163
-0.8075949294340162
-1.0661086493179361
-0.5310513494337641
-1.0661086493179361
-1.0661086493179361
-0.5490812095500965
-0.8075949294340162
-0.5400662794919303
-0.8075949294340163
-1.0661086493179361
-1.0661086493179361
-1.0661086493179361
-1.0661086493179361
-1.0661086493179361
-1.0661086493179361
-0.9999999999999998
-1.0661086493179361
-0.3342607659482939
-1.0661086493179361
-1.0661086493179361
-0.5400662794919303
-0.9999999999999996
-1.0661086493179361
-0.8075949294340163
-2.7755575615628914e-16
-1.0661086493179361
-0.9999999999999996
-1.0661086493179361
-1.0661086493179361
-0.9999999999999998
-1.0661086493179361
2.220446049250313e-16
-1.0661086493179361
-1.0661086493179361
-1.0661086493179361
-1.0661086493179361
-1.0661086493179361
-1.0661086493179361
-1.0661086493179361
-0.9999999999999997
-1.0661086493179361
-1.0661086493179361
-0.5310513494337641
-1.0661086493179361
-1.0661086493179361
-1.0661086493179361
-0.5310513494337641
-1.0661086493179361
-1.0661086493179361
-0.9999999999999998
-0.9999999999999998
-1.0
-0.2725376295498443
-0.5400662794919303
-0.9999999999999996
-0.8075949294340163
1.8746997283273213e-33
-0.9999999999999993
-0.35229062606462636
-1.0661086493179361
-1.0661086493179361
-1.0661086493179361
-1.0661086493179361
-1.0661086493179361
-0.9999999999999996
-0.7071067811865476
-0.9999999999999996
-1.0661086493179361
-0.2725376295498443
-1.0661086493179361
-0.7458717930355667
-1.0661086493179361
-0.9999999999999998
-0.8075949294340162
-0.5400662794919303
-0.5400662794919303
-0.8075949294340162
-0.9999999999999998
-1.0661086493179361
-0.5400662794919303
-1.0661086493179361
-0.8075949294340163
-1.0
-0.9999999999999996
-0.9999999999999997
-0.5490812095500965
-1.0661086493179361
-0.8075949294340163
-0.9999999999999996
-1.0661086493179361
-0.5490812095500965
-0.8075949294340163
-0.8075949294340162
-0.3342607659482939
-0.9999999999999998
0.004005950450407969
-1.0661086493179361
-0.5310513494337641
-1.0661086493179361
-0.7368568629774005
-0.7368568629774005
-1.0
-0.9999999999999996
-0.5400662794919303
-0.9999999999999998
-1.0661086493179361
-0.5400662794919303
-0.8075949294340162
-1.0661086493179361
-1.0661086493179361
-1.0661086493179361
-0.5400662794919303
-0.7368568629774005
-0.8075949294340162
0.0
-0.9999999999999998
-0.9999999999999998
-1.0661086493179361
-1.0661086493179361
-0.7278419329192343
-0.2725376295498443
-0.9999999999999997
-0.8075949294340162
-0.2725376295498443
-1.0661086493179361
-0.9999999999999993
-0.9999999999999998
-0.5400662794919303
0.004005950450407969
-1.0
-1.0661086493179361
0.0
0.004005950450407969
-0.9999999999999996
-1.0661086493179361
0.004005950450407969
-1.0661086493179361
-1.0661086493179361
-1.0661086493179361
0.004005950450407969
-1.0661086493179361
-0.8075949294340163
0.004005950450407969
-0.8075949294340162
2.220446049250313e-16
2.220446049250313e-16
-0.2725376295498443
-0.8075949294340162
-0.9999999999999998
-0.2725376295498443
-2.7755575615628914e-16
-0.5400662794919303
-0.9999999999999993
-0.8075949294340163
-0.2725376295498443
-0.2725376295498443
-0.9999999999999998
-1.0661086493179361
-0.5400662794919303
-0.9999999999999998
-0.5490812095500965
-1.0661086493179361
-0.5490812095500965
-1.0661086493179361
-0.3342607659482939
-1.0661086493179361
-0.8075949294340163
-0.2725376295498443
-0.9999999999999998
-0.5400662794919303
-0.35229062606462636
-0.9999999999999997
-0.5490812095500965
-0.8075949294340162
-0.8075949294340163
-0.8075949294340162
-0.8075949294340162
-0.8075949294340163
-0.5310513494337641
-1.0
-0.5490812095500965
-0.5490812095500964
-0.8075949294340163
-0.5400662794919303
-0.8075949294340163
-0.9999999999999996
-0.9999999999999998
-1.0661086493179361
-1.0661086493179361
-0.8075949294340162
-0.5400662794919303
-0.2725376295498443
-0.9999999999999997
-1.0661086493179361
-0.5400662794919303
-0.9999999999999998
-0.8075949294340163
-1.0661086493179361
-0.8075949294340163
-0.5310513494337641
-0.9999999999999998
-0.3342607659482939
-0.9999999999999996
-0.5400662794919303
-0.5310513494337641
-1.0661086493179361
-0.8075949294340163
-0.2725376295498443
-0.9999999999999996
-0.8075949294340163
-0.9999999999999997
-1.0661086493179361
-0.9999999999999997
-0.9999999999999996
-0.8075949294340163
-0.5400662794919303
-1.0661086493179361
-0.9999999999999996
-0.9999999999999996
-0.34327569600646013
-0.9999999999999998
-0.5400662794919303
-0.9999999999999996
-0.8075949294340162
-0.9999999999999998
-1.0661086493179361
-0.8075949294340162
-0.8075949294340162
-1.0661086493179361
-0.9999999999999998
0.004005950450407969
-0.5490812095500965
-0.2725376295498443
-0.2725376295498443
-0.7278419329192343
0.004005950450407969
-1.0661086493179361
-1.0000000000000002
-0.9999999999999996
-1.0661086493179361
-0.9999999999999996
-0.5400662794919303
-0.2725376295498443
-0.5400662794919303
-0.2725376295498443
-0.5490812095500965
-0.9999999999999996
-0.5310513494337641
-0.9999999999999999
-0.7071067811865474
-0.2725376295498443
-0.9999999999999996
-0.9999999999999997
-0.9999999999999996
-0.5400662794919303
-0.7278419329192343
-0.9999999999999996
-1.0661086493179361
-0.7278419329192343
-0.8075949294340163
-0.8075949294340163
-0.2725376295498443
-1.0661086493179361
-0.7278419329192343
-0.2725376295498443
-0.9999999999999996
-0.9999999999999996
-0.8075949294340163
-1.0661086493179361
-1.0
-1.0661086493179361
-0.5310513494337641
-1.0661086493179361
-1.0661086493179361
-1.0661086493179361
-0.9999999999999998
-0.5400662794919303
-0.8075949294340163
-0.8075949294340162
-1.0661086493179361
-1.0661086493179361
-0.9999999999999998
-1.0661086493179361
-0.9999999999999997
-0.9999999999999997
-0.2725376295498443
-1.0661086493179361
-0.5400662794919303
-0.5400662794919303
-0.9999999999999997
-0.5310513494337641
-1.0661086493179361
-0.34327569600646013
-0.9999999999999993
-3.3306690738754696e-16
-0.7368568629774005
-0.9999999999999996
-0.2725376295498443
-1.0
-1.0
-0.2725376295498443
-0.7278419329192343
-0.9999999999999996
-0.9999999999999996
-0.9999999999999998
-0.9999999999999996
-0.8075949294340162
-1.0661086493179361
-1.0661086493179361
-0.5490812095500965
-1.0661086493179361
-1.0661086493179361
-1.0661086493179361
-1.0661086493179361
-1.0661086493179361
-1.0661086493179361
-0.5400662794919303
-1.0661086493179361
-1.0661086493179361
-1.0661086493179361
-1.0661086493179361
-1.0661086493179361
-0.34327569600646013
-0.9999999999999997
-0.8075949294340163
-1.0661086493179361
-1.0661086493179361
-1.0661086493179361
-0.8075949294340162
0.004005950450407969
-1.0661086493179361
-0.8075949294340162
-1.0661086493179361
-0.5400662794919303
-0.7368568629774005
-0.8075949294340162
-0.7278419329192343
-0.9999999999999996
-1.0661086493179361
-0.34327569600646013
-1.0661086493179361
-1.0
-1.0661086493179361
-0.9999999999999998
0.004005950450407969
-0.9999999999999998
-1.0661086493179361
-1.0661086493179361
-1.0
-0.9999999999999998
-1.0661086493179361
-0.9999999999999997
-0.7071067811865475
-1.0661086493179361
-1.0661086493179361
-0.7278419329192343
-0.9999999999999996
-0.2725376295498443
-1.0661086493179361
-0.8075949294340163
