-1.811388379499921
-0.12804393841629014
-0.27600070852499664
-1.3661954958807414
-1.3866683926713903
-1.8034760996159676
-1.8083174920769594
-1.8109562790963132
-1.8163210060356079
-1.3307906470882624
-0.26316216828098943
-1.3469151740083727
-1.3862146943973452
-1.8123354349365253
-1.8200763597519836
-1.3273554984948643
-1.3743460880876481
-1.3715014937674461
-1.382036265630168
-1.8101156507448928
-1.8101636313265697
-0.2901386119334083
-1.3854066936669756
-0.2675146829803533
-1.3799740967879597
-1.8110998638191305
-1.818082348265982
-1.8131028914346037
-1.3842796687705052
-1.8073253804304636
-1.8169757180603447
-1.8182489035321376
-0.12913349709892286
-0.29202562598106757
-1.3608433079441642
-1.8104244319656817
-1.810765649046305
-1.8104679424377823
-1.8048310120188993
-1.3222743903699028
-0.26090753506085396
-1.3400936368748897
-1.8113899280988972
-1.3196534287504398
-1.3613429414477571
-1.371111764784716
-1.377321445473753
-1.806797984407216
-1.8013850442261203
-1.3821668450383497
-1.3838115054529718
-1.8044309934592895
-1.8122333818218004
-1.8119633825839474
-1.8128510098268174
-1.8107418067414838
-0.9706191792946897
-1.0493319246372133
-1.5919031742589809
-1.5995810432011968
-1.8137737486415524
-1.8154062635950068
-1.8047160240659088
-1.8128792596180723
-1.56395462840237
-1.0404252307702686
-1.573119399888263
-1.5845628874636493
-1.8081615209775084
-1.8086421243963815
-1.8210981898001406
-1.5661120022585635
-1.5961610405313107
-1.5772702298371306
-1.5904792135087362
-1.8032436363484945
-1.8085531622040274
-1.80792559783013
-1.8055779067223732
-1.0488714149177807
-1.5921842502173518
-1.8132573774286964
-1.043362852723379
-1.6006044320701123
-1.8132495238033113
-1.811994697155066
-1.8155543136891799
-1.8077885338757111
-1.6016745292215764
-1.809135320037597
-1.8045835582645005
-1.8043522564155907
-1.8183245748140164
-1.8021892055149946
-1.8120863989059708
-1.8060350358504185
-0.9708259271651158
-1.0617092987479215
-1.5937862806125502
-1.5953473244462222
-1.7995702184349454
-1.81332830075783
-1.8124157181534746
-1.8067740318598058
-1.5659906735698583
-1.028690757598194
-1.5786128894671447
-1.5920990937208224
-1.808591149002075
-1.811145985254603
-1.8114822055518094
-1.5677559296474117
-1.5805048263499804
-1.5873692069889223
-1.594428137975059
-1.81583854470446
-1.8028296934092736
-1.81728023219308
-1.8104455795687966
-1.040240967577171
-1.584442790538446
-1.8045668348735904
-1.0262977322492148
-1.595237892634342
-1.810042767403759
-1.8091426946507483
-1.817504553300294
-1.8087893429394604
-1.5974284992679988
-1.811824928725229
-1.808639884156285
-1.8165769775621854
-1.5544365801209852
-1.5814510263946633
-1.745227146592732
-1.7489391740897167
-1.8109297074649788
-1.817260083539718
-1.8102559548378545
-1.8122264311578915
-1.7366171939465334
-1.5858638027955068
-1.7387794412556883
-1.7404315177113014
-1.8126575299403225
-1.8112301702282712
-1.7383921998749594
-1.7510671009528833
-1.7521687581142191
-1.7566983641733882
-1.811700779139055
-1.8149983987363418
-1.8131852031766318
-1.8115632935845638
-1.5939654076639116
-1.7445776034479619
-1.8135963131649673
-1.5825214882515133
-1.7470731712671839
-1.8110624183289592
-1.8141740856137802
-1.8121813539600011
-1.8124063428726045
-1.7483387140549622
-1.814727368779693
-1.810696283087962
-1.813080986348685
-1.7410885878897298
-1.7541900122540817
-1.79846941453873
-1.791052388438314
-1.8149055864259305
-1.814059842186705
-1.808299054674428
-1.8130708018427162
-1.7951395940944377
-1.7501374728915957
-1.7885085721309917
-1.796451032245027
-1.8123074786559874
-1.8102285991686446
-1.787071004518732
-1.7835468098273908
-1.801955877275393
-1.7933182914225982
-1.8083106376288547
-1.8073793704657366
-1.808707785682567
-1.8079345953854125
-1.7639145048963731
-1.7947300478614583
-1.8189189730694042
-1.757181353957328
-1.7927040664246363
-1.8165733397604569
-1.8075630973206032
-1.8115378192647287
-1.8052413050554732
-1.7953907751315432
-1.8108628772640545
-1.8092427156255322
-1.8087375145696791
-1.797334228920413
-1.7968970615474422
-1.8058147281013457
-1.8095191315594232
-1.8104998501600393
-1.8056667548638643
-1.8122474110634772
-1.8091121588898538
-1.8080546146588126
-1.7868134425429698
-1.808240982236164
-1.8166194039547734
-1.8091164667504267
-1.8111958600921043
-1.7957738429931585
-1.8037169630173553
-1.800926339847417
-1.8035582915559498
-1.813522641838575
-1.8097795934584477
-1.8127187045067594
-1.8170428912379077
-1.7914156116705198
-1.8051691143134772
-1.803561084574823
-1.7934348669484548
-1.8118163400389005
-1.812669854812065
-1.807305490506856
-1.8136574783438715
-1.8123154287490397
-1.8093558081037815
-1.809399454934472
-1.81645087001017
-1.8155625639835793
-1.810463209814288
-1.7994560934799289
-1.808704322798604
-1.8054506442982903
-1.810131562067054
-1.8081870074088744
-1.811831671529337
-1.8080309034640138
-1.8141248497496703
-1.8056627151667877
-1.8085084150436304
-1.8186052303344558
-1.810719216422667
-1.8130070380907126
-1.8063991938965835
-1.8128585547673073
-1.8136147237738958
-1.8073286185303787
-1.814715410974228
-1.806821833445345
-1.8135280999266497
-1.806757359463389
-1.8131731528251935
-1.8138761944950303
-1.809320553845549
-1.8071698878165194
-1.8115254413571142
-1.8118787052758782
-1.8140584919778036
-1.8130285241746713
-1.8139058619441875
-1.8113806916995865
-1.800822651416833
-1.8082134395341658
-1.812557464763464
-1.808173716079673
-1.812568067156469
-1.8103221396166573
-1.8107181650056612
-1.8054164114488813
-1.8156858550476789
-1.8063253610582128
-1.816018615096925
-1.8100284929029464
-1.8053280700403338
-1.810936570251804
-1.8026605947789356
-1.8114798481203804
-1.8044753728306928
-1.8106956500037048
-1.8104819092309028
-1.8156042095985652
-1.8151354967376112
-1.81371964307881
-1.819826802507662
-1.8145501387243337
-1.8107492478531955
-1.8170664762184279
-1.8123629216799029
-1.8188517576052505
-1.8144423149196873
-1.812380193159545
-1.817474435241519
-1.8128793369721037
-1.8141267630997406
-1.809828147828888
-1.8077936064236633
-1.8095140748519394
-1.8123003946151899
-1.814716085902346
-1.8069161086628975
-1.8141980863220744
-1.810016063521339
-1.808934955815429
-1.8049553686640563
-1.8093169985598194
-1.819226946180384
-1.8095422448068166
-1.8002121763476593
-1.8085339963538982
-1.812320669821255
-1.810848020710666
-1.8112841759229477
-1.8039092868464053
-1.8175118525574778
-1.8138538192725162
-1.8089489988094876
-1.8197902527638483
-1.8088195106806182
-1.8133913105149229
-1.81080527824354
-1.802469239040577
-1.8079398201494221
-1.818010626046294
-1.8140444050023308
-1.8086395259917043
-1.8128503335851094
-1.803836436886422
-1.808260798249103
-1.808970769183009
-1.8093330773874479
-1.8083149173333748
-1.8140991605531358
-1.8145580621048323
-1.8008236105332598
