-1.4917644873002383
-0.37097178352973803
-0.7275957726536071
-0.6691521015444626
-0.7587815691279653
-1.026723575731772
-1.0267235757317719
-0.49571714877277356
-0.43334446615125577
-0.6447536228018949
-0.7275957726536071
-0.7587815691279653
-0.7275957726536071
-0.7396255427475765
-0.7315242393295797
-0.7155660025596375
-0.433344466151256
-0.7550210663318313
-0.7863787698632629
-0.7275957726536071
-0.7275957726536071
-0.7860394437627516
-0.7743480372904068
-1.026723575731772
-0.43334446615125577
-0.7708118840583353
-0.7275957726536071
-0.6964099761792488
-0.4333441888844496
-0.4333441888844496
-0.7275957726536071
-0.4214850444819157
-0.7862071816929406
-0.7275957726536071
-1.1512708679530346
-0.6928732781107768
-0.7396255427475766
-1.0218470791559584
-0.42846824684224827
-0.7743477600236005
-0.7396249979111761
-0.8173926592805478
-0.7155660025596375
-0.7275957726536071
-0.7587815691279653
-1.0218470791559584
-0.7155660025596375
-0.8924232903588819
-0.4211425117334068
-0.6928732781107768
-1.2674077077007924
-1.2674077077007924
9.539497440007229e-33
-0.7551920410066215
-1.026723575731772
-0.9999999999999996
-0.6964099761792488
-0.7155660025596376
-0.7275957726536071
-0.7396255427475766
-1.026723575731772
-0.7275957726536071
-0.6964094313428484
-0.7860388989263509
-0.9164837243665762
-0.7743483145572132
-0.7587821139643659
-0.7275957726536071
-0.7587821139643659
-0.7862068628061896
-0.7587821139643659
-1.0218470791559582
-0.433344466151256
-0.7550208403821819
-1.0218470791559584
-0.7001704789753829
-0.7275957726536071
-1.0218473564227648
-0.4284679695754421
-0.4284682468422484
-0.7743480372904068
-0.7813309623839333
-0.433344466151256
-0.8053911461640078
-1.1512712138789725
-0.7396255427475766
-1.0218470791559584
-0.6964094313428483
-0.791083359382003
-0.6964099761792488
-0.4284682884621933
-1.0218473564227648
-0.9999999999999994
-1.7333016504126249
-1.0218473564227648
-0.7275957726536071
-0.9091589313372292
-0.7275957726536071
-1.0218470791559584
-1.0218470791559584
-0.7155660025596376
-0.4284679695754423
-0.7275957726536071
-1.021847079155958
-1.1389021593044362
-0.49571714877277356
-0.7275957726536071
-0.6964099761792488
-1.0267235757317719
-0.6964099761792488
-0.6377988860266663
-0.8924234989665569
-0.7862068628061896
-0.7275957726536071
-1.6152264660032811
-0.6808435080168074
-0.7275957726536071
-0.9091589313372296
-0.6964094313428484
-1.026723575731772
-0.6964099761792488
-0.7275957726536071
-0.7587821139643659
-0.433344466151256
-0.7155660025596375
-0.4284679695754421
-0.7071067811865474
-0.07560557292050851
-1.0218473564227648
-0.7275957726536071
-0.7275957726536071
-0.7155660025596376
-1.0218470791559584
-0.7001707049250324
-0.07560557292050851
-0.7708118840583355
-0.7275957726536071
-1.127211030098898
-0.7860394853826962
-0.7863778073843763
-0.4284679695754423
-0.6964094313428483
-0.4333441888844495
-1.7333016504126249
-0.7984085399572326
-0.7275957726536071
-0.7275957726536071
-1.0218473564227646
-0.6932116417324017
-0.8172252402371099
-1.0218473564227648
-0.7071067811865476
-0.7899679104387242
-0.7587815691279653
-0.7155660025596375
-1.4917648332261764
-0.7813309623839332
-0.7275957726536071
-0.9999999999999998
-0.43334446615125577
-0.4284679695754421
-0.9095010765398561
-0.6689843636142736
-0.38317275424814773
-1.0218470791559584
-0.44520333328698336
-0.7275957726536071
-0.8924234989665569
-0.7587821139643659
-1.0218470791559584
-0.7587821139643658
-1.0267235757317719
-0.4333441888844496
-0.9091589313372295
-1.0218470791559584
-0.7275957726536071
-0.7467517990339959
-1.0218470791559584
-1.0267235757317719
-0.7275957726536071
-0.7155660025596375
-0.4284679695754421
-0.7910833593820035
-0.4284679695754421
-0.7984085399572326
-0.9047925951610376
-0.7275957726536071
-0.9999999999999996
-0.7467523438703965
-0.7275957726536071
-0.48351617805436425
-0.7587815691279653
-0.6689843636142736
-0.6879697342066231
-1.0218470791559582
-0.7984085399572324
-1.1442882201263143
-0.7587821139643658
-0.7860394021428065
-0.7623182671964372
-0.7275957726536071
-0.4957171487727735
-1.1512708679530346
-1.0267235757317719
-0.7862071816929406
-0.7550208403821818
-0.7899679104387242
-1.0218470791559584
-0.7587815691279653
-0.4284679695754421
-1.0267235757317719
-0.37097178352973836
-0.8053911461640078
-1.0218470791559582
-0.6964094313428483
-0.022774685293248997
-0.4284676506886911
-0.4333441888844496
-1.0218470791559584
-0.3803479267206775
-0.7587815691279653
-0.4284679695754421
-0.7548531024519927
-0.433512204081445
-0.9999999999999994
-0.7550210663318313
-0.43822068546026327
-1.2623637920815407
-0.6964094313428483
-1.0218470791559582
-0.7743483145572132
-1.0267235757317719
-0.7155660025596375
-0.7155660025596376
-0.7587815691279653
-0.7275957726536071
-0.7860394437627516
-0.7275963174900077
-0.4284676506886911
-0.7860399885991523
-0.7001707049250324
-0.9999999999999997
-0.433344466151256
-0.4284679695754421
-1.0218470791559582
-0.43351160792788745
-0.495548362789728
-0.4284679695754423
-1.0218470791559582
-0.7275957726536071
-0.42846824684224827
-0.7587821139643659
-0.7548531024519929
-1.0218473564227646
-0.7396255427475765
-0.42846739464243827
-0.7275957726536071
-0.8173935230036994
-0.7155660025596376
-1.0218470791559584
-0.4284679695754423
-0.7275957726536071
-0.7275957726536071
-0.66522363486849
-0.7587815691279653
-0.43334446615125577
-0.7275957726536071
-0.7743480372904068
-0.433344466151256
-0.6567833928958643
-0.4957171487727735
-0.6843802060852794
-0.9999999999999997
-1.7333016504126246
-1.026723575731772
-0.7860399885991523
-0.6531938647745205
-1.144288607672197
-1.2623637920815407
-0.7587821139643659
-0.7155660025596376
-0.8295944937221087
-1.0218470791559582
-0.6928732781107769
-0.7275963174900077
-1.026723575731772
-0.7275957726536071
-1.144288607672197
-0.7275957726536071
-0.7743480372904068
-0.6964099761792488
-0.9999999999999992
-0.6689846825010246
-0.4284679695754423
-0.7275957726536071
-0.7275957726536071
-0.7860394437627518
-0.7275957726536071
-0.7396255427475765
-0.9999999999999996
-0.7860394437627518
-0.7587821139643659
-0.6964099761792488
-0.7396255427475765
-0.7275957726536071
-0.8053908002380694
-0.7548536472883933
-0.7910834010019479
-0.6808435080168074
-0.7275957726536071
-1.026723575731772
-0.4284679695754421
-0.6964099761792488
-0.7587821139643659
-0.7550208403821818
-0.7863778073843763
-0.7003378980188208
-0.7910833593820035
-1.1389021593044364
-0.916483724366576
-0.9999999999999996
-0.6964099761792488
-0.7275957726536071
-0.9091585437913471
-0.4284679695754421
-0.7275957726536071
-0.7672218111005912
-1.026723575731772
-0.9095010765398561
-0.7275957726536071
-0.7862071816929406
-0.6450925613565236
-0.7084397462732184
-1.497151281593937
-1.0218473564227646
-0.4284670070965556
-1.1442882201263145
-0.7862068628061896
-0.6067799637593455
-0.7275957726536071
-0.4284679695754421
-0.7587815691279653
-0.4284679695754421
-0.7467517990339958
-1.0218470791559582
-1.0218470791559582
-0.7396255427475766
-0.404407854454499
-1.026723575731772
-1.1512708679530346
-0.7275957726536071
-0.4284679695754421
-0.7275957726536071
-0.6808435080168074
-0.9999999999999997
-0.7275957726536071
-0.4214850444819158
-0.43334446615125577
-0.7275957726536071
-0.7587815691279653
-0.6964094313428483
-0.06828039234527938
-1.0218470791559584
-0.08031405429932714
-1.1389021593044362
-1.2452865604341794
-0.7275957726536071
-0.6808435080168074
-0.791083359382003
-0.7907408682534388
-1.026723575731772
-0.7275957726536071
-1.5025373840357603
-0.7155660025596375
-0.7708113392219348
-0.9164836827466315
-0.7155660025596375
-0.7275957726536071
-0.4333441888844495
-1.0218470791559584
-0.7743477600236005
-0.6843802060852794
-0.7548531024519929
-0.7910833593820035
-0.6255970515851056
-1.0218470791559582
-0.7275957726536071
-0.7899679104387242
-1.0218470791559582
-0.7275957726536071
-0.8295944937221086
-0.7275957726536071
-0.7862071816929406
-0.7548531024519929
-1.269346398288316
-0.4382206854602636
-1.0218470791559584
-1.026723575731772
-1.269346398288316
-0.07089709154168988
-0.6964094313428483
-0.7587815691279653
-0.7275957726536071
-0.8173926592805478
-0.7084392014368177
-0.7001707049250323
-1.0218473564227646
-0.4284676923086359
-0.7275957726536071
-1.026723575731772
-0.7813303662303761
-0.43334446615125577
-1.0218473564227646
-0.4214856406354732
-0.7813309623839333
-0.7275957726536071
-0.4333441888844495
-0.4284679695754421
-0.7275957726536071
-0.0803140542993267
-0.7001707049250324
-0.7743480372904068
-0.6964099761792488
-0.4284682468422484
-1.0267235757317719
-1.0218470791559584
-0.7860394437627516
-0.4525275097633811
-0.7862071816929406
-0.7275957726536071
-0.4284679695754421
-0.7084397462732184
-0.8172252402371099
-0.4284679695754421
-0.7587821139643659
-0.7001704789753829
-1.0218470791559582
-0.09234061774529845
-0.7275957726536071
-1.0218473564227648
-0.7587815691279653
-0.7275957726536071
-0.4284679695754421
-0.7587815691279653
-1.0218470791559582
-1.4917651791521143
-0.7275963174900075
-0.7275957726536071
-0.6447536228018947
-0.7275957726536071
-1.0218473564227646
-0.433344466151256
-0.9047919990074801
-0.9047919990074804
-0.7396255427475766
-1.026723575731772
-0.6928732781107768
-0.4284679695754421
-0.37097178352973803
-1.0218473564227648
-0.9091589313372296
-0.37097259593573306
-1.0218470791559584
-0.791083401001948
-1.0218470791559582
-0.6843802060852793
-0.4333441888844495
-0.7813309623839333
-1.026723575731772
-0.6843802060852794
-0.6531938647745207
-0.7587821139643659
-1.127211030098898
-0.9999999999999996
-1.0218473564227646
-0.6964094313428483
-0.7984085399572324
-0.06828022535754918
-0.6964094313428483
-1.0218470791559584
-1.0218473564227646
-1.0218470791559582
-0.7863787698632628
-0.7275957726536071
-0.7587821139643659
-0.637625889296792
-0.4284676506886911
-0.66522363486849
-1.2623637504615959
-0.4284679695754423
-0.7275957726536071
-0.7396260875839772
-0.6450925613565236
-0.6689843636142736
-0.45252750976338135
-0.7860394437627515
-1.269346398288316
-0.6928732781107768
-0.49571714877277356
-0.7275957726536071
-0.7275957726536071
-1.7333016504126249
-1.245285618354684
-0.07560557292050851
-1.2623637920815407
-1.4917648332261766
-0.791083359382003
-1.0218470791559584
-1.7333016504126249
-0.7984085399572326
-1.021847079155958
-0.7275957726536071
-0.07089649538813281
-0.7984085399572326
-0.8924232903588818
-0.6964094313428483
-1.4971512815939372
-0.433344466151256
-1.7333016504126249
-0.07560557292050851
-1.7333016504126249
-1.2623637920815407
-1.7333016504126249
-0.7001704789753829
-1.2623637920815407
-0.06828039234527938
-1.7333016504126249
-0.916483724366576
-0.4382206854602636
-1.2623637920815407
-1.7386880987803852
-0.7860394021428065
-1.2623637920815407
-0.9047919990074804
-1.5025373840357603
-0.7914259337504574
-1.245285618354684
-1.7386880987803852
-1.615226466003281
-1.7386880987803852
-1.0267235757317719
-1.4917644873002387
-1.245285618354684
-1.2623637920815407
-0.07560557292050851
-1.7333016504126249
-1.7386880987803852
-1.7386880987803852
-1.974838813525011
-1.5025373840357603
-1.7386880987803854
-1.615226466003281
-1.7386880987803852
-1.4971509356679993
-1.615226466003281
-1.7386880987803852
-1.2674077077007924
-1.0218470791559584
-1.974838813525011
-0.45252750976338135
-0.08031405429932703
-0.7396255427475766
-1.7386880987803852
-1.5025373840357603
-1.974838813525011
-1.7333016504126246
-1.4917648332261766
-1.2674077077007924
-1.026723575731772
-1.615226466003281
-1.7386880987803852
-1.4917648332261766
-1.7386880987803852
-1.7386880987803852
-1.4917644873002387
-1.7386880987803852
-1.974838813525011
-1.7386880987803852
-0.9095010765398561
-1.974838813525011
-1.974838813525011
-1.0218470791559582
-1.7386880987803852
-1.5025373840357603
-1.974838813525011
-1.7386880987803852
-0.43822068546026327
-1.974838813525011
-1.7386880987803852
-1.0267235757317719
-1.7386880987803852
-1.974838813525011
-1.026723575731772
-1.7386880987803854
-1.7386880987803854
-1.7386880987803852
-1.5025373840357603
-1.0275766484950823
-1.5025373840357603
-0.9999999999999996
-1.974838813525011
-1.5025373840357603
-0.6689843636142736
-1.974838813525011
-1.7386880987803852
-1.7333019963385625
-1.974838813525011
-1.974838813525011
-1.7386880987803854
-1.7333019963385625
-1.2623637504615959
-1.974838813525011
-1.7333019963385625
-1.2674077077007924
-1.7386880987803854
-1.7386880987803854
-1.974838813525011
-1.5025373840357603
-1.7333019963385625
-1.7386880987803852
-1.5025373840357603
-1.7333016504126249
-1.974838813525011
-1.7333016504126249
-1.0322780313658249
-1.262363750461596
-1.2674077077007924
-1.974838813525011
-1.974838813525011
-1.491765179152114
-1.5025373840357603
-1.7386880987803852
-1.7386880987803852
-1.7386880987803852
-1.2674077077007924
-0.6379657602337038
-1.7333016504126249
-1.0
-1.5025373840357603
-1.974838813525011
-1.615226466003281
-1.7386880987803852
-1.5025373840357603
-1.7333019963385625
-0.7587821139643658
-0.7860394853826962
-1.615226466003281
-1.7386880987803852
-0.7860394437627518
-1.7386880987803852
-1.7386880987803852
-1.974838813525011
-1.2623637504615959
-1.7333016504126246
-1.974838813525011
-1.2623637920815407
-1.4917648332261766
-1.974838813525011
-1.974838813525011
-1.5025373840357603
-1.974838813525011
-1.974838813525011
-1.7333016504126249
-1.974838813525011
-0.40440746690861673
-1.7386880987803854
-1.144288607672197
-1.974838813525011
-1.974838813525011
-1.974838813525011
-1.0267235757317719
-1.026723575731772
-1.974838813525011
-1.7386880987803852
-1.974838813525011
-1.5025373840357603
-1.974838813525011
-1.7386880987803852
-1.7386880987803852
-0.37097178352973803
-1.615226466003281
-1.974838813525011
-1.5025373840357603
-1.7333016504126246
-1.7333016504126246
-1.4917648332261766
-0.7860394437627513
-1.7333016504126246
-0.7984085399572318
-1.974838813525011
-1.7333016504126246
-1.7333016504126246
-1.615226466003281
-0.7860394437627516
-1.615226466003281
-0.4284679695754421
-0.7275957726536071
-1.026723575731772
-0.07089589923457562
-1.974838813525011
-1.4917648332261766
-1.4917644873002383
-1.974838813525011
-1.974838813525011
-1.7333016504126246
-1.4917648332261766
-0.9999999999999997
-1.974838813525011
-1.974838813525011
-0.8053911461640078
-1.974838813525011
-1.491765179152114
-1.026723575731772
-0.6689843636142736
-1.974838813525011
-0.7860394853826962
-1.974838813525011
-1.4917648332261766
-1.974838813525011
-1.615226466003281
-0.4382206854602636
-1.7386880987803854
-1.6152264660032811
-1.7333019963385625
-1.7386880987803852
-1.974838813525011
-0.7275957726536071
-1.615226466003281
-0.43822068546026327
-0.43822068546026327
-0.433344466151256
-1.2452865604341794
-1.615226466003281
-1.2623637920815407
-1.245285618354684
-0.7860398313086339
-1.7333016504126246
-0.6964094313428483
-0.42846769230863535
-0.08031448346515446
-1.0267235757317719
-1.7386880987803852
-1.4917644873002383
-0.7914259337504574
-0.7813303662303761
-1.974838813525011
-1.974838813525011
-1.615226466003281
-1.4971512815939372
-0.7961273166211995
-0.791083359382003
-1.7386880987803852
-0.7708113392219348
-1.2674077077007924
-1.5025373840357603
-1.2623637920815407
-0.7860394437627518
-1.7333016504126249
-1.974838813525011
-1.4971512815939372
-1.2623637920815407
-1.615226466003281
-1.7333019963385625
-0.7910833593820035
-0.7961273166211995
-0.7860394853826962
-1.974838813525011
-1.974838813525011
-0.433344466151256
-1.1512712138789725
-0.7001704789753829
-1.974838813525011
-1.026723575731772
-1.974838813525011
-1.615226466003281
-0.7467517990339959
-1.2623637920815407
-1.7333016504126249
-1.974838813525011
-1.615226466003281
-1.974838813525011
-1.0267235757317719
-1.2693463982883162
-1.974838813525011
-1.974838813525011
-1.5025373840357603
-0.7860394437627518
-1.5025373840357603
-1.974838813525011
-1.615226466003281
-1.4971512815939372
-1.974838813525011
-1.4917644873002387
-1.974838813525011
-1.974838813525011
-1.974838813525011
-1.974838813525011
-1.974838813525011
-1.615226466003281
-1.026723575731772
-1.974838813525011
-1.1389021593044364
-0.42846824684224827
-1.1272104339453404
-1.5025373840357603
-0.6964099761792488
-1.5025373840357603
-1.974838813525011
-1.974838813525011
-0.06828039234527938
-1.026723575731772
-0.8053911461640074
-1.974838813525011
-1.0267235757317719
-1.2623637920815407
-0.7155660025596376
-1.2623637920815407
-1.615226466003281
-0.7275957726536071
-1.2623637920815407
-1.615226466003281
-1.7386880987803852
-1.0218473564227646
-1.7386880987803852
-1.2674077077007924
-1.2674077077007924
-1.974838813525011
-0.43822068546026327
-1.974838813525011
-1.4917648332261766
-0.7984085399572326
-1.2674077077007924
-1.974838813525011
-1.7333016504126249
-0.7860394853826962
-1.974838813525011
-1.974838813525011
-1.2623637920815407
-1.974838813525011
-1.974838813525011
-1.974838813525011
-1.974838813525011
-1.4971509356679993
-1.615226466003281
-1.0218470791559584
-1.0267235757317719
-1.1389021593044364
-0.7275957726536071
-0.7001707049250324
-0.66522363486849
-1.7386880987803854
-1.974838813525011
-0.791083401001948
-1.7386880987803852
-0.7860394853826962
-1.974838813525011
-1.974838813525011
-1.026723575731772
-1.974838813525011
-1.615226466003281
-1.026723575731772
-0.786039831308634
-1.615226466003281
-0.4284679695754423
-0.6964094313428484
-0.4044084293875031
-1.974838813525011
-1.0267235757317719
-1.0267235757317719
-1.974838813525011
-0.495884886702963
-1.974838813525011
-1.0
-1.974838813525011
-1.6152264660032811
-0.07089649538813281
-0.7984081524113499
-0.7396249979111761
-1.974838813525011
-0.9095010765398561
-1.0267235757317719
-1.974838813525011
-1.615226466003281
-1.974838813525011
-0.7914259337504569
-0.7275957726536071
-1.6152264660032811
-1.974838813525011
-1.974838813525011
-1.974838813525011
-1.2623637920815407
-1.974838813525011
-0.9091585437913471
-1.615226466003281
-1.974838813525011
-1.974838813525011
-1.5025373840357603
-0.7961273166212001
-1.974838813525011
-1.974838813525011
-1.974838813525011
-1.615226466003281
-0.7275957726536071
-1.974838813525011
-1.7386880987803854
-1.7333016504126249
-0.7743477600236005
-1.974838813525011
-1.974838813525011
-0.07560497676695133
-0.08501543717006962
-0.7813309623839333
-1.026723575731772
-1.974838813525011
-1.615226466003281
-1.7333016504126246
-1.4917648332261766
-0.7910833593820035
-1.974838813525011
-1.6152264660032811
-0.7572699322226816
-1.974838813525011
-1.026723575731772
-1.5025373840357603
-0.9095010765398561
-1.2674077077007924
-1.615226466003281
-1.974838813525011
-1.026723575731772
-1.2674077077007924
-0.7860394853826959
-1.974838813525011
-1.974838813525011
-1.7333016504126249
-0.9999999999999996
-0.7984085399572326
-1.974838813525011
-1.7333019963385625
-1.026723575731772
-1.026723575731772
-1.974838813525011
-1.7333016504126249
-0.7860394437627515
-0.9999999999999998
-1.974838813525011
-1.2623637920815407
-1.143946074923688
-1.5025373840357603
-1.7386880987803852
-1.2674077077007924
-1.974838813525011
-1.615226466003281
-0.07560497676695133
-0.6689846825010246
-1.7333016504126249
-1.974838813525011
-1.1512708679530346
-1.974838813525011
-1.0267235757317719
-1.615226466003281
-0.7275957726536071
-1.7386880987803852
-1.974838813525011
-1.974838813525011
-1.0218470791559584
-1.974838813525011
-1.974838813525011
-1.0275766484950823
-1.0267235757317719
-0.7587821139643659
-0.09234061774529845
-1.2623637920815407
-0.6928732781107769
-1.974838813525011
-1.2674077077007924
-1.2674077077007924
-1.2623637504615959
-0.9999999999999998
-1.974838813525011
-0.7275957726536071
-1.262363750461596
-1.974838813525011
-1.974838813525011
-1.974838813525011
-1.974838813525011
-1.974838813525011
-1.974838813525011
-1.974838813525011
-1.2623637920815407
-1.2623637920815407
-0.4284679695754421
-0.7623182671964374
-1.974838813525011
-1.4917644873002387
-0.7984085399572326
-1.615226466003281
-1.974838813525011
-1.974838813525011
-0.7572695862967436
-0.7910834010019479
