0.0,3.141592653589793,0.0,3.141592653589793,0.0,1.5707963267948966,0.0,0.0,0.0,3.141592653589793,0.0,3.141592653589793,1.5707963267948966,4.71238898038469,4.71238898038469,3.141592653589793,0.0,0.0,0.0,3.141592653589793,4.71238898038469,0.0,4.71238898038469,1.5707963267948966
3.141592653589793,3.141592653589793,0.0,3.141592653589793,0.0,1.5707963267948966,0.0,0.0,0.0,3.141592653589793,0.0,3.141592653589793,1.5707963267948966,4.71238898038469,4.71238898038469,3.141592653589793,0.0,0.0,0.0,3.141592653589793,4.71238898038469,0.0,4.71238898038469,1.5707963267948966
0.0,6.283185307179586,0.0,3.141592653589793,0.0,1.5707963267948966,0.0,0.0,0.0,3.141592653589793,0.0,3.141592653589793,1.5707963267948966,4.71238898038469,4.71238898038469,3.141592653589793,0.0,0.0,0.0,3.141592653589793,4.71238898038469,0.0,4.71238898038469,1.5707963267948966
0.0,3.141592653589793,3.141592653589793,3.141592653589793,0.0,1.5707963267948966,0.0,0.0,0.0,3.141592653589793,0.0,3.141592653589793,1.5707963267948966,4.71238898038469,4.71238898038469,3.141592653589793,0.0,0.0,0.0,3.141592653589793,4.71238898038469,0.0,4.71238898038469,1.5707963267948966
0.0,3.141592653589793,0.0,6.283185307179586,0.0,1.5707963267948966,0.0,0.0,0.0,3.141592653589793,0.0,3.141592653589793,1.5707963267948966,4.71238898038469,4.71238898038469,3.141592653589793,0.0,0.0,0.0,3.141592653589793,4.71238898038469,0.0,4.71238898038469,1.5707963267948966
0.0,3.141592653589793,0.0,3.141592653589793,3.141592653589793,1.5707963267948966,0.0,0.0,0.0,3.141592653589793,0.0,3.141592653589793,1.5707963267948966,4.71238898038469,4.71238898038469,3.141592653589793,0.0,0.0,0.0,3.141592653589793,4.71238898038469,0.0,4.71238898038469,1.5707963267948966
0.0,3.141592653589793,0.0,3.141592653589793,0.0,4.71238898038469,0.0,0.0,0.0,3.141592653589793,0.0,3.141592653589793,1.5707963267948966,4.71238898038469,4.71238898038469,3.141592653589793,0.0,0.0,0.0,3.141592653589793,4.71238898038469,0.0,4.71238898038469,1.5707963267948966
0.0,3.141592653589793,0.0,3.141592653589793,0.0,1.5707963267948966,3.141592653589793,0.0,0.0,3.141592653589793,0.0,3.141592653589793,1.5707963267948966,4.71238898038469,4.71238898038469,3.141592653589793,0.0,0.0,0.0,3.141592653589793,4.71238898038469,0.0,4.71238898038469,1.5707963267948966
0.0,3.141592653589793,0.0,3.141592653589793,0.0,1.5707963267948966,0.0,3.141592653589793,0.0,3.141592653589793,0.0,3.141592653589793,1.5707963267948966,4.71238898038469,4.71238898038469,3.141592653589793,0.0,0.0,0.0,3.141592653589793,4.71238898038469,0.0,4.71238898038469,1.5707963267948966
0.0,3.141592653589793,0.0,3.141592653589793,0.0,1.5707963267948966,0.0,0.0,3.141592653589793,3.141592653589793,0.0,3.141592653589793,1.5707963267948966,4.71238898038469,4.71238898038469,3.141592653589793,0.0,0.0,0.0,3.141592653589793,4.71238898038469,0.0,4.71238898038469,1.5707963267948966
0.0,3.141592653589793,0.0,3.141592653589793,0.0,1.5707963267948966,0.0,0.0,0.0,6.283185307179586,0.0,3.141592653589793,1.5707963267948966,4.71238898038469,4.71238898038469,3.141592653589793,0.0,0.0,0.0,3.141592653589793,4.71238898038469,0.0,4.71238898038469,1.5707963267948966
0.0,3.141592653589793,0.0,3.141592653589793,0.0,1.5707963267948966,0.0,0.0,0.0,3.141592653589793,3.141592653589793,3.141592653589793,1.5707963267948966,4.71238898038469,4.71238898038469,3.141592653589793,0.0,0.0,0.0,3.141592653589793,4.71238898038469,0.0,4.71238898038469,1.5707963267948966
0.0,3.141592653589793,0.0,3.141592653589793,0.0,1.5707963267948966,0.0,0.0,0.0,3.141592653589793,0.0,6.283185307179586,1.5707963267948966,4.71238898038469,4.71238898038469,3.141592653589793,0.0,0.0,0.0,3.141592653589793,4.71238898038469,0.0,4.71238898038469,1.5707963267948966
0.0,3.141592653589793,0.0,3.141592653589793,0.0,1.5707963267948966,0.0,0.0,0.0,3.141592653589793,0.0,3.141592653589793,4.71238898038469,4.71238898038469,4.71238898038469,3.141592653589793,0.0,0.0,0.0,3.141592653589793,4.71238898038469,0.0,4.71238898038469,1.5707963267948966
0.0,3.141592653589793,0.0,3.141592653589793,0.0,1.5707963267948966,0.0,0.0,0.0,3.141592653589793,0.0,3.141592653589793,1.5707963267948966,4.71238898038469,4.71238898038469,6.283185307179586,0.0,0.0,0.0,3.141592653589793,4.71238898038469,0.0,4.71238898038469,1.5707963267948966
0.0,3.141592653589793,0.0,3.141592653589793,0.0,1.5707963267948966,0.0,0.0,0.0,3.141592653589793,0.0,3.141592653589793,1.5707963267948966,4.71238898038469,4.71238898038469,3.141592653589793,3.141592653589793,0.0,0.0,3.141592653589793,4.71238898038469,0.0,4.71238898038469,1.5707963267948966
0.0,3.141592653589793,0.0,3.141592653589793,0.0,1.5707963267948966,0.0,0.0,0.0,3.141592653589793,0.0,3.141592653589793,1.5707963267948966,4.71238898038469,4.71238898038469,3.141592653589793,0.0,3.141592653589793,0.0,3.141592653589793,4.71238898038469,0.0,4.71238898038469,1.5707963267948966
0.0,3.141592653589793,0.0,3.141592653589793,0.0,1.5707963267948966,0.0,0.0,0.0,3.141592653589793,0.0,3.141592653589793,1.5707963267948966,4.71238898038469,4.71238898038469,3.141592653589793,0.0,0.0,3.141592653589793,3.141592653589793,4.71238898038469,0.0,4.71238898038469,1.5707963267948966
0.0,3.141592653589793,0.0,3.141592653589793,0.0,1.5707963267948966,0.0,0.0,0.0,3.141592653589793,0.0,3.141592653589793,1.5707963267948966,4.71238898038469,4.71238898038469,3.141592653589793,0.0,0.0,0.0,6.283185307179586,4.71238898038469,0.0,4.71238898038469,1.5707963267948966
0.0,3.141592653589793,0.0,3.141592653589793,0.0,1.5707963267948966,0.0,0.0,0.0,3.141592653589793,0.0,3.141592653589793,1.5707963267948966,4.71238898038469,4.71238898038469,3.141592653589793,0.0,0.0,0.0,3.141592653589793,4.71238898038469,3.141592653589793,4.71238898038469,1.5707963267948966
0.0,3.141592653589793,0.0,3.141592653589793,0.0,1.5707963267948966,0.0,0.0,0.0,3.141592653589793,0.0,3.141592653589793,1.5707963267948966,4.71238898038469,4.71238898038469,3.141592653589793,0.0,0.0,0.0,3.141592653589793,4.71238898038469,0.0,4.71238898038469,4.71238898038469
0.0,0.0,0.0,3.141592653589793,0.0,1.5707963267948966,0.0,0.0,0.0,3.141592653589793,0.0,3.141592653589793,1.5707963267948966,4.71238898038469,4.71238898038469,3.141592653589793,0.0,0.0,0.0,3.141592653589793,4.71238898038469,0.0,4.71238898038469,1.5707963267948966
0.0,3.141592653589793,0.0,0.0,0.0,1.5707963267948966,0.0,0.0,0.0,3.141592653589793,0.0,3.141592653589793,1.5707963267948966,4.71238898038469,4.71238898038469,3.141592653589793,0.0,0.0,0.0,3.141592653589793,4.71238898038469,0.0,4.71238898038469,1.5707963267948966
0.0,3.141592653589793,0.0,3.141592653589793,0.0,1.5707963267948966,0.0,0.0,0.0,0.0,0.0,3.141592653589793,1.5707963267948966,4.71238898038469,4.71238898038469,3.141592653589793,0.0,0.0,0.0,3.141592653589793,4.71238898038469,0.0,4.71238898038469,1.5707963267948966
0.0,3.141592653589793,0.0,3.141592653589793,0.0,1.5707963267948966,0.0,0.0,0.0,3.141592653589793,0.0,0.0,1.5707963267948966,4.71238898038469,4.71238898038469,3.141592653589793,0.0,0.0,0.0,3.141592653589793,4.71238898038469,0.0,4.71238898038469,1.5707963267948966
0.0,3.141592653589793,0.0,3.141592653589793,0.0,1.5707963267948966,0.0,0.0,0.0,3.141592653589793,0.0,3.141592653589793,1.5707963267948966,1.5707963267948966,4.71238898038469,3.141592653589793,0.0,0.0,0.0,3.141592653589793,4.71238898038469,0.0,4.71238898038469,1.5707963267948966
0.0,3.141592653589793,0.0,3.141592653589793,0.0,1.5707963267948966,0.0,0.0,0.0,3.141592653589793,0.0,3.141592653589793,1.5707963267948966,4.71238898038469,1.5707963267948966,3.141592653589793,0.0,0.0,0.0,3.141592653589793,4.71238898038469,0.0,4.71238898038469,1.5707963267948966
0.0,3.141592653589793,0.0,3.141592653589793,0.0,1.5707963267948966,0.0,0.0,0.0,3.141592653589793,0.0,3.141592653589793,1.5707963267948966,4.71238898038469,4.71238898038469,0.0,0.0,0.0,0.0,3.141592653589793,4.71238898038469,0.0,4.71238898038469,1.5707963267948966
0.0,3.141592653589793,0.0,3.141592653589793,0.0,1.5707963267948966,0.0,0.0,0.0,3.141592653589793,0.0,3.141592653589793,1.5707963267948966,4.71238898038469,4.71238898038469,3.141592653589793,0.0,0.0,0.0,0.0,4.71238898038469,0.0,4.71238898038469,1.5707963267948966
0.0,3.141592653589793,0.0,3.141592653589793,0.0,1.5707963267948966,0.0,0.0,0.0,3.141592653589793,0.0,3.141592653589793,1.5707963267948966,4.71238898038469,4.71238898038469,3.141592653589793,0.0,0.0,0.0,3.141592653589793,1.5707963267948966,0.0,4.71238898038469,1.5707963267948966
0.0,3.141592653589793,0.0,3.141592653589793,0.0,1.5707963267948966,0.0,0.0,0.0,3.141592653589793,0.0,3.141592653589793,1.5707963267948966,4.71238898038469,4.71238898038469,3.141592653589793,0.0,0.0,0.0,3.141592653589793,4.71238898038469,0.0,1.5707963267948966,1.5707963267948966
0.0,3.1007257197066536,0.0,3.1452397127260983,0.0,1.5530429513966628,0.0,0.028516437930138635,0.0,3.1290113022178176,0.0,3.15963168544103,1.576271431666294,4.714056943577041,4.673689893104795,3.1617501168592756,0.0,0.0,0.0,3.135107886707395,4.735877939043156,0.0,4.680087529605828,1.5637158281979018
3.141592653589793,3.1007257197066536,0.0,3.1452397127260983,0.0,1.5530429513966628,0.0,0.028516437930138635,0.0,3.1290113022178176,0.0,3.15963168544103,1.576271431666294,4.714056943577041,4.673689893104795,3.1617501168592756,0.0,0.0,0.0,3.135107886707395,4.735877939043156,0.0,4.680087529605828,1.5637158281979018
0.0,6.242318373296447,0.0,3.1452397127260983,0.0,1.5530429513966628,0.0,0.028516437930138635,0.0,3.1290113022178176,0.0,3.15963168544103,1.576271431666294,4.714056943577041,4.673689893104795,3.1617501168592756,0.0,0.0,0.0,3.135107886707395,4.735877939043156,0.0,4.680087529605828,1.5637158281979018
0.0,3.1007257197066536,3.141592653589793,3.1452397127260983,0.0,1.5530429513966628,0.0,0.028516437930138635,0.0,3.1290113022178176,0.0,3.15963168544103,1.576271431666294,4.714056943577041,4.673689893104795,3.1617501168592756,0.0,0.0,0.0,3.135107886707395,4.735877939043156,0.0,4.680087529605828,1.5637158281979018
0.0,3.1007257197066536,0.0,3.1452397127260983,3.141592653589793,1.5530429513966628,0.0,0.028516437930138635,0.0,3.1290113022178176,0.0,3.15963168544103,1.576271431666294,4.714056943577041,4.673689893104795,3.1617501168592756,0.0,0.0,0.0,3.135107886707395,4.735877939043156,0.0,4.680087529605828,1.5637158281979018
0.0,3.1007257197066536,0.0,3.1452397127260983,0.0,4.6946356049864555,0.0,0.028516437930138635,0.0,3.1290113022178176,0.0,3.15963168544103,1.576271431666294,4.714056943577041,4.673689893104795,3.1617501168592756,0.0,0.0,0.0,3.135107886707395,4.735877939043156,0.0,4.680087529605828,1.5637158281979018
0.0,3.1007257197066536,0.0,3.1452397127260983,0.0,1.5530429513966628,3.141592653589793,0.028516437930138635,0.0,3.1290113022178176,0.0,3.15963168544103,1.576271431666294,4.714056943577041,4.673689893104795,3.1617501168592756,0.0,0.0,0.0,3.135107886707395,4.735877939043156,0.0,4.680087529605828,1.5637158281979018
0.0,3.1007257197066536,0.0,3.1452397127260983,0.0,1.5530429513966628,0.0,3.1701090915199317,0.0,3.1290113022178176,0.0,3.15963168544103,1.576271431666294,4.714056943577041,4.673689893104795,3.1617501168592756,0.0,0.0,0.0,3.135107886707395,4.735877939043156,0.0,4.680087529605828,1.5637158281979018
0.0,3.1007257197066536,0.0,3.1452397127260983,0.0,1.5530429513966628,0.0,0.028516437930138635,3.141592653589793,3.1290113022178176,0.0,3.15963168544103,1.576271431666294,4.714056943577041,4.673689893104795,3.1617501168592756,0.0,0.0,0.0,3.135107886707395,4.735877939043156,0.0,4.680087529605828,1.5637158281979018
0.0,3.1007257197066536,0.0,3.1452397127260983,0.0,1.5530429513966628,0.0,0.028516437930138635,0.0,6.27060395580761,0.0,3.15963168544103,1.576271431666294,4.714056943577041,4.673689893104795,3.1617501168592756,0.0,0.0,0.0,3.135107886707395,4.735877939043156,0.0,4.680087529605828,1.5637158281979018
0.0,3.1007257197066536,0.0,3.1452397127260983,0.0,1.5530429513966628,0.0,0.028516437930138635,0.0,3.1290113022178176,3.141592653589793,3.15963168544103,1.576271431666294,4.714056943577041,4.673689893104795,3.1617501168592756,0.0,0.0,0.0,3.135107886707395,4.735877939043156,0.0,4.680087529605828,1.5637158281979018
0.0,3.1007257197066536,0.0,3.1452397127260983,0.0,1.5530429513966628,0.0,0.028516437930138635,0.0,3.1290113022178176,0.0,3.15963168544103,4.717864085256087,4.714056943577041,4.673689893104795,3.1617501168592756,0.0,0.0,0.0,3.135107886707395,4.735877939043156,0.0,4.680087529605828,1.5637158281979018
0.0,3.1007257197066536,0.0,3.1452397127260983,0.0,1.5530429513966628,0.0,0.028516437930138635,0.0,3.1290113022178176,0.0,3.15963168544103,1.576271431666294,4.714056943577041,4.673689893104795,3.1617501168592756,3.141592653589793,0.0,0.0,3.135107886707395,4.735877939043156,0.0,4.680087529605828,1.5637158281979018
0.0,3.1007257197066536,0.0,3.1452397127260983,0.0,1.5530429513966628,0.0,0.028516437930138635,0.0,3.1290113022178176,0.0,3.15963168544103,1.576271431666294,4.714056943577041,4.673689893104795,3.1617501168592756,0.0,3.141592653589793,0.0,3.135107886707395,4.735877939043156,0.0,4.680087529605828,1.5637158281979018
0.0,3.1007257197066536,0.0,3.1452397127260983,0.0,1.5530429513966628,0.0,0.028516437930138635,0.0,3.1290113022178176,0.0,3.15963168544103,1.576271431666294,4.714056943577041,4.673689893104795,3.1617501168592756,0.0,0.0,3.141592653589793,3.135107886707395,4.735877939043156,0.0,4.680087529605828,1.5637158281979018
0.0,3.1007257197066536,0.0,3.1452397127260983,0.0,1.5530429513966628,0.0,0.028516437930138635,0.0,3.1290113022178176,0.0,3.15963168544103,1.576271431666294,4.714056943577041,4.673689893104795,3.1617501168592756,0.0,0.0,0.0,6.276700540297188,4.735877939043156,0.0,4.680087529605828,1.5637158281979018
0.0,3.1007257197066536,0.0,3.1452397127260983,0.0,1.5530429513966628,0.0,0.028516437930138635,0.0,3.1290113022178176,0.0,3.15963168544103,1.576271431666294,4.714056943577041,4.673689893104795,3.1617501168592756,0.0,0.0,0.0,3.135107886707395,4.735877939043156,3.141592653589793,4.680087529605828,1.5637158281979018
0.0,3.1007257197066536,0.0,3.1452397127260983,0.0,1.5530429513966628,0.0,0.028516437930138635,0.0,3.1290113022178176,0.0,3.15963168544103,1.576271431666294,4.714056943577041,4.673689893104795,3.1617501168592756,0.0,0.0,0.0,3.135107886707395,4.735877939043156,0.0,4.680087529605828,4.705308481787695
0.0,3.1007257197066536,0.0,0.0036470591363051597,0.0,1.5530429513966628,0.0,0.028516437930138635,0.0,3.1290113022178176,0.0,3.15963168544103,1.576271431666294,4.714056943577041,4.673689893104795,3.1617501168592756,0.0,0.0,0.0,3.135107886707395,4.735877939043156,0.0,4.680087529605828,1.5637158281979018
0.0,3.1007257197066536,0.0,3.1452397127260983,0.0,1.5530429513966628,0.0,0.028516437930138635,0.0,3.1290113022178176,0.0,0.01803903185123648,1.576271431666294,4.714056943577041,4.673689893104795,3.1617501168592756,0.0,0.0,0.0,3.135107886707395,4.735877939043156,0.0,4.680087529605828,1.5637158281979018
0.0,3.1007257197066536,0.0,3.1452397127260983,0.0,1.5530429513966628,0.0,0.028516437930138635,0.0,3.1290113022178176,0.0,3.15963168544103,1.576271431666294,1.5724642899872474,4.673689893104795,3.1617501168592756,0.0,0.0,0.0,3.135107886707395,4.735877939043156,0.0,4.680087529605828,1.5637158281979018
0.0,3.1007257197066536,0.0,3.1452397127260983,0.0,1.5530429513966628,0.0,0.028516437930138635,0.0,3.1290113022178176,0.0,3.15963168544103,1.576271431666294,4.714056943577041,1.5320972395150014,3.1617501168592756,0.0,0.0,0.0,3.135107886707395,4.735877939043156,0.0,4.680087529605828,1.5637158281979018
0.0,3.1007257197066536,0.0,3.1452397127260983,0.0,1.5530429513966628,0.0,0.028516437930138635,0.0,3.1290113022178176,0.0,3.15963168544103,1.576271431666294,4.714056943577041,4.673689893104795,0.02015746326948273,0.0,0.0,0.0,3.135107886707395,4.735877939043156,0.0,4.680087529605828,1.5637158281979018
0.0,3.1007257197066536,0.0,3.1452397127260983,0.0,1.5530429513966628,0.0,0.028516437930138635,0.0,3.1290113022178176,0.0,3.15963168544103,1.576271431666294,4.714056943577041,4.673689893104795,3.1617501168592756,0.0,0.0,0.0,3.135107886707395,1.5942852854533627,0.0,4.680087529605828,1.5637158281979018
0.0,3.1007257197066536,0.0,3.1452397127260983,0.0,1.5530429513966628,0.0,0.028516437930138635,0.0,3.1290113022178176,0.0,3.15963168544103,1.576271431666294,4.714056943577041,4.673689893104795,3.1617501168592756,0.0,0.0,0.0,3.135107886707395,4.735877939043156,0.0,1.5384948760160346,1.5637158281979018
1.5707963267948966,3.141592653589793,0.0,3.141592653589793,0.0,1.5707963267948966,0.0,0.0,0.0,3.141592653589793,0.0,3.141592653589793,1.5707963267948966,4.71238898038469,4.71238898038469,6.283185307179586,0.0,0.0,0.0,3.141592653589793,4.71238898038469,0.0,4.71238898038469,1.5707963267948966
0.0,4.71238898038469,0.0,3.141592653589793,0.0,1.5707963267948966,0.0,0.0,0.0,3.141592653589793,0.0,3.141592653589793,1.5707963267948966,4.71238898038469,4.71238898038469,6.283185307179586,0.0,0.0,0.0,3.141592653589793,4.71238898038469,0.0,4.71238898038469,1.5707963267948966
0.0,3.141592653589793,1.5707963267948966,3.141592653589793,0.0,1.5707963267948966,0.0,0.0,0.0,3.141592653589793,0.0,3.141592653589793,1.5707963267948966,4.71238898038469,4.71238898038469,6.283185307179586,0.0,0.0,0.0,3.141592653589793,4.71238898038469,0.0,4.71238898038469,1.5707963267948966
0.0,3.141592653589793,0.0,4.71238898038469,0.0,1.5707963267948966,0.0,0.0,0.0,3.141592653589793,0.0,3.141592653589793,1.5707963267948966,4.71238898038469,4.71238898038469,6.283185307179586,0.0,0.0,0.0,3.141592653589793,4.71238898038469,0.0,4.71238898038469,1.5707963267948966
0.0,3.141592653589793,0.0,3.141592653589793,1.5707963267948966,1.5707963267948966,0.0,0.0,0.0,3.141592653589793,0.0,3.141592653589793,1.5707963267948966,4.71238898038469,4.71238898038469,6.283185307179586,0.0,0.0,0.0,3.141592653589793,4.71238898038469,0.0,4.71238898038469,1.5707963267948966
0.0,3.141592653589793,0.0,3.141592653589793,0.0,3.141592653589793,0.0,0.0,0.0,3.141592653589793,0.0,3.141592653589793,1.5707963267948966,4.71238898038469,4.71238898038469,6.283185307179586,0.0,0.0,0.0,3.141592653589793,4.71238898038469,0.0,4.71238898038469,1.5707963267948966
0.0,3.141592653589793,0.0,3.141592653589793,0.0,1.5707963267948966,1.5707963267948966,0.0,0.0,3.141592653589793,0.0,3.141592653589793,1.5707963267948966,4.71238898038469,4.71238898038469,6.283185307179586,0.0,0.0,0.0,3.141592653589793,4.71238898038469,0.0,4.71238898038469,1.5707963267948966
0.0,3.141592653589793,0.0,3.141592653589793,0.0,1.5707963267948966,0.0,1.5707963267948966,0.0,3.141592653589793,0.0,3.141592653589793,1.5707963267948966,4.71238898038469,4.71238898038469,6.283185307179586,0.0,0.0,0.0,3.141592653589793,4.71238898038469,0.0,4.71238898038469,1.5707963267948966
0.0,3.141592653589793,0.0,3.141592653589793,0.0,1.5707963267948966,0.0,0.0,1.5707963267948966,3.141592653589793,0.0,3.141592653589793,1.5707963267948966,4.71238898038469,4.71238898038469,6.283185307179586,0.0,0.0,0.0,3.141592653589793,4.71238898038469,0.0,4.71238898038469,1.5707963267948966
0.0,3.141592653589793,0.0,3.141592653589793,0.0,1.5707963267948966,0.0,0.0,0.0,4.71238898038469,0.0,3.141592653589793,1.5707963267948966,4.71238898038469,4.71238898038469,6.283185307179586,0.0,0.0,0.0,3.141592653589793,4.71238898038469,0.0,4.71238898038469,1.5707963267948966
0.0,3.141592653589793,0.0,3.141592653589793,0.0,1.5707963267948966,0.0,0.0,0.0,3.141592653589793,1.5707963267948966,3.141592653589793,1.5707963267948966,4.71238898038469,4.71238898038469,6.283185307179586,0.0,0.0,0.0,3.141592653589793,4.71238898038469,0.0,4.71238898038469,1.5707963267948966
0.0,3.141592653589793,0.0,3.141592653589793,0.0,1.5707963267948966,0.0,0.0,0.0,3.141592653589793,0.0,4.71238898038469,1.5707963267948966,4.71238898038469,4.71238898038469,6.283185307179586,0.0,0.0,0.0,3.141592653589793,4.71238898038469,0.0,4.71238898038469,1.5707963267948966
0.0,3.141592653589793,0.0,3.141592653589793,0.0,1.5707963267948966,0.0,0.0,0.0,3.141592653589793,0.0,3.141592653589793,3.141592653589793,4.71238898038469,4.71238898038469,6.283185307179586,0.0,0.0,0.0,3.141592653589793,4.71238898038469,0.0,4.71238898038469,1.5707963267948966
0.0,3.141592653589793,0.0,3.141592653589793,0.0,1.5707963267948966,0.0,0.0,0.0,3.141592653589793,0.0,3.141592653589793,1.5707963267948966,6.283185307179586,4.71238898038469,6.283185307179586,0.0,0.0,0.0,3.141592653589793,4.71238898038469,0.0,4.71238898038469,1.5707963267948966
0.0,3.141592653589793,0.0,3.141592653589793,0.0,1.5707963267948966,0.0,0.0,0.0,3.141592653589793,0.0,3.141592653589793,1.5707963267948966,4.71238898038469,6.283185307179586,6.283185307179586,0.0,0.0,0.0,3.141592653589793,4.71238898038469,0.0,4.71238898038469,1.5707963267948966
0.0,3.141592653589793,0.0,3.141592653589793,0.0,1.5707963267948966,0.0,0.0,0.0,3.141592653589793,0.0,3.141592653589793,1.5707963267948966,4.71238898038469,4.71238898038469,6.283185307179586,1.5707963267948966,0.0,0.0,3.141592653589793,4.71238898038469,0.0,4.71238898038469,1.5707963267948966
0.0,3.141592653589793,0.0,3.141592653589793,0.0,1.5707963267948966,0.0,0.0,0.0,3.141592653589793,0.0,3.141592653589793,1.5707963267948966,4.71238898038469,4.71238898038469,6.283185307179586,0.0,1.5707963267948966,0.0,3.141592653589793,4.71238898038469,0.0,4.71238898038469,1.5707963267948966
0.0,3.141592653589793,0.0,3.141592653589793,0.0,1.5707963267948966,0.0,0.0,0.0,3.141592653589793,0.0,3.141592653589793,1.5707963267948966,4.71238898038469,4.71238898038469,6.283185307179586,0.0,0.0,1.5707963267948966,3.141592653589793,4.71238898038469,0.0,4.71238898038469,1.5707963267948966
0.0,3.141592653589793,0.0,3.141592653589793,0.0,1.5707963267948966,0.0,0.0,0.0,3.141592653589793,0.0,3.141592653589793,1.5707963267948966,4.71238898038469,4.71238898038469,6.283185307179586,0.0,0.0,0.0,4.71238898038469,4.71238898038469,0.0,4.71238898038469,1.5707963267948966
0.0,3.141592653589793,0.0,3.141592653589793,0.0,1.5707963267948966,0.0,0.0,0.0,3.141592653589793,0.0,3.141592653589793,1.5707963267948966,4.71238898038469,4.71238898038469,6.283185307179586,0.0,0.0,0.0,3.141592653589793,6.283185307179586,0.0,4.71238898038469,1.5707963267948966
0.0,3.141592653589793,0.0,3.141592653589793,0.0,1.5707963267948966,0.0,0.0,0.0,3.141592653589793,0.0,3.141592653589793,1.5707963267948966,4.71238898038469,4.71238898038469,6.283185307179586,0.0,0.0,0.0,3.141592653589793,4.71238898038469,1.5707963267948966,4.71238898038469,1.5707963267948966
0.0,3.141592653589793,0.0,3.141592653589793,0.0,1.5707963267948966,0.0,0.0,0.0,3.141592653589793,0.0,3.141592653589793,1.5707963267948966,4.71238898038469,4.71238898038469,6.283185307179586,0.0,0.0,0.0,3.141592653589793,4.71238898038469,0.0,6.283185307179586,1.5707963267948966
0.0,3.141592653589793,0.0,3.141592653589793,0.0,1.5707963267948966,0.0,0.0,0.0,3.141592653589793,0.0,3.141592653589793,1.5707963267948966,4.71238898038469,4.71238898038469,6.283185307179586,0.0,0.0,0.0,3.141592653589793,4.71238898038469,0.0,4.71238898038469,3.141592653589793
0.0,1.5707963267948966,0.0,3.141592653589793,0.0,1.5707963267948966,0.0,0.0,0.0,3.141592653589793,0.0,3.141592653589793,1.5707963267948966,4.71238898038469,4.71238898038469,6.283185307179586,0.0,0.0,0.0,3.141592653589793,4.71238898038469,0.0,4.71238898038469,1.5707963267948966
0.0,3.141592653589793,0.0,1.5707963267948966,0.0,1.5707963267948966,0.0,0.0,0.0,3.141592653589793,0.0,3.141592653589793,1.5707963267948966,4.71238898038469,4.71238898038469,6.283185307179586,0.0,0.0,0.0,3.141592653589793,4.71238898038469,0.0,4.71238898038469,1.5707963267948966
0.0,3.141592653589793,0.0,3.141592653589793,0.0,0.0,0.0,0.0,0.0,3.141592653589793,0.0,3.141592653589793,1.5707963267948966,4.71238898038469,4.71238898038469,6.283185307179586,0.0,0.0,0.0,3.141592653589793,4.71238898038469,0.0,4.71238898038469,1.5707963267948966
0.0,3.141592653589793,0.0,3.141592653589793,0.0,1.5707963267948966,0.0,0.0,0.0,1.5707963267948966,0.0,3.141592653589793,1.5707963267948966,4.71238898038469,4.71238898038469,6.283185307179586,0.0,0.0,0.0,3.141592653589793,4.71238898038469,0.0,4.71238898038469,1.5707963267948966
0.0,3.141592653589793,0.0,3.141592653589793,0.0,1.5707963267948966,0.0,0.0,0.0,3.141592653589793,0.0,1.5707963267948966,1.5707963267948966,4.71238898038469,4.71238898038469,6.283185307179586,0.0,0.0,0.0,3.141592653589793,4.71238898038469,0.0,4.71238898038469,1.5707963267948966
0.0,3.141592653589793,0.0,3.141592653589793,0.0,1.5707963267948966,0.0,0.0,0.0,3.141592653589793,0.0,3.141592653589793,0.0,4.71238898038469,4.71238898038469,6.283185307179586,0.0,0.0,0.0,3.141592653589793,4.71238898038469,0.0,4.71238898038469,1.5707963267948966
0.0,3.141592653589793,0.0,3.141592653589793,0.0,1.5707963267948966,0.0,0.0,0.0,3.141592653589793,0.0,3.141592653589793,1.5707963267948966,3.141592653589793,4.71238898038469,6.283185307179586,0.0,0.0,0.0,3.141592653589793,4.71238898038469,0.0,4.71238898038469,1.5707963267948966
0.0,3.141592653589793,0.0,3.141592653589793,0.0,1.5707963267948966,0.0,0.0,0.0,3.141592653589793,0.0,3.141592653589793,1.5707963267948966,4.71238898038469,3.141592653589793,6.283185307179586,0.0,0.0,0.0,3.141592653589793,4.71238898038469,0.0,4.71238898038469,1.5707963267948966
0.0,3.141592653589793,0.0,3.141592653589793,0.0,1.5707963267948966,0.0,0.0,0.0,3.141592653589793,0.0,3.141592653589793,1.5707963267948966,4.71238898038469,4.71238898038469,4.71238898038469,0.0,0.0,0.0,3.141592653589793,4.71238898038469,0.0,4.71238898038469,1.5707963267948966
0.0,3.141592653589793,0.0,3.141592653589793,0.0,1.5707963267948966,0.0,0.0,0.0,3.141592653589793,0.0,3.141592653589793,1.5707963267948966,4.71238898038469,4.71238898038469,6.283185307179586,0.0,0.0,0.0,1.5707963267948966,4.71238898038469,0.0,4.71238898038469,1.5707963267948966
0.0,3.141592653589793,0.0,3.141592653589793,0.0,1.5707963267948966,0.0,0.0,0.0,3.141592653589793,0.0,3.141592653589793,1.5707963267948966,4.71238898038469,4.71238898038469,6.283185307179586,0.0,0.0,0.0,3.141592653589793,3.141592653589793,0.0,4.71238898038469,1.5707963267948966
0.0,3.141592653589793,0.0,3.141592653589793,0.0,1.5707963267948966,0.0,0.0,0.0,3.141592653589793,0.0,3.141592653589793,1.5707963267948966,4.71238898038469,4.71238898038469,6.283185307179586,0.0,0.0,0.0,3.141592653589793,4.71238898038469,0.0,3.141592653589793,1.5707963267948966
0.0,3.141592653589793,0.0,3.141592653589793,0.0,1.5707963267948966,0.0,0.0,0.0,3.141592653589793,0.0,3.141592653589793,1.5707963267948966,4.71238898038469,4.71238898038469,6.283185307179586,0.0,0.0,0.0,3.141592653589793,4.71238898038469,0.0,4.71238898038469,0.0
0.0,3.144254946535635,0.0,3.1843548993182837,0.0,1.5832194402289235,0.0,0.0,0.0,3.124609710834648,0.0,3.0488534794876783,1.5413816294281557,4.693007129298331,4.74443916660228,6.283185307179586,0.0,0.0,0.0,3.076870436465956,4.67832805341023,0.0,4.7317099371090325,1.5778820407942329
0.0,3.142923800062714,0.0,3.1629737764540384,0.0,1.57700788351191,0.0,0.0,0.0,3.133101182212221,0.0,3.0952230665387357,1.5560889781115261,4.70269805484151,4.728414073493485,6.283185307179586,0.0,0.0,0.0,3.1092315450278742,4.69535851689746,0.0,4.722049458746861,1.5743391837945646
0.0,3.1422582268262533,0.0,3.152283215021916,0.0,1.5739021051534032,0.0,0.0,0.0,3.137346917901007,0.0,3.118407860064264,1.5634426524532115,4.7075435176131,4.720401526939088,6.283185307179586,0.0,0.0,0.0,3.125412099308834,4.703873748641075,0.0,4.717219219565775,1.5725677552947306
0.0,3.141925440208023,0.0,3.146937934305855,0.0,1.57234921597415,0.0,0.0,0.0,3.1394697857454,0.0,3.130000256827029,1.567119489624054,4.709966248998895,4.716395253661888,6.283185307179586,0.0,0.0,0.0,3.1335023764493135,4.708131364512882,0.0,4.7148040999752325,1.5716820410448136
1.5707963267948966,3.141592653589793,0.0,3.141592653589793,0.0,1.5707963267948966,0.0,0.0,0.0,3.141592653589793,0.0,3.141592653589793,1.5707963267948966,4.71238898038469,4.71238898038469,6.283185307179586,0.0,0.0,0.0,3.141592653589793,4.71238898038469,0.0,4.71238898038469,1.5707963267948966
0.0,4.71238898038469,0.0,3.141592653589793,0.0,1.5707963267948966,0.0,0.0,0.0,3.141592653589793,0.0,3.141592653589793,1.5707963267948966,4.71238898038469,4.71238898038469,6.283185307179586,0.0,0.0,0.0,3.141592653589793,4.71238898038469,0.0,4.71238898038469,1.5707963267948966
0.0,3.141592653589793,1.5707963267948966,3.141592653589793,0.0,1.5707963267948966,0.0,0.0,0.0,3.141592653589793,0.0,3.141592653589793,1.5707963267948966,4.71238898038469,4.71238898038469,6.283185307179586,0.0,0.0,0.0,3.141592653589793,4.71238898038469,0.0,4.71238898038469,1.5707963267948966
0.0,3.141592653589793,0.0,4.71238898038469,0.0,1.5707963267948966,0.0,0.0,0.0,3.141592653589793,0.0,3.141592653589793,1.5707963267948966,4.71238898038469,4.71238898038469,6.283185307179586,0.0,0.0,0.0,3.141592653589793,4.71238898038469,0.0,4.71238898038469,1.5707963267948966
0.0,3.141592653589793,0.0,3.141592653589793,1.5707963267948966,1.5707963267948966,0.0,0.0,0.0,3.141592653589793,0.0,3.141592653589793,1.5707963267948966,4.71238898038469,4.71238898038469,6.283185307179586,0.0,0.0,0.0,3.141592653589793,4.71238898038469,0.0,4.71238898038469,1.5707963267948966
0.0,3.141592653589793,0.0,3.141592653589793,0.0,3.141592653589793,0.0,0.0,0.0,3.141592653589793,0.0,3.141592653589793,1.5707963267948966,4.71238898038469,4.71238898038469,6.283185307179586,0.0,0.0,0.0,3.141592653589793,4.71238898038469,0.0,4.71238898038469,1.5707963267948966
0.0,3.141592653589793,0.0,3.141592653589793,0.0,1.5707963267948966,1.5707963267948966,0.0,0.0,3.141592653589793,0.0,3.141592653589793,1.5707963267948966,4.71238898038469,4.71238898038469,6.283185307179586,0.0,0.0,0.0,3.141592653589793,4.71238898038469,0.0,4.71238898038469,1.5707963267948966
0.0,3.141592653589793,0.0,3.141592653589793,0.0,1.5707963267948966,0.0,1.5707963267948966,0.0,3.141592653589793,0.0,3.141592653589793,1.5707963267948966,4.71238898038469,4.71238898038469,6.283185307179586,0.0,0.0,0.0,3.141592653589793,4.71238898038469,0.0,4.71238898038469,1.5707963267948966
0.0,3.141592653589793,0.0,3.141592653589793,0.0,1.5707963267948966,0.0,0.0,1.5707963267948966,3.141592653589793,0.0,3.141592653589793,1.5707963267948966,4.71238898038469,4.71238898038469,6.283185307179586,0.0,0.0,0.0,3.141592653589793,4.71238898038469,0.0,4.71238898038469,1.5707963267948966
0.0,3.141592653589793,0.0,3.141592653589793,0.0,1.5707963267948966,0.0,0.0,0.0,4.71238898038469,0.0,3.141592653589793,1.5707963267948966,4.71238898038469,4.71238898038469,6.283185307179586,0.0,0.0,0.0,3.141592653589793,4.71238898038469,0.0,4.71238898038469,1.5707963267948966
0.0,3.141592653589793,0.0,3.141592653589793,0.0,1.5707963267948966,0.0,0.0,0.0,3.141592653589793,1.5707963267948966,3.141592653589793,1.5707963267948966,4.71238898038469,4.71238898038469,6.283185307179586,0.0,0.0,0.0,3.141592653589793,4.71238898038469,0.0,4.71238898038469,1.5707963267948966
0.0,3.141592653589793,0.0,3.141592653589793,0.0,1.5707963267948966,0.0,0.0,0.0,3.141592653589793,0.0,4.71238898038469,1.5707963267948966,4.71238898038469,4.71238898038469,6.283185307179586,0.0,0.0,0.0,3.141592653589793,4.71238898038469,0.0,4.71238898038469,1.5707963267948966
0.0,3.141592653589793,0.0,3.141592653589793,0.0,1.5707963267948966,0.0,0.0,0.0,3.141592653589793,0.0,3.141592653589793,3.141592653589793,4.71238898038469,4.71238898038469,6.283185307179586,0.0,0.0,0.0,3.141592653589793,4.71238898038469,0.0,4.71238898038469,1.5707963267948966
0.0,3.141592653589793,0.0,3.141592653589793,0.0,1.5707963267948966,0.0,0.0,0.0,3.141592653589793,0.0,3.141592653589793,1.5707963267948966,6.283185307179586,4.71238898038469,6.283185307179586,0.0,0.0,0.0,3.141592653589793,4.71238898038469,0.0,4.71238898038469,1.5707963267948966
0.0,3.141592653589793,0.0,3.141592653589793,0.0,1.5707963267948966,0.0,0.0,0.0,3.141592653589793,0.0,3.141592653589793,1.5707963267948966,4.71238898038469,6.283185307179586,6.283185307179586,0.0,0.0,0.0,3.141592653589793,4.71238898038469,0.0,4.71238898038469,1.5707963267948966
0.0,3.141592653589793,0.0,3.141592653589793,0.0,1.5707963267948966,0.0,0.0,0.0,3.141592653589793,0.0,3.141592653589793,1.5707963267948966,4.71238898038469,4.71238898038469,6.283185307179586,1.5707963267948966,0.0,0.0,3.141592653589793,4.71238898038469,0.0,4.71238898038469,1.5707963267948966
0.0,3.141592653589793,0.0,3.141592653589793,0.0,1.5707963267948966,0.0,0.0,0.0,3.141592653589793,0.0,3.141592653589793,1.5707963267948966,4.71238898038469,4.71238898038469,6.283185307179586,0.0,1.5707963267948966,0.0,3.141592653589793,4.71238898038469,0.0,4.71238898038469,1.5707963267948966
0.0,3.141592653589793,0.0,3.141592653589793,0.0,1.5707963267948966,0.0,0.0,0.0,3.141592653589793,0.0,3.141592653589793,1.5707963267948966,4.71238898038469,4.71238898038469,6.283185307179586,0.0,0.0,1.5707963267948966,3.141592653589793,4.71238898038469,0.0,4.71238898038469,1.5707963267948966
0.0,3.141592653589793,0.0,3.141592653589793,0.0,1.5707963267948966,0.0,0.0,0.0,3.141592653589793,0.0,3.141592653589793,1.5707963267948966,4.71238898038469,4.71238898038469,6.283185307179586,0.0,0.0,0.0,4.71238898038469,4.71238898038469,0.0,4.71238898038469,1.5707963267948966
0.0,3.141592653589793,0.0,3.141592653589793,0.0,1.5707963267948966,0.0,0.0,0.0,3.141592653589793,0.0,3.141592653589793,1.5707963267948966,4.71238898038469,4.71238898038469,6.283185307179586,0.0,0.0,0.0,3.141592653589793,6.283185307179586,0.0,4.71238898038469,1.5707963267948966
0.0,3.141592653589793,0.0,3.141592653589793,0.0,1.5707963267948966,0.0,0.0,0.0,3.141592653589793,0.0,3.141592653589793,1.5707963267948966,4.71238898038469,4.71238898038469,6.283185307179586,0.0,0.0,0.0,3.141592653589793,4.71238898038469,1.5707963267948966,4.71238898038469,1.5707963267948966
0.0,3.141592653589793,0.0,3.141592653589793,0.0,1.5707963267948966,0.0,0.0,0.0,3.141592653589793,0.0,3.141592653589793,1.5707963267948966,4.71238898038469,4.71238898038469,6.283185307179586,0.0,0.0,0.0,3.141592653589793,4.71238898038469,0.0,6.283185307179586,1.5707963267948966
0.0,3.141592653589793,0.0,3.141592653589793,0.0,1.5707963267948966,0.0,0.0,0.0,3.141592653589793,0.0,3.141592653589793,1.5707963267948966,4.71238898038469,4.71238898038469,6.283185307179586,0.0,0.0,0.0,3.141592653589793,4.71238898038469,0.0,4.71238898038469,3.141592653589793
0.0,1.5707963267948966,0.0,3.141592653589793,0.0,1.5707963267948966,0.0,0.0,0.0,3.141592653589793,0.0,3.141592653589793,1.5707963267948966,4.71238898038469,4.71238898038469,6.283185307179586,0.0,0.0,0.0,3.141592653589793,4.71238898038469,0.0,4.71238898038469,1.5707963267948966
0.0,3.141592653589793,0.0,1.5707963267948966,0.0,1.5707963267948966,0.0,0.0,0.0,3.141592653589793,0.0,3.141592653589793,1.5707963267948966,4.71238898038469,4.71238898038469,6.283185307179586,0.0,0.0,0.0,3.141592653589793,4.71238898038469,0.0,4.71238898038469,1.5707963267948966
0.0,3.141592653589793,0.0,3.141592653589793,0.0,0.0,0.0,0.0,0.0,3.141592653589793,0.0,3.141592653589793,1.5707963267948966,4.71238898038469,4.71238898038469,6.283185307179586,0.0,0.0,0.0,3.141592653589793,4.71238898038469,0.0,4.71238898038469,1.5707963267948966
0.0,3.141592653589793,0.0,3.141592653589793,0.0,1.5707963267948966,0.0,0.0,0.0,1.5707963267948966,0.0,3.141592653589793,1.5707963267948966,4.71238898038469,4.71238898038469,6.283185307179586,0.0,0.0,0.0,3.141592653589793,4.71238898038469,0.0,4.71238898038469,1.5707963267948966
0.0,3.141592653589793,0.0,3.141592653589793,0.0,1.5707963267948966,0.0,0.0,0.0,3.141592653589793,0.0,1.5707963267948966,1.5707963267948966,4.71238898038469,4.71238898038469,6.283185307179586,0.0,0.0,0.0,3.141592653589793,4.71238898038469,0.0,4.71238898038469,1.5707963267948966
0.0,3.141592653589793,0.0,3.141592653589793,0.0,1.5707963267948966,0.0,0.0,0.0,3.141592653589793,0.0,3.141592653589793,0.0,4.71238898038469,4.71238898038469,6.283185307179586,0.0,0.0,0.0,3.141592653589793,4.71238898038469,0.0,4.71238898038469,1.5707963267948966
0.0,3.141592653589793,0.0,3.141592653589793,0.0,1.5707963267948966,0.0,0.0,0.0,3.141592653589793,0.0,3.141592653589793,1.5707963267948966,3.141592653589793,4.71238898038469,6.283185307179586,0.0,0.0,0.0,3.141592653589793,4.71238898038469,0.0,4.71238898038469,1.5707963267948966
0.0,3.141592653589793,0.0,3.141592653589793,0.0,1.5707963267948966,0.0,0.0,0.0,3.141592653589793,0.0,3.141592653589793,1.5707963267948966,4.71238898038469,3.141592653589793,6.283185307179586,0.0,0.0,0.0,3.141592653589793,4.71238898038469,0.0,4.71238898038469,1.5707963267948966
0.0,3.141592653589793,0.0,3.141592653589793,0.0,1.5707963267948966,0.0,0.0,0.0,3.141592653589793,0.0,3.141592653589793,1.5707963267948966,4.71238898038469,4.71238898038469,4.71238898038469,0.0,0.0,0.0,3.141592653589793,4.71238898038469,0.0,4.71238898038469,1.5707963267948966
0.0,3.141592653589793,0.0,3.141592653589793,0.0,1.5707963267948966,0.0,0.0,0.0,3.141592653589793,0.0,3.141592653589793,1.5707963267948966,4.71238898038469,4.71238898038469,6.283185307179586,0.0,0.0,0.0,1.5707963267948966,4.71238898038469,0.0,4.71238898038469,1.5707963267948966
0.0,3.141592653589793,0.0,3.141592653589793,0.0,1.5707963267948966,0.0,0.0,0.0,3.141592653589793,0.0,3.141592653589793,1.5707963267948966,4.71238898038469,4.71238898038469,6.283185307179586,0.0,0.0,0.0,3.141592653589793,3.141592653589793,0.0,4.71238898038469,1.5707963267948966
0.0,3.141592653589793,0.0,3.141592653589793,0.0,1.5707963267948966,0.0,0.0,0.0,3.141592653589793,0.0,3.141592653589793,1.5707963267948966,4.71238898038469,4.71238898038469,6.283185307179586,0.0,0.0,0.0,3.141592653589793,4.71238898038469,0.0,3.141592653589793,1.5707963267948966
0.0,3.141592653589793,0.0,3.141592653589793,0.0,1.5707963267948966,0.0,0.0,0.0,3.141592653589793,0.0,3.141592653589793,1.5707963267948966,4.71238898038469,4.71238898038469,6.283185307179586,0.0,0.0,0.0,3.141592653589793,4.71238898038469,0.0,4.71238898038469,0.0
0.7853981633974483,3.141592653589793,0.0,3.141592653589793,0.0,1.5707963267948966,0.0,0.0,0.0,3.141592653589793,0.0,3.141592653589793,1.5707963267948966,4.71238898038469,6.283185307179586,6.283185307179586,0.0,0.0,0.0,3.141592653589793,4.71238898038469,0.0,4.71238898038469,1.5707963267948966
0.0,3.9269908169872414,0.0,3.141592653589793,0.0,1.5707963267948966,0.0,0.0,0.0,3.141592653589793,0.0,3.141592653589793,1.5707963267948966,4.71238898038469,6.283185307179586,6.283185307179586,0.0,0.0,0.0,3.141592653589793,4.71238898038469,0.0,4.71238898038469,1.5707963267948966
0.0,3.141592653589793,0.7853981633974483,3.141592653589793,0.0,1.5707963267948966,0.0,0.0,0.0,3.141592653589793,0.0,3.141592653589793,1.5707963267948966,4.71238898038469,6.283185307179586,6.283185307179586,0.0,0.0,0.0,3.141592653589793,4.71238898038469,0.0,4.71238898038469,1.5707963267948966
0.0,3.141592653589793,0.0,3.9269908169872414,0.0,1.5707963267948966,0.0,0.0,0.0,3.141592653589793,0.0,3.141592653589793,1.5707963267948966,4.71238898038469,6.283185307179586,6.283185307179586,0.0,0.0,0.0,3.141592653589793,4.71238898038469,0.0,4.71238898038469,1.5707963267948966
0.0,3.141592653589793,0.0,3.141592653589793,0.7853981633974483,1.5707963267948966,0.0,0.0,0.0,3.141592653589793,0.0,3.141592653589793,1.5707963267948966,4.71238898038469,6.283185307179586,6.283185307179586,0.0,0.0,0.0,3.141592653589793,4.71238898038469,0.0,4.71238898038469,1.5707963267948966
0.0,3.141592653589793,0.0,3.141592653589793,0.0,2.356194490192345,0.0,0.0,0.0,3.141592653589793,0.0,3.141592653589793,1.5707963267948966,4.71238898038469,6.283185307179586,6.283185307179586,0.0,0.0,0.0,3.141592653589793,4.71238898038469,0.0,4.71238898038469,1.5707963267948966
0.0,3.141592653589793,0.0,3.141592653589793,0.0,1.5707963267948966,0.7853981633974483,0.0,0.0,3.141592653589793,0.0,3.141592653589793,1.5707963267948966,4.71238898038469,6.283185307179586,6.283185307179586,0.0,0.0,0.0,3.141592653589793,4.71238898038469,0.0,4.71238898038469,1.5707963267948966
0.0,3.141592653589793,0.0,3.141592653589793,0.0,1.5707963267948966,0.0,0.7853981633974483,0.0,3.141592653589793,0.0,3.141592653589793,1.5707963267948966,4.71238898038469,6.283185307179586,6.283185307179586,0.0,0.0,0.0,3.141592653589793,4.71238898038469,0.0,4.71238898038469,1.5707963267948966
0.0,3.141592653589793,0.0,3.141592653589793,0.0,1.5707963267948966,0.0,0.0,0.7853981633974483,3.141592653589793,0.0,3.141592653589793,1.5707963267948966,4.71238898038469,6.283185307179586,6.283185307179586,0.0,0.0,0.0,3.141592653589793,4.71238898038469,0.0,4.71238898038469,1.5707963267948966
0.0,3.141592653589793,0.0,3.141592653589793,0.0,1.5707963267948966,0.0,0.0,0.0,3.9269908169872414,0.0,3.141592653589793,1.5707963267948966,4.71238898038469,6.283185307179586,6.283185307179586,0.0,0.0,0.0,3.141592653589793,4.71238898038469,0.0,4.71238898038469,1.5707963267948966
0.0,3.141592653589793,0.0,3.141592653589793,0.0,1.5707963267948966,0.0,0.0,0.0,3.141592653589793,0.7853981633974483,3.141592653589793,1.5707963267948966,4.71238898038469,6.283185307179586,6.283185307179586,0.0,0.0,0.0,3.141592653589793,4.71238898038469,0.0,4.71238898038469,1.5707963267948966
0.0,3.141592653589793,0.0,3.141592653589793,0.0,1.5707963267948966,0.0,0.0,0.0,3.141592653589793,0.0,3.9269908169872414,1.5707963267948966,4.71238898038469,6.283185307179586,6.283185307179586,0.0,0.0,0.0,3.141592653589793,4.71238898038469,0.0,4.71238898038469,1.5707963267948966
0.0,3.141592653589793,0.0,3.141592653589793,0.0,1.5707963267948966,0.0,0.0,0.0,3.141592653589793,0.0,3.141592653589793,2.356194490192345,4.71238898038469,6.283185307179586,6.283185307179586,0.0,0.0,0.0,3.141592653589793,4.71238898038469,0.0,4.71238898038469,1.5707963267948966
0.0,3.141592653589793,0.0,3.141592653589793,0.0,1.5707963267948966,0.0,0.0,0.0,3.141592653589793,0.0,3.141592653589793,1.5707963267948966,5.497787143782138,6.283185307179586,6.283185307179586,0.0,0.0,0.0,3.141592653589793,4.71238898038469,0.0,4.71238898038469,1.5707963267948966
0.0,3.141592653589793,0.0,3.141592653589793,0.0,1.5707963267948966,0.0,0.0,0.0,3.141592653589793,0.0,3.141592653589793,1.5707963267948966,4.71238898038469,6.283185307179586,6.283185307179586,0.7853981633974483,0.0,0.0,3.141592653589793,4.71238898038469,0.0,4.71238898038469,1.5707963267948966
0.0,3.141592653589793,0.0,3.141592653589793,0.0,1.5707963267948966,0.0,0.0,0.0,3.141592653589793,0.0,3.141592653589793,1.5707963267948966,4.71238898038469,6.283185307179586,6.283185307179586,0.0,0.7853981633974483,0.0,3.141592653589793,4.71238898038469,0.0,4.71238898038469,1.5707963267948966
0.0,3.141592653589793,0.0,3.141592653589793,0.0,1.5707963267948966,0.0,0.0,0.0,3.141592653589793,0.0,3.141592653589793,1.5707963267948966,4.71238898038469,6.283185307179586,6.283185307179586,0.0,0.0,0.7853981633974483,3.141592653589793,4.71238898038469,0.0,4.71238898038469,1.5707963267948966
0.0,3.141592653589793,0.0,3.141592653589793,0.0,1.5707963267948966,0.0,0.0,0.0,3.141592653589793,0.0,3.141592653589793,1.5707963267948966,4.71238898038469,6.283185307179586,6.283185307179586,0.0,0.0,0.0,3.9269908169872414,4.71238898038469,0.0,4.71238898038469,1.5707963267948966
0.0,3.141592653589793,0.0,3.141592653589793,0.0,1.5707963267948966,0.0,0.0,0.0,3.141592653589793,0.0,3.141592653589793,1.5707963267948966,4.71238898038469,6.283185307179586,6.283185307179586,0.0,0.0,0.0,3.141592653589793,5.497787143782138,0.0,4.71238898038469,1.5707963267948966
0.0,3.141592653589793,0.0,3.141592653589793,0.0,1.5707963267948966,0.0,0.0,0.0,3.141592653589793,0.0,3.141592653589793,1.5707963267948966,4.71238898038469,6.283185307179586,6.283185307179586,0.0,0.0,0.0,3.141592653589793,4.71238898038469,0.7853981633974483,4.71238898038469,1.5707963267948966
0.0,3.141592653589793,0.0,3.141592653589793,0.0,1.5707963267948966,0.0,0.0,0.0,3.141592653589793,0.0,3.141592653589793,1.5707963267948966,4.71238898038469,6.283185307179586,6.283185307179586,0.0,0.0,0.0,3.141592653589793,4.71238898038469,0.0,5.497787143782138,1.5707963267948966
0.0,3.141592653589793,0.0,3.141592653589793,0.0,1.5707963267948966,0.0,0.0,0.0,3.141592653589793,0.0,3.141592653589793,1.5707963267948966,4.71238898038469,6.283185307179586,6.283185307179586,0.0,0.0,0.0,3.141592653589793,4.71238898038469,0.0,4.71238898038469,2.356194490192345
0.0,2.356194490192345,0.0,3.141592653589793,0.0,1.5707963267948966,0.0,0.0,0.0,3.141592653589793,0.0,3.141592653589793,1.5707963267948966,4.71238898038469,6.283185307179586,6.283185307179586,0.0,0.0,0.0,3.141592653589793,4.71238898038469,0.0,4.71238898038469,1.5707963267948966
0.0,3.141592653589793,0.0,2.356194490192345,0.0,1.5707963267948966,0.0,0.0,0.0,3.141592653589793,0.0,3.141592653589793,1.5707963267948966,4.71238898038469,6.283185307179586,6.283185307179586,0.0,0.0,0.0,3.141592653589793,4.71238898038469,0.0,4.71238898038469,1.5707963267948966
0.0,3.141592653589793,0.0,3.141592653589793,0.0,0.7853981633974483,0.0,0.0,0.0,3.141592653589793,0.0,3.141592653589793,1.5707963267948966,4.71238898038469,6.283185307179586,6.283185307179586,0.0,0.0,0.0,3.141592653589793,4.71238898038469,0.0,4.71238898038469,1.5707963267948966
0.0,3.141592653589793,0.0,3.141592653589793,0.0,1.5707963267948966,0.0,0.0,0.0,2.356194490192345,0.0,3.141592653589793,1.5707963267948966,4.71238898038469,6.283185307179586,6.283185307179586,0.0,0.0,0.0,3.141592653589793,4.71238898038469,0.0,4.71238898038469,1.5707963267948966
0.0,3.141592653589793,0.0,3.141592653589793,0.0,1.5707963267948966,0.0,0.0,0.0,3.141592653589793,0.0,2.356194490192345,1.5707963267948966,4.71238898038469,6.283185307179586,6.283185307179586,0.0,0.0,0.0,3.141592653589793,4.71238898038469,0.0,4.71238898038469,1.5707963267948966
0.0,3.141592653589793,0.0,3.141592653589793,0.0,1.5707963267948966,0.0,0.0,0.0,3.141592653589793,0.0,3.141592653589793,0.7853981633974483,4.71238898038469,6.283185307179586,6.283185307179586,0.0,0.0,0.0,3.141592653589793,4.71238898038469,0.0,4.71238898038469,1.5707963267948966
0.0,3.141592653589793,0.0,3.141592653589793,0.0,1.5707963267948966,0.0,0.0,0.0,3.141592653589793,0.0,3.141592653589793,1.5707963267948966,3.9269908169872414,6.283185307179586,6.283185307179586,0.0,0.0,0.0,3.141592653589793,4.71238898038469,0.0,4.71238898038469,1.5707963267948966
0.0,3.141592653589793,0.0,3.141592653589793,0.0,1.5707963267948966,0.0,0.0,0.0,3.141592653589793,0.0,3.141592653589793,1.5707963267948966,4.71238898038469,5.497787143782138,6.283185307179586,0.0,0.0,0.0,3.141592653589793,4.71238898038469,0.0,4.71238898038469,1.5707963267948966
0.0,3.141592653589793,0.0,3.141592653589793,0.0,1.5707963267948966,0.0,0.0,0.0,3.141592653589793,0.0,3.141592653589793,1.5707963267948966,4.71238898038469,6.283185307179586,5.497787143782138,0.0,0.0,0.0,3.141592653589793,4.71238898038469,0.0,4.71238898038469,1.5707963267948966
0.0,3.141592653589793,0.0,3.141592653589793,0.0,1.5707963267948966,0.0,0.0,0.0,3.141592653589793,0.0,3.141592653589793,1.5707963267948966,4.71238898038469,6.283185307179586,6.283185307179586,0.0,0.0,0.0,2.356194490192345,4.71238898038469,0.0,4.71238898038469,1.5707963267948966
0.0,3.141592653589793,0.0,3.141592653589793,0.0,1.5707963267948966,0.0,0.0,0.0,3.141592653589793,0.0,3.141592653589793,1.5707963267948966,4.71238898038469,6.283185307179586,6.283185307179586,0.0,0.0,0.0,3.141592653589793,3.9269908169872414,0.0,4.71238898038469,1.5707963267948966
0.0,3.141592653589793,0.0,3.141592653589793,0.0,1.5707963267948966,0.0,0.0,0.0,3.141592653589793,0.0,3.141592653589793,1.5707963267948966,4.71238898038469,6.283185307179586,6.283185307179586,0.0,0.0,0.0,3.141592653589793,4.71238898038469,0.0,3.9269908169872414,1.5707963267948966
0.0,3.141592653589793,0.0,3.141592653589793,0.0,1.5707963267948966,0.0,0.0,0.0,3.141592653589793,0.0,3.141592653589793,1.5707963267948966,4.71238898038469,6.283185307179586,6.283185307179586,0.0,0.0,0.0,3.141592653589793,4.71238898038469,0.0,4.71238898038469,0.7853981633974483
0.39269908169872414,3.141592653589793,0.0,3.141592653589793,0.0,1.5707963267948966,0.0,0.0,0.0,3.141592653589793,0.0,3.141592653589793,1.5707963267948966,4.71238898038469,6.283185307179586,6.283185307179586,0.0,0.0,0.0,3.141592653589793,4.71238898038469,0.0,4.71238898038469,1.5707963267948966
0.0,3.5342917352885173,0.0,3.141592653589793,0.0,1.5707963267948966,0.0,0.0,0.0,3.141592653589793,0.0,3.141592653589793,1.5707963267948966,4.71238898038469,6.283185307179586,6.283185307179586,0.0,0.0,0.0,3.141592653589793,4.71238898038469,0.0,4.71238898038469,1.5707963267948966
0.0,3.141592653589793,0.39269908169872414,3.141592653589793,0.0,1.5707963267948966,0.0,0.0,0.0,3.141592653589793,0.0,3.141592653589793,1.5707963267948966,4.71238898038469,6.283185307179586,6.283185307179586,0.0,0.0,0.0,3.141592653589793,4.71238898038469,0.0,4.71238898038469,1.5707963267948966
0.0,3.141592653589793,0.0,3.5342917352885173,0.0,1.5707963267948966,0.0,0.0,0.0,3.141592653589793,0.0,3.141592653589793,1.5707963267948966,4.71238898038469,6.283185307179586,6.283185307179586,0.0,0.0,0.0,3.141592653589793,4.71238898038469,0.0,4.71238898038469,1.5707963267948966
0.0,3.141592653589793,0.0,3.141592653589793,0.39269908169872414,1.5707963267948966,0.0,0.0,0.0,3.141592653589793,0.0,3.141592653589793,1.5707963267948966,4.71238898038469,6.283185307179586,6.283185307179586,0.0,0.0,0.0,3.141592653589793,4.71238898038469,0.0,4.71238898038469,1.5707963267948966
0.0,3.141592653589793,0.0,3.141592653589793,0.0,1.9634954084936207,0.0,0.0,0.0,3.141592653589793,0.0,3.141592653589793,1.5707963267948966,4.71238898038469,6.283185307179586,6.283185307179586,0.0,0.0,0.0,3.141592653589793,4.71238898038469,0.0,4.71238898038469,1.5707963267948966
0.0,3.141592653589793,0.0,3.141592653589793,0.0,1.5707963267948966,0.39269908169872414,0.0,0.0,3.141592653589793,0.0,3.141592653589793,1.5707963267948966,4.71238898038469,6.283185307179586,6.283185307179586,0.0,0.0,0.0,3.141592653589793,4.71238898038469,0.0,4.71238898038469,1.5707963267948966
0.0,3.141592653589793,0.0,3.141592653589793,0.0,1.5707963267948966,0.0,0.39269908169872414,0.0,3.141592653589793,0.0,3.141592653589793,1.5707963267948966,4.71238898038469,6.283185307179586,6.283185307179586,0.0,0.0,0.0,3.141592653589793,4.71238898038469,0.0,4.71238898038469,1.5707963267948966
0.0,3.141592653589793,0.0,3.141592653589793,0.0,1.5707963267948966,0.0,0.0,0.39269908169872414,3.141592653589793,0.0,3.141592653589793,1.5707963267948966,4.71238898038469,6.283185307179586,6.283185307179586,0.0,0.0,0.0,3.141592653589793,4.71238898038469,0.0,4.71238898038469,1.5707963267948966
0.0,3.141592653589793,0.0,3.141592653589793,0.0,1.5707963267948966,0.0,0.0,0.0,3.5342917352885173,0.0,3.141592653589793,1.5707963267948966,4.71238898038469,6.283185307179586,6.283185307179586,0.0,0.0,0.0,3.141592653589793,4.71238898038469,0.0,4.71238898038469,1.5707963267948966
0.0,3.141592653589793,0.0,3.141592653589793,0.0,1.5707963267948966,0.0,0.0,0.0,3.141592653589793,0.39269908169872414,3.141592653589793,1.5707963267948966,4.71238898038469,6.283185307179586,6.283185307179586,0.0,0.0,0.0,3.141592653589793,4.71238898038469,0.0,4.71238898038469,1.5707963267948966
0.0,3.141592653589793,0.0,3.141592653589793,0.0,1.5707963267948966,0.0,0.0,0.0,3.141592653589793,0.0,3.5342917352885173,1.5707963267948966,4.71238898038469,6.283185307179586,6.283185307179586,0.0,0.0,0.0,3.141592653589793,4.71238898038469,0.0,4.71238898038469,1.5707963267948966
0.0,3.141592653589793,0.0,3.141592653589793,0.0,1.5707963267948966,0.0,0.0,0.0,3.141592653589793,0.0,3.141592653589793,1.9634954084936207,4.71238898038469,6.283185307179586,6.283185307179586,0.0,0.0,0.0,3.141592653589793,4.71238898038469,0.0,4.71238898038469,1.5707963267948966
0.0,3.141592653589793,0.0,3.141592653589793,0.0,1.5707963267948966,0.0,0.0,0.0,3.141592653589793,0.0,3.141592653589793,1.5707963267948966,5.105088062083414,6.283185307179586,6.283185307179586,0.0,0.0,0.0,3.141592653589793,4.71238898038469,0.0,4.71238898038469,1.5707963267948966
0.0,3.141592653589793,0.0,3.141592653589793,0.0,1.5707963267948966,0.0,0.0,0.0,3.141592653589793,0.0,3.141592653589793,1.5707963267948966,4.71238898038469,6.283185307179586,6.283185307179586,0.39269908169872414,0.0,0.0,3.141592653589793,4.71238898038469,0.0,4.71238898038469,1.5707963267948966
0.0,3.141592653589793,0.0,3.141592653589793,0.0,1.5707963267948966,0.0,0.0,0.0,3.141592653589793,0.0,3.141592653589793,1.5707963267948966,4.71238898038469,6.283185307179586,6.283185307179586,0.0,0.39269908169872414,0.0,3.141592653589793,4.71238898038469,0.0,4.71238898038469,1.5707963267948966
0.0,3.141592653589793,0.0,3.141592653589793,0.0,1.5707963267948966,0.0,0.0,0.0,3.141592653589793,0.0,3.141592653589793,1.5707963267948966,4.71238898038469,6.283185307179586,6.283185307179586,0.0,0.0,0.39269908169872414,3.141592653589793,4.71238898038469,0.0,4.71238898038469,1.5707963267948966
0.0,3.141592653589793,0.0,3.141592653589793,0.0,1.5707963267948966,0.0,0.0,0.0,3.141592653589793,0.0,3.141592653589793,1.5707963267948966,4.71238898038469,6.283185307179586,6.283185307179586,0.0,0.0,0.0,3.5342917352885173,4.71238898038469,0.0,4.71238898038469,1.5707963267948966
0.0,3.141592653589793,0.0,3.141592653589793,0.0,1.5707963267948966,0.0,0.0,0.0,3.141592653589793,0.0,3.141592653589793,1.5707963267948966,4.71238898038469,6.283185307179586,6.283185307179586,0.0,0.0,0.0,3.141592653589793,5.105088062083414,0.0,4.71238898038469,1.5707963267948966
0.0,3.141592653589793,0.0,3.141592653589793,0.0,1.5707963267948966,0.0,0.0,0.0,3.141592653589793,0.0,3.141592653589793,1.5707963267948966,4.71238898038469,6.283185307179586,6.283185307179586,0.0,0.0,0.0,3.141592653589793,4.71238898038469,0.39269908169872414,4.71238898038469,1.5707963267948966
0.0,3.141592653589793,0.0,3.141592653589793,0.0,1.5707963267948966,0.0,0.0,0.0,3.141592653589793,0.0,3.141592653589793,1.5707963267948966,4.71238898038469,6.283185307179586,6.283185307179586,0.0,0.0,0.0,3.141592653589793,4.71238898038469,0.0,5.105088062083414,1.5707963267948966
0.0,3.141592653589793,0.0,3.141592653589793,0.0,1.5707963267948966,0.0,0.0,0.0,3.141592653589793,0.0,3.141592653589793,1.5707963267948966,4.71238898038469,6.283185307179586,6.283185307179586,0.0,0.0,0.0,3.141592653589793,4.71238898038469,0.0,4.71238898038469,1.9634954084936207
0.0,2.748893571891069,0.0,3.141592653589793,0.0,1.5707963267948966,0.0,0.0,0.0,3.141592653589793,0.0,3.141592653589793,1.5707963267948966,4.71238898038469,6.283185307179586,6.283185307179586,0.0,0.0,0.0,3.141592653589793,4.71238898038469,0.0,4.71238898038469,1.5707963267948966
0.0,3.141592653589793,0.0,2.748893571891069,0.0,1.5707963267948966,0.0,0.0,0.0,3.141592653589793,0.0,3.141592653589793,1.5707963267948966,4.71238898038469,6.283185307179586,6.283185307179586,0.0,0.0,0.0,3.141592653589793,4.71238898038469,0.0,4.71238898038469,1.5707963267948966
0.0,3.141592653589793,0.0,3.141592653589793,0.0,1.1780972450961724,0.0,0.0,0.0,3.141592653589793,0.0,3.141592653589793,1.5707963267948966,4.71238898038469,6.283185307179586,6.283185307179586,0.0,0.0,0.0,3.141592653589793,4.71238898038469,0.0,4.71238898038469,1.5707963267948966
0.0,3.141592653589793,0.0,3.141592653589793,0.0,1.5707963267948966,0.0,0.0,0.0,2.748893571891069,0.0,3.141592653589793,1.5707963267948966,4.71238898038469,6.283185307179586,6.283185307179586,0.0,0.0,0.0,3.141592653589793,4.71238898038469,0.0,4.71238898038469,1.5707963267948966
0.0,3.141592653589793,0.0,3.141592653589793,0.0,1.5707963267948966,0.0,0.0,0.0,3.141592653589793,0.0,2.748893571891069,1.5707963267948966,4.71238898038469,6.283185307179586,6.283185307179586,0.0,0.0,0.0,3.141592653589793,4.71238898038469,0.0,4.71238898038469,1.5707963267948966
0.0,3.141592653589793,0.0,3.141592653589793,0.0,1.5707963267948966,0.0,0.0,0.0,3.141592653589793,0.0,3.141592653589793,1.1780972450961724,4.71238898038469,6.283185307179586,6.283185307179586,0.0,0.0,0.0,3.141592653589793,4.71238898038469,0.0,4.71238898038469,1.5707963267948966
0.0,3.141592653589793,0.0,3.141592653589793,0.0,1.5707963267948966,0.0,0.0,0.0,3.141592653589793,0.0,3.141592653589793,1.5707963267948966,4.319689898685965,6.283185307179586,6.283185307179586,0.0,0.0,0.0,3.141592653589793,4.71238898038469,0.0,4.71238898038469,1.5707963267948966
0.0,3.141592653589793,0.0,3.141592653589793,0.0,1.5707963267948966,0.0,0.0,0.0,3.141592653589793,0.0,3.141592653589793,1.5707963267948966,4.71238898038469,5.890486225480862,6.283185307179586,0.0,0.0,0.0,3.141592653589793,4.71238898038469,0.0,4.71238898038469,1.5707963267948966
0.0,3.141592653589793,0.0,3.141592653589793,0.0,1.5707963267948966,0.0,0.0,0.0,3.141592653589793,0.0,3.141592653589793,1.5707963267948966,4.71238898038469,6.283185307179586,5.890486225480862,0.0,0.0,0.0,3.141592653589793,4.71238898038469,0.0,4.71238898038469,1.5707963267948966
0.0,3.141592653589793,0.0,3.141592653589793,0.0,1.5707963267948966,0.0,0.0,0.0,3.141592653589793,0.0,3.141592653589793,1.5707963267948966,4.71238898038469,6.283185307179586,6.283185307179586,0.0,0.0,0.0,2.748893571891069,4.71238898038469,0.0,4.71238898038469,1.5707963267948966
0.0,3.141592653589793,0.0,3.141592653589793,0.0,1.5707963267948966,0.0,0.0,0.0,3.141592653589793,0.0,3.141592653589793,1.5707963267948966,4.71238898038469,6.283185307179586,6.283185307179586,0.0,0.0,0.0,3.141592653589793,4.319689898685965,0.0,4.71238898038469,1.5707963267948966
0.0,3.141592653589793,0.0,3.141592653589793,0.0,1.5707963267948966,0.0,0.0,0.0,3.141592653589793,0.0,3.141592653589793,1.5707963267948966,4.71238898038469,6.283185307179586,6.283185307179586,0.0,0.0,0.0,3.141592653589793,4.71238898038469,0.0,4.319689898685965,1.5707963267948966
0.0,3.141592653589793,0.0,3.141592653589793,0.0,1.5707963267948966,0.0,0.0,0.0,3.141592653589793,0.0,3.141592653589793,1.5707963267948966,4.71238898038469,6.283185307179586,6.283185307179586,0.0,0.0,0.0,3.141592653589793,4.71238898038469,0.0,4.71238898038469,1.1780972450961724
0.19634954084936207,3.141592653589793,0.0,3.141592653589793,0.0,1.5707963267948966,0.0,0.0,0.0,3.141592653589793,0.0,3.141592653589793,1.5707963267948966,4.71238898038469,6.283185307179586,6.283185307179586,0.0,0.0,0.0,3.141592653589793,4.71238898038469,0.0,4.71238898038469,1.5707963267948966
0.0,3.3379421944391554,0.0,3.141592653589793,0.0,1.5707963267948966,0.0,0.0,0.0,3.141592653589793,0.0,3.141592653589793,1.5707963267948966,4.71238898038469,6.283185307179586,6.283185307179586,0.0,0.0,0.0,3.141592653589793,4.71238898038469,0.0,4.71238898038469,1.5707963267948966
0.0,3.141592653589793,0.19634954084936207,3.141592653589793,0.0,1.5707963267948966,0.0,0.0,0.0,3.141592653589793,0.0,3.141592653589793,1.5707963267948966,4.71238898038469,6.283185307179586,6.283185307179586,0.0,0.0,0.0,3.141592653589793,4.71238898038469,0.0,4.71238898038469,1.5707963267948966
0.0,3.141592653589793,0.0,3.3379421944391554,0.0,1.5707963267948966,0.0,0.0,0.0,3.141592653589793,0.0,3.141592653589793,1.5707963267948966,4.71238898038469,6.283185307179586,6.283185307179586,0.0,0.0,0.0,3.141592653589793,4.71238898038469,0.0,4.71238898038469,1.5707963267948966
0.0,3.141592653589793,0.0,3.141592653589793,0.19634954084936207,1.5707963267948966,0.0,0.0,0.0,3.141592653589793,0.0,3.141592653589793,1.5707963267948966,4.71238898038469,6.283185307179586,6.283185307179586,0.0,0.0,0.0,3.141592653589793,4.71238898038469,0.0,4.71238898038469,1.5707963267948966
0.0,3.141592653589793,0.0,3.141592653589793,0.0,1.7671458676442586,0.0,0.0,0.0,3.141592653589793,0.0,3.141592653589793,1.5707963267948966,4.71238898038469,6.283185307179586,6.283185307179586,0.0,0.0,0.0,3.141592653589793,4.71238898038469,0.0,4.71238898038469,1.5707963267948966
0.0,3.141592653589793,0.0,3.141592653589793,0.0,1.5707963267948966,0.19634954084936207,0.0,0.0,3.141592653589793,0.0,3.141592653589793,1.5707963267948966,4.71238898038469,6.283185307179586,6.283185307179586,0.0,0.0,0.0,3.141592653589793,4.71238898038469,0.0,4.71238898038469,1.5707963267948966
0.0,3.141592653589793,0.0,3.141592653589793,0.0,1.5707963267948966,0.0,0.19634954084936207,0.0,3.141592653589793,0.0,3.141592653589793,1.5707963267948966,4.71238898038469,6.283185307179586,6.283185307179586,0.0,0.0,0.0,3.141592653589793,4.71238898038469,0.0,4.71238898038469,1.5707963267948966
0.0,3.141592653589793,0.0,3.141592653589793,0.0,1.5707963267948966,0.0,0.0,0.19634954084936207,3.141592653589793,0.0,3.141592653589793,1.5707963267948966,4.71238898038469,6.283185307179586,6.283185307179586,0.0,0.0,0.0,3.141592653589793,4.71238898038469,0.0,4.71238898038469,1.5707963267948966
0.0,3.141592653589793,0.0,3.141592653589793,0.0,1.5707963267948966,0.0,0.0,0.0,3.3379421944391554,0.0,3.141592653589793,1.5707963267948966,4.71238898038469,6.283185307179586,6.283185307179586,0.0,0.0,0.0,3.141592653589793,4.71238898038469,0.0,4.71238898038469,1.5707963267948966
0.0,3.141592653589793,0.0,3.141592653589793,0.0,1.5707963267948966,0.0,0.0,0.0,3.141592653589793,0.19634954084936207,3.141592653589793,1.5707963267948966,4.71238898038469,6.283185307179586,6.283185307179586,0.0,0.0,0.0,3.141592653589793,4.71238898038469,0.0,4.71238898038469,1.5707963267948966
0.0,3.141592653589793,0.0,3.141592653589793,0.0,1.5707963267948966,0.0,0.0,0.0,3.141592653589793,0.0,3.3379421944391554,1.5707963267948966,4.71238898038469,6.283185307179586,6.283185307179586,0.0,0.0,0.0,3.141592653589793,4.71238898038469,0.0,4.71238898038469,1.5707963267948966
0.0,3.141592653589793,0.0,3.141592653589793,0.0,1.5707963267948966,0.0,0.0,0.0,3.141592653589793,0.0,3.141592653589793,1.7671458676442586,4.71238898038469,6.283185307179586,6.283185307179586,0.0,0.0,0.0,3.141592653589793,4.71238898038469,0.0,4.71238898038469,1.5707963267948966
0.0,3.141592653589793,0.0,3.141592653589793,0.0,1.5707963267948966,0.0,0.0,0.0,3.141592653589793,0.0,3.141592653589793,1.5707963267948966,4.908738521234052,6.283185307179586,6.283185307179586,0.0,0.0,0.0,3.141592653589793,4.71238898038469,0.0,4.71238898038469,1.5707963267948966
0.0,3.141592653589793,0.0,3.141592653589793,0.0,1.5707963267948966,0.0,0.0,0.0,3.141592653589793,0.0,3.141592653589793,1.5707963267948966,4.71238898038469,6.283185307179586,6.283185307179586,0.19634954084936207,0.0,0.0,3.141592653589793,4.71238898038469,0.0,4.71238898038469,1.5707963267948966
0.0,3.141592653589793,0.0,3.141592653589793,0.0,1.5707963267948966,0.0,0.0,0.0,3.141592653589793,0.0,3.141592653589793,1.5707963267948966,4.71238898038469,6.283185307179586,6.283185307179586,0.0,0.19634954084936207,0.0,3.141592653589793,4.71238898038469,0.0,4.71238898038469,1.5707963267948966
0.0,3.141592653589793,0.0,3.141592653589793,0.0,1.5707963267948966,0.0,0.0,0.0,3.141592653589793,0.0,3.141592653589793,1.5707963267948966,4.71238898038469,6.283185307179586,6.283185307179586,0.0,0.0,0.19634954084936207,3.141592653589793,4.71238898038469,0.0,4.71238898038469,1.5707963267948966
0.0,3.141592653589793,0.0,3.141592653589793,0.0,1.5707963267948966,0.0,0.0,0.0,3.141592653589793,0.0,3.141592653589793,1.5707963267948966,4.71238898038469,6.283185307179586,6.283185307179586,0.0,0.0,0.0,3.3379421944391554,4.71238898038469,0.0,4.71238898038469,1.5707963267948966
0.0,3.141592653589793,0.0,3.141592653589793,0.0,1.5707963267948966,0.0,0.0,0.0,3.141592653589793,0.0,3.141592653589793,1.5707963267948966,4.71238898038469,6.283185307179586,6.283185307179586,0.0,0.0,0.0,3.141592653589793,4.908738521234052,0.0,4.71238898038469,1.5707963267948966
0.0,3.141592653589793,0.0,3.141592653589793,0.0,1.5707963267948966,0.0,0.0,0.0,3.141592653589793,0.0,3.141592653589793,1.5707963267948966,4.71238898038469,6.283185307179586,6.283185307179586,0.0,0.0,0.0,3.141592653589793,4.71238898038469,0.19634954084936207,4.71238898038469,1.5707963267948966
0.0,3.141592653589793,0.0,3.141592653589793,0.0,1.5707963267948966,0.0,0.0,0.0,3.141592653589793,0.0,3.141592653589793,1.5707963267948966,4.71238898038469,6.283185307179586,6.283185307179586,0.0,0.0,0.0,3.141592653589793,4.71238898038469,0.0,4.908738521234052,1.5707963267948966
0.0,3.141592653589793,0.0,3.141592653589793,0.0,1.5707963267948966,0.0,0.0,0.0,3.141592653589793,0.0,3.141592653589793,1.5707963267948966,4.71238898038469,6.283185307179586,6.283185307179586,0.0,0.0,0.0,3.141592653589793,4.71238898038469,0.0,4.71238898038469,1.7671458676442586
0.0,2.945243112740431,0.0,3.141592653589793,0.0,1.5707963267948966,0.0,0.0,0.0,3.141592653589793,0.0,3.141592653589793,1.5707963267948966,4.71238898038469,6.283185307179586,6.283185307179586,0.0,0.0,0.0,3.141592653589793,4.71238898038469,0.0,4.71238898038469,1.5707963267948966
0.0,3.141592653589793,0.0,2.945243112740431,0.0,1.5707963267948966,0.0,0.0,0.0,3.141592653589793,0.0,3.141592653589793,1.5707963267948966,4.71238898038469,6.283185307179586,6.283185307179586,0.0,0.0,0.0,3.141592653589793,4.71238898038469,0.0,4.71238898038469,1.5707963267948966
0.0,3.141592653589793,0.0,3.141592653589793,0.0,1.3744467859455345,0.0,0.0,0.0,3.141592653589793,0.0,3.141592653589793,1.5707963267948966,4.71238898038469,6.283185307179586,6.283185307179586,0.0,0.0,0.0,3.141592653589793,4.71238898038469,0.0,4.71238898038469,1.5707963267948966
0.0,3.141592653589793,0.0,3.141592653589793,0.0,1.5707963267948966,0.0,0.0,0.0,2.945243112740431,0.0,3.141592653589793,1.5707963267948966,4.71238898038469,6.283185307179586,6.283185307179586,0.0,0.0,0.0,3.141592653589793,4.71238898038469,0.0,4.71238898038469,1.5707963267948966
0.0,3.141592653589793,0.0,3.141592653589793,0.0,1.5707963267948966,0.0,0.0,0.0,3.141592653589793,0.0,2.945243112740431,1.5707963267948966,4.71238898038469,6.283185307179586,6.283185307179586,0.0,0.0,0.0,3.141592653589793,4.71238898038469,0.0,4.71238898038469,1.5707963267948966
0.0,3.141592653589793,0.0,3.141592653589793,0.0,1.5707963267948966,0.0,0.0,0.0,3.141592653589793,0.0,3.141592653589793,1.3744467859455345,4.71238898038469,6.283185307179586,6.283185307179586,0.0,0.0,0.0,3.141592653589793,4.71238898038469,0.0,4.71238898038469,1.5707963267948966
0.0,3.141592653589793,0.0,3.141592653589793,0.0,1.5707963267948966,0.0,0.0,0.0,3.141592653589793,0.0,3.141592653589793,1.5707963267948966,4.516039439535327,6.283185307179586,6.283185307179586,0.0,0.0,0.0,3.141592653589793,4.71238898038469,0.0,4.71238898038469,1.5707963267948966
0.0,3.141592653589793,0.0,3.141592653589793,0.0,1.5707963267948966,0.0,0.0,0.0,3.141592653589793,0.0,3.141592653589793,1.5707963267948966,4.71238898038469,6.086835766330224,6.283185307179586,0.0,0.0,0.0,3.141592653589793,4.71238898038469,0.0,4.71238898038469,1.5707963267948966
0.0,3.141592653589793,0.0,3.141592653589793,0.0,1.5707963267948966,0.0,0.0,0.0,3.141592653589793,0.0,3.141592653589793,1.5707963267948966,4.71238898038469,6.283185307179586,6.086835766330224,0.0,0.0,0.0,3.141592653589793,4.71238898038469,0.0,4.71238898038469,1.5707963267948966
0.0,3.141592653589793,0.0,3.141592653589793,0.0,1.5707963267948966,0.0,0.0,0.0,3.141592653589793,0.0,3.141592653589793,1.5707963267948966,4.71238898038469,6.283185307179586,6.283185307179586,0.0,0.0,0.0,2.945243112740431,4.71238898038469,0.0,4.71238898038469,1.5707963267948966
0.0,3.141592653589793,0.0,3.141592653589793,0.0,1.5707963267948966,0.0,0.0,0.0,3.141592653589793,0.0,3.141592653589793,1.5707963267948966,4.71238898038469,6.283185307179586,6.283185307179586,0.0,0.0,0.0,3.141592653589793,4.516039439535327,0.0,4.71238898038469,1.5707963267948966
0.0,3.141592653589793,0.0,3.141592653589793,0.0,1.5707963267948966,0.0,0.0,0.0,3.141592653589793,0.0,3.141592653589793,1.5707963267948966,4.71238898038469,6.283185307179586,6.283185307179586,0.0,0.0,0.0,3.141592653589793,4.71238898038469,0.0,4.516039439535327,1.5707963267948966
0.0,3.141592653589793,0.0,3.141592653589793,0.0,1.5707963267948966,0.0,0.0,0.0,3.141592653589793,0.0,3.141592653589793,1.5707963267948966,4.71238898038469,6.283185307179586,6.283185307179586,0.0,0.0,0.0,3.141592653589793,4.71238898038469,0.0,4.71238898038469,1.3744467859455345
0.09817477042468103,3.141592653589793,0.0,3.141592653589793,0.0,1.5707963267948966,0.0,0.0,0.0,3.141592653589793,0.0,3.141592653589793,1.5707963267948966,4.71238898038469,6.283185307179586,6.283185307179586,0.0,0.0,0.0,3.141592653589793,4.71238898038469,0.0,4.71238898038469,1.5707963267948966
0.0,3.2397674240144743,0.0,3.141592653589793,0.0,1.5707963267948966,0.0,0.0,0.0,3.141592653589793,0.0,3.141592653589793,1.5707963267948966,4.71238898038469,6.283185307179586,6.283185307179586,0.0,0.0,0.0,3.141592653589793,4.71238898038469,0.0,4.71238898038469,1.5707963267948966
0.0,3.141592653589793,0.09817477042468103,3.141592653589793,0.0,1.5707963267948966,0.0,0.0,0.0,3.141592653589793,0.0,3.141592653589793,1.5707963267948966,4.71238898038469,6.283185307179586,6.283185307179586,0.0,0.0,0.0,3.141592653589793,4.71238898038469,0.0,4.71238898038469,1.5707963267948966
0.0,3.141592653589793,0.0,3.2397674240144743,0.0,1.5707963267948966,0.0,0.0,0.0,3.141592653589793,0.0,3.141592653589793,1.5707963267948966,4.71238898038469,6.283185307179586,6.283185307179586,0.0,0.0,0.0,3.141592653589793,4.71238898038469,0.0,4.71238898038469,1.5707963267948966
0.0,3.141592653589793,0.0,3.141592653589793,0.09817477042468103,1.5707963267948966,0.0,0.0,0.0,3.141592653589793,0.0,3.141592653589793,1.5707963267948966,4.71238898038469,6.283185307179586,6.283185307179586,0.0,0.0,0.0,3.141592653589793,4.71238898038469,0.0,4.71238898038469,1.5707963267948966
0.0,3.141592653589793,0.0,3.141592653589793,0.0,1.6689710972195777,0.0,0.0,0.0,3.141592653589793,0.0,3.141592653589793,1.5707963267948966,4.71238898038469,6.283185307179586,6.283185307179586,0.0,0.0,0.0,3.141592653589793,4.71238898038469,0.0,4.71238898038469,1.5707963267948966
0.0,3.141592653589793,0.0,3.141592653589793,0.0,1.5707963267948966,0.09817477042468103,0.0,0.0,3.141592653589793,0.0,3.141592653589793,1.5707963267948966,4.71238898038469,6.283185307179586,6.283185307179586,0.0,0.0,0.0,3.141592653589793,4.71238898038469,0.0,4.71238898038469,1.5707963267948966
0.0,3.141592653589793,0.0,3.141592653589793,0.0,1.5707963267948966,0.0,0.09817477042468103,0.0,3.141592653589793,0.0,3.141592653589793,1.5707963267948966,4.71238898038469,6.283185307179586,6.283185307179586,0.0,0.0,0.0,3.141592653589793,4.71238898038469,0.0,4.71238898038469,1.5707963267948966
0.0,3.141592653589793,0.0,3.141592653589793,0.0,1.5707963267948966,0.0,0.0,0.09817477042468103,3.141592653589793,0.0,3.141592653589793,1.5707963267948966,4.71238898038469,6.283185307179586,6.283185307179586,0.0,0.0,0.0,3.141592653589793,4.71238898038469,0.0,4.71238898038469,1.5707963267948966
0.0,3.141592653589793,0.0,3.141592653589793,0.0,1.5707963267948966,0.0,0.0,0.0,3.2397674240144743,0.0,3.141592653589793,1.5707963267948966,4.71238898038469,6.283185307179586,6.283185307179586,0.0,0.0,0.0,3.141592653589793,4.71238898038469,0.0,4.71238898038469,1.5707963267948966
0.0,3.141592653589793,0.0,3.141592653589793,0.0,1.5707963267948966,0.0,0.0,0.0,3.141592653589793,0.09817477042468103,3.141592653589793,1.5707963267948966,4.71238898038469,6.283185307179586,6.283185307179586,0.0,0.0,0.0,3.141592653589793,4.71238898038469,0.0,4.71238898038469,1.5707963267948966
0.0,3.141592653589793,0.0,3.141592653589793,0.0,1.5707963267948966,0.0,0.0,0.0,3.141592653589793,0.0,3.2397674240144743,1.5707963267948966,4.71238898038469,6.283185307179586,6.283185307179586,0.0,0.0,0.0,3.141592653589793,4.71238898038469,0.0,4.71238898038469,1.5707963267948966
0.0,3.141592653589793,0.0,3.141592653589793,0.0,1.5707963267948966,0.0,0.0,0.0,3.141592653589793,0.0,3.141592653589793,1.6689710972195777,4.71238898038469,6.283185307179586,6.283185307179586,0.0,0.0,0.0,3.141592653589793,4.71238898038469,0.0,4.71238898038469,1.5707963267948966
0.0,3.141592653589793,0.0,3.141592653589793,0.0,1.5707963267948966,0.0,0.0,0.0,3.141592653589793,0.0,3.141592653589793,1.5707963267948966,4.81056375080937,6.283185307179586,6.283185307179586,0.0,0.0,0.0,3.141592653589793,4.71238898038469,0.0,4.71238898038469,1.5707963267948966
0.0,3.141592653589793,0.0,3.141592653589793,0.0,1.5707963267948966,0.0,0.0,0.0,3.141592653589793,0.0,3.141592653589793,1.5707963267948966,4.71238898038469,6.283185307179586,6.283185307179586,0.09817477042468103,0.0,0.0,3.141592653589793,4.71238898038469,0.0,4.71238898038469,1.5707963267948966
0.0,3.141592653589793,0.0,3.141592653589793,0.0,1.5707963267948966,0.0,0.0,0.0,3.141592653589793,0.0,3.141592653589793,1.5707963267948966,4.71238898038469,6.283185307179586,6.283185307179586,0.0,0.09817477042468103,0.0,3.141592653589793,4.71238898038469,0.0,4.71238898038469,1.5707963267948966
0.0,3.141592653589793,0.0,3.141592653589793,0.0,1.5707963267948966,0.0,0.0,0.0,3.141592653589793,0.0,3.141592653589793,1.5707963267948966,4.71238898038469,6.283185307179586,6.283185307179586,0.0,0.0,0.09817477042468103,3.141592653589793,4.71238898038469,0.0,4.71238898038469,1.5707963267948966
0.0,3.141592653589793,0.0,3.141592653589793,0.0,1.5707963267948966,0.0,0.0,0.0,3.141592653589793,0.0,3.141592653589793,1.5707963267948966,4.71238898038469,6.283185307179586,6.283185307179586,0.0,0.0,0.0,3.2397674240144743,4.71238898038469,0.0,4.71238898038469,1.5707963267948966
0.0,3.141592653589793,0.0,3.141592653589793,0.0,1.5707963267948966,0.0,0.0,0.0,3.141592653589793,0.0,3.141592653589793,1.5707963267948966,4.71238898038469,6.283185307179586,6.283185307179586,0.0,0.0,0.0,3.141592653589793,4.81056375080937,0.0,4.71238898038469,1.5707963267948966
0.0,3.141592653589793,0.0,3.141592653589793,0.0,1.5707963267948966,0.0,0.0,0.0,3.141592653589793,0.0,3.141592653589793,1.5707963267948966,4.71238898038469,6.283185307179586,6.283185307179586,0.0,0.0,0.0,3.141592653589793,4.71238898038469,0.09817477042468103,4.71238898038469,1.5707963267948966
0.0,3.141592653589793,0.0,3.141592653589793,0.0,1.5707963267948966,0.0,0.0,0.0,3.141592653589793,0.0,3.141592653589793,1.5707963267948966,4.71238898038469,6.283185307179586,6.283185307179586,0.0,0.0,0.0,3.141592653589793,4.71238898038469,0.0,4.81056375080937,1.5707963267948966
0.0,3.141592653589793,0.0,3.141592653589793,0.0,1.5707963267948966,0.0,0.0,0.0,3.141592653589793,0.0,3.141592653589793,1.5707963267948966,4.71238898038469,6.283185307179586,6.283185307179586,0.0,0.0,0.0,3.141592653589793,4.71238898038469,0.0,4.71238898038469,1.6689710972195777
0.0,3.043417883165112,0.0,3.141592653589793,0.0,1.5707963267948966,0.0,0.0,0.0,3.141592653589793,0.0,3.141592653589793,1.5707963267948966,4.71238898038469,6.283185307179586,6.283185307179586,0.0,0.0,0.0,3.141592653589793,4.71238898038469,0.0,4.71238898038469,1.5707963267948966
0.0,3.141592653589793,0.0,3.043417883165112,0.0,1.5707963267948966,0.0,0.0,0.0,3.141592653589793,0.0,3.141592653589793,1.5707963267948966,4.71238898038469,6.283185307179586,6.283185307179586,0.0,0.0,0.0,3.141592653589793,4.71238898038469,0.0,4.71238898038469,1.5707963267948966
0.0,3.141592653589793,0.0,3.141592653589793,0.0,1.4726215563702154,0.0,0.0,0.0,3.141592653589793,0.0,3.141592653589793,1.5707963267948966,4.71238898038469,6.283185307179586,6.283185307179586,0.0,0.0,0.0,3.141592653589793,4.71238898038469,0.0,4.71238898038469,1.5707963267948966
0.0,3.141592653589793,0.0,3.141592653589793,0.0,1.5707963267948966,0.0,0.0,0.0,3.043417883165112,0.0,3.141592653589793,1.5707963267948966,4.71238898038469,6.283185307179586,6.283185307179586,0.0,0.0,0.0,3.141592653589793,4.71238898038469,0.0,4.71238898038469,1.5707963267948966
0.0,3.141592653589793,0.0,3.141592653589793,0.0,1.5707963267948966,0.0,0.0,0.0,3.141592653589793,0.0,3.043417883165112,1.5707963267948966,4.71238898038469,6.283185307179586,6.283185307179586,0.0,0.0,0.0,3.141592653589793,4.71238898038469,0.0,4.71238898038469,1.5707963267948966
0.0,3.141592653589793,0.0,3.141592653589793,0.0,1.5707963267948966,0.0,0.0,0.0,3.141592653589793,0.0,3.141592653589793,1.4726215563702154,4.71238898038469,6.283185307179586,6.283185307179586,0.0,0.0,0.0,3.141592653589793,4.71238898038469,0.0,4.71238898038469,1.5707963267948966
0.0,3.141592653589793,0.0,3.141592653589793,0.0,1.5707963267948966,0.0,0.0,0.0,3.141592653589793,0.0,3.141592653589793,1.5707963267948966,4.614214209960009,6.283185307179586,6.283185307179586,0.0,0.0,0.0,3.141592653589793,4.71238898038469,0.0,4.71238898038469,1.5707963267948966
0.0,3.141592653589793,0.0,3.141592653589793,0.0,1.5707963267948966,0.0,0.0,0.0,3.141592653589793,0.0,3.141592653589793,1.5707963267948966,4.71238898038469,6.1850105367549055,6.283185307179586,0.0,0.0,0.0,3.141592653589793,4.71238898038469,0.0,4.71238898038469,1.5707963267948966
0.0,3.141592653589793,0.0,3.141592653589793,0.0,1.5707963267948966,0.0,0.0,0.0,3.141592653589793,0.0,3.141592653589793,1.5707963267948966,4.71238898038469,6.283185307179586,6.1850105367549055,0.0,0.0,0.0,3.141592653589793,4.71238898038469,0.0,4.71238898038469,1.5707963267948966
0.0,3.141592653589793,0.0,3.141592653589793,0.0,1.5707963267948966,0.0,0.0,0.0,3.141592653589793,0.0,3.141592653589793,1.5707963267948966,4.71238898038469,6.283185307179586,6.283185307179586,0.0,0.0,0.0,3.043417883165112,4.71238898038469,0.0,4.71238898038469,1.5707963267948966
0.0,3.141592653589793,0.0,3.141592653589793,0.0,1.5707963267948966,0.0,0.0,0.0,3.141592653589793,0.0,3.141592653589793,1.5707963267948966,4.71238898038469,6.283185307179586,6.283185307179586,0.0,0.0,0.0,3.141592653589793,4.614214209960009,0.0,4.71238898038469,1.5707963267948966
0.0,3.141592653589793,0.0,3.141592653589793,0.0,1.5707963267948966,0.0,0.0,0.0,3.141592653589793,0.0,3.141592653589793,1.5707963267948966,4.71238898038469,6.283185307179586,6.283185307179586,0.0,0.0,0.0,3.141592653589793,4.71238898038469,0.0,4.614214209960009,1.5707963267948966
0.0,3.141592653589793,0.0,3.141592653589793,0.0,1.5707963267948966,0.0,0.0,0.0,3.141592653589793,0.0,3.141592653589793,1.5707963267948966,4.71238898038469,6.283185307179586,6.283185307179586,0.0,0.0,0.0,3.141592653589793,4.71238898038469,0.0,4.71238898038469,1.4726215563702154
0.04908738521234052,3.141592653589793,0.0,3.141592653589793,0.0,1.5707963267948966,0.0,0.0,0.0,3.141592653589793,0.0,3.141592653589793,1.5707963267948966,4.71238898038469,6.283185307179586,6.283185307179586,0.0,0.0,0.0,3.141592653589793,4.71238898038469,0.0,4.71238898038469,1.5707963267948966
0.0,3.1906800388021335,0.0,3.141592653589793,0.0,1.5707963267948966,0.0,0.0,0.0,3.141592653589793,0.0,3.141592653589793,1.5707963267948966,4.71238898038469,6.283185307179586,6.283185307179586,0.0,0.0,0.0,3.141592653589793,4.71238898038469,0.0,4.71238898038469,1.5707963267948966
0.0,3.141592653589793,0.04908738521234052,3.141592653589793,0.0,1.5707963267948966,0.0,0.0,0.0,3.141592653589793,0.0,3.141592653589793,1.5707963267948966,4.71238898038469,6.283185307179586,6.283185307179586,0.0,0.0,0.0,3.141592653589793,4.71238898038469,0.0,4.71238898038469,1.5707963267948966
0.0,3.141592653589793,0.0,3.1906800388021335,0.0,1.5707963267948966,0.0,0.0,0.0,3.141592653589793,0.0,3.141592653589793,1.5707963267948966,4.71238898038469,6.283185307179586,6.283185307179586,0.0,0.0,0.0,3.141592653589793,4.71238898038469,0.0,4.71238898038469,1.5707963267948966
0.0,3.141592653589793,0.0,3.141592653589793,0.04908738521234052,1.5707963267948966,0.0,0.0,0.0,3.141592653589793,0.0,3.141592653589793,1.5707963267948966,4.71238898038469,6.283185307179586,6.283185307179586,0.0,0.0,0.0,3.141592653589793,4.71238898038469,0.0,4.71238898038469,1.5707963267948966
0.0,3.141592653589793,0.0,3.141592653589793,0.0,1.6198837120072371,0.0,0.0,0.0,3.141592653589793,0.0,3.141592653589793,1.5707963267948966,4.71238898038469,6.283185307179586,6.283185307179586,0.0,0.0,0.0,3.141592653589793,4.71238898038469,0.0,4.71238898038469,1.5707963267948966
0.0,3.141592653589793,0.0,3.141592653589793,0.0,1.5707963267948966,0.04908738521234052,0.0,0.0,3.141592653589793,0.0,3.141592653589793,1.5707963267948966,4.71238898038469,6.283185307179586,6.283185307179586,0.0,0.0,0.0,3.141592653589793,4.71238898038469,0.0,4.71238898038469,1.5707963267948966
0.0,3.141592653589793,0.0,3.141592653589793,0.0,1.5707963267948966,0.0,0.04908738521234052,0.0,3.141592653589793,0.0,3.141592653589793,1.5707963267948966,4.71238898038469,6.283185307179586,6.283185307179586,0.0,0.0,0.0,3.141592653589793,4.71238898038469,0.0,4.71238898038469,1.5707963267948966
0.0,3.141592653589793,0.0,3.141592653589793,0.0,1.5707963267948966,0.0,0.0,0.04908738521234052,3.141592653589793,0.0,3.141592653589793,1.5707963267948966,4.71238898038469,6.283185307179586,6.283185307179586,0.0,0.0,0.0,3.141592653589793,4.71238898038469,0.0,4.71238898038469,1.5707963267948966
0.0,3.141592653589793,0.0,3.141592653589793,0.0,1.5707963267948966,0.0,0.0,0.0,3.1906800388021335,0.0,3.141592653589793,1.5707963267948966,4.71238898038469,6.283185307179586,6.283185307179586,0.0,0.0,0.0,3.141592653589793,4.71238898038469,0.0,4.71238898038469,1.5707963267948966
0.0,3.141592653589793,0.0,3.141592653589793,0.0,1.5707963267948966,0.0,0.0,0.0,3.141592653589793,0.04908738521234052,3.141592653589793,1.5707963267948966,4.71238898038469,6.283185307179586,6.283185307179586,0.0,0.0,0.0,3.141592653589793,4.71238898038469,0.0,4.71238898038469,1.5707963267948966
0.0,3.141592653589793,0.0,3.141592653589793,0.0,1.5707963267948966,0.0,0.0,0.0,3.141592653589793,0.0,3.1906800388021335,1.5707963267948966,4.71238898038469,6.283185307179586,6.283185307179586,0.0,0.0,0.0,3.141592653589793,4.71238898038469,0.0,4.71238898038469,1.5707963267948966
0.0,3.141592653589793,0.0,3.141592653589793,0.0,1.5707963267948966,0.0,0.0,0.0,3.141592653589793,0.0,3.141592653589793,1.6198837120072371,4.71238898038469,6.283185307179586,6.283185307179586,0.0,0.0,0.0,3.141592653589793,4.71238898038469,0.0,4.71238898038469,1.5707963267948966
0.0,3.141592653589793,0.0,3.141592653589793,0.0,1.5707963267948966,0.0,0.0,0.0,3.141592653589793,0.0,3.141592653589793,1.5707963267948966,4.76147636559703,6.283185307179586,6.283185307179586,0.0,0.0,0.0,3.141592653589793,4.71238898038469,0.0,4.71238898038469,1.5707963267948966
0.0,3.141592653589793,0.0,3.141592653589793,0.0,1.5707963267948966,0.0,0.0,0.0,3.141592653589793,0.0,3.141592653589793,1.5707963267948966,4.71238898038469,6.283185307179586,6.283185307179586,0.04908738521234052,0.0,0.0,3.141592653589793,4.71238898038469,0.0,4.71238898038469,1.5707963267948966
0.0,3.141592653589793,0.0,3.141592653589793,0.0,1.5707963267948966,0.0,0.0,0.0,3.141592653589793,0.0,3.141592653589793,1.5707963267948966,4.71238898038469,6.283185307179586,6.283185307179586,0.0,0.04908738521234052,0.0,3.141592653589793,4.71238898038469,0.0,4.71238898038469,1.5707963267948966
0.0,3.141592653589793,0.0,3.141592653589793,0.0,1.5707963267948966,0.0,0.0,0.0,3.141592653589793,0.0,3.141592653589793,1.5707963267948966,4.71238898038469,6.283185307179586,6.283185307179586,0.0,0.0,0.04908738521234052,3.141592653589793,4.71238898038469,0.0,4.71238898038469,1.5707963267948966
0.0,3.141592653589793,0.0,3.141592653589793,0.0,1.5707963267948966,0.0,0.0,0.0,3.141592653589793,0.0,3.141592653589793,1.5707963267948966,4.71238898038469,6.283185307179586,6.283185307179586,0.0,0.0,0.0,3.1906800388021335,4.71238898038469,0.0,4.71238898038469,1.5707963267948966
0.0,3.141592653589793,0.0,3.141592653589793,0.0,1.5707963267948966,0.0,0.0,0.0,3.141592653589793,0.0,3.141592653589793,1.5707963267948966,4.71238898038469,6.283185307179586,6.283185307179586,0.0,0.0,0.0,3.141592653589793,4.76147636559703,0.0,4.71238898038469,1.5707963267948966
0.0,3.141592653589793,0.0,3.141592653589793,0.0,1.5707963267948966,0.0,0.0,0.0,3.141592653589793,0.0,3.141592653589793,1.5707963267948966,4.71238898038469,6.283185307179586,6.283185307179586,0.0,0.0,0.0,3.141592653589793,4.71238898038469,0.04908738521234052,4.71238898038469,1.5707963267948966
0.0,3.141592653589793,0.0,3.141592653589793,0.0,1.5707963267948966,0.0,0.0,0.0,3.141592653589793,0.0,3.141592653589793,1.5707963267948966,4.71238898038469,6.283185307179586,6.283185307179586,0.0,0.0,0.0,3.141592653589793,4.71238898038469,0.0,4.76147636559703,1.5707963267948966
0.0,3.141592653589793,0.0,3.141592653589793,0.0,1.5707963267948966,0.0,0.0,0.0,3.141592653589793,0.0,3.141592653589793,1.5707963267948966,4.71238898038469,6.283185307179586,6.283185307179586,0.0,0.0,0.0,3.141592653589793,4.71238898038469,0.0,4.71238898038469,1.6198837120072371
0.0,3.0925052683774528,0.0,3.141592653589793,0.0,1.5707963267948966,0.0,0.0,0.0,3.141592653589793,0.0,3.141592653589793,1.5707963267948966,4.71238898038469,6.283185307179586,6.283185307179586,0.0,0.0,0.0,3.141592653589793,4.71238898038469,0.0,4.71238898038469,1.5707963267948966
0.0,3.141592653589793,0.0,3.0925052683774528,0.0,1.5707963267948966,0.0,0.0,0.0,3.141592653589793,0.0,3.141592653589793,1.5707963267948966,4.71238898038469,6.283185307179586,6.283185307179586,0.0,0.0,0.0,3.141592653589793,4.71238898038469,0.0,4.71238898038469,1.5707963267948966
0.0,3.141592653589793,0.0,3.141592653589793,0.0,1.521708941582556,0.0,0.0,0.0,3.141592653589793,0.0,3.141592653589793,1.5707963267948966,4.71238898038469,6.283185307179586,6.283185307179586,0.0,0.0,0.0,3.141592653589793,4.71238898038469,0.0,4.71238898038469,1.5707963267948966
0.0,3.141592653589793,0.0,3.141592653589793,0.0,1.5707963267948966,0.0,0.0,0.0,3.0925052683774528,0.0,3.141592653589793,1.5707963267948966,4.71238898038469,6.283185307179586,6.283185307179586,0.0,0.0,0.0,3.141592653589793,4.71238898038469,0.0,4.71238898038469,1.5707963267948966
0.0,3.141592653589793,0.0,3.141592653589793,0.0,1.5707963267948966,0.0,0.0,0.0,3.141592653589793,0.0,3.0925052683774528,1.5707963267948966,4.71238898038469,6.283185307179586,6.283185307179586,0.0,0.0,0.0,3.141592653589793,4.71238898038469,0.0,4.71238898038469,1.5707963267948966
0.0,3.141592653589793,0.0,3.141592653589793,0.0,1.5707963267948966,0.0,0.0,0.0,3.141592653589793,0.0,3.141592653589793,1.521708941582556,4.71238898038469,6.283185307179586,6.283185307179586,0.0,0.0,0.0,3.141592653589793,4.71238898038469,0.0,4.71238898038469,1.5707963267948966
0.0,3.141592653589793,0.0,3.141592653589793,0.0,1.5707963267948966,0.0,0.0,0.0,3.141592653589793,0.0,3.141592653589793,1.5707963267948966,4.663301595172349,6.283185307179586,6.283185307179586,0.0,0.0,0.0,3.141592653589793,4.71238898038469,0.0,4.71238898038469,1.5707963267948966
0.0,3.141592653589793,0.0,3.141592653589793,0.0,1.5707963267948966,0.0,0.0,0.0,3.141592653589793,0.0,3.141592653589793,1.5707963267948966,4.71238898038469,6.234097921967246,6.283185307179586,0.0,0.0,0.0,3.141592653589793,4.71238898038469,0.0,4.71238898038469,1.5707963267948966
0.0,3.141592653589793,0.0,3.141592653589793,0.0,1.5707963267948966,0.0,0.0,0.0,3.141592653589793,0.0,3.141592653589793,1.5707963267948966,4.71238898038469,6.283185307179586,6.234097921967246,0.0,0.0,0.0,3.141592653589793,4.71238898038469,0.0,4.71238898038469,1.5707963267948966
0.0,3.141592653589793,0.0,3.141592653589793,0.0,1.5707963267948966,0.0,0.0,0.0,3.141592653589793,0.0,3.141592653589793,1.5707963267948966,4.71238898038469,6.283185307179586,6.283185307179586,0.0,0.0,0.0,3.0925052683774528,4.71238898038469,0.0,4.71238898038469,1.5707963267948966
0.0,3.141592653589793,0.0,3.141592653589793,0.0,1.5707963267948966,0.0,0.0,0.0,3.141592653589793,0.0,3.141592653589793,1.5707963267948966,4.71238898038469,6.283185307179586,6.283185307179586,0.0,0.0,0.0,3.141592653589793,4.663301595172349,0.0,4.71238898038469,1.5707963267948966
0.0,3.141592653589793,0.0,3.141592653589793,0.0,1.5707963267948966,0.0,0.0,0.0,3.141592653589793,0.0,3.141592653589793,1.5707963267948966,4.71238898038469,6.283185307179586,6.283185307179586,0.0,0.0,0.0,3.141592653589793,4.71238898038469,0.0,4.663301595172349,1.5707963267948966
0.0,3.141592653589793,0.0,3.141592653589793,0.0,1.5707963267948966,0.0,0.0,0.0,3.141592653589793,0.0,3.141592653589793,1.5707963267948966,4.71238898038469,6.283185307179586,6.283185307179586,0.0,0.0,0.0,3.141592653589793,4.71238898038469,0.0,4.71238898038469,1.521708941582556
0.02454369260617026,3.141592653589793,0.0,3.141592653589793,0.0,1.5707963267948966,0.0,0.0,0.0,3.141592653589793,0.0,3.141592653589793,1.5707963267948966,4.71238898038469,6.283185307179586,6.283185307179586,0.0,0.0,0.0,3.141592653589793,4.71238898038469,0.0,4.71238898038469,1.5707963267948966
0.0,3.1661363461959633,0.0,3.141592653589793,0.0,1.5707963267948966,0.0,0.0,0.0,3.141592653589793,0.0,3.141592653589793,1.5707963267948966,4.71238898038469,6.283185307179586,6.283185307179586,0.0,0.0,0.0,3.141592653589793,4.71238898038469,0.0,4.71238898038469,1.5707963267948966
0.0,3.141592653589793,0.02454369260617026,3.141592653589793,0.0,1.5707963267948966,0.0,0.0,0.0,3.141592653589793,0.0,3.141592653589793,1.5707963267948966,4.71238898038469,6.283185307179586,6.283185307179586,0.0,0.0,0.0,3.141592653589793,4.71238898038469,0.0,4.71238898038469,1.5707963267948966
0.0,3.141592653589793,0.0,3.1661363461959633,0.0,1.5707963267948966,0.0,0.0,0.0,3.141592653589793,0.0,3.141592653589793,1.5707963267948966,4.71238898038469,6.283185307179586,6.283185307179586,0.0,0.0,0.0,3.141592653589793,4.71238898038469,0.0,4.71238898038469,1.5707963267948966
0.0,3.141592653589793,0.0,3.141592653589793,0.02454369260617026,1.5707963267948966,0.0,0.0,0.0,3.141592653589793,0.0,3.141592653589793,1.5707963267948966,4.71238898038469,6.283185307179586,6.283185307179586,0.0,0.0,0.0,3.141592653589793,4.71238898038469,0.0,4.71238898038469,1.5707963267948966
0.0,3.141592653589793,0.0,3.141592653589793,0.0,1.5953400194010667,0.0,0.0,0.0,3.141592653589793,0.0,3.141592653589793,1.5707963267948966,4.71238898038469,6.283185307179586,6.283185307179586,0.0,0.0,0.0,3.141592653589793,4.71238898038469,0.0,4.71238898038469,1.5707963267948966
0.0,3.141592653589793,0.0,3.141592653589793,0.0,1.5707963267948966,0.02454369260617026,0.0,0.0,3.141592653589793,0.0,3.141592653589793,1.5707963267948966,4.71238898038469,6.283185307179586,6.283185307179586,0.0,0.0,0.0,3.141592653589793,4.71238898038469,0.0,4.71238898038469,1.5707963267948966
0.0,3.141592653589793,0.0,3.141592653589793,0.0,1.5707963267948966,0.0,0.02454369260617026,0.0,3.141592653589793,0.0,3.141592653589793,1.5707963267948966,4.71238898038469,6.283185307179586,6.283185307179586,0.0,0.0,0.0,3.141592653589793,4.71238898038469,0.0,4.71238898038469,1.5707963267948966
0.0,3.141592653589793,0.0,3.141592653589793,0.0,1.5707963267948966,0.0,0.0,0.02454369260617026,3.141592653589793,0.0,3.141592653589793,1.5707963267948966,4.71238898038469,6.283185307179586,6.283185307179586,0.0,0.0,0.0,3.141592653589793,4.71238898038469,0.0,4.71238898038469,1.5707963267948966
0.0,3.141592653589793,0.0,3.141592653589793,0.0,1.5707963267948966,0.0,0.0,0.0,3.1661363461959633,0.0,3.141592653589793,1.5707963267948966,4.71238898038469,6.283185307179586,6.283185307179586,0.0,0.0,0.0,3.141592653589793,4.71238898038469,0.0,4.71238898038469,1.5707963267948966
0.0,3.141592653589793,0.0,3.141592653589793,0.0,1.5707963267948966,0.0,0.0,0.0,3.141592653589793,0.02454369260617026,3.141592653589793,1.5707963267948966,4.71238898038469,6.283185307179586,6.283185307179586,0.0,0.0,0.0,3.141592653589793,4.71238898038469,0.0,4.71238898038469,1.5707963267948966
0.0,3.141592653589793,0.0,3.141592653589793,0.0,1.5707963267948966,0.0,0.0,0.0,3.141592653589793,0.0,3.1661363461959633,1.5707963267948966,4.71238898038469,6.283185307179586,6.283185307179586,0.0,0.0,0.0,3.141592653589793,4.71238898038469,0.0,4.71238898038469,1.5707963267948966
0.0,3.141592653589793,0.0,3.141592653589793,0.0,1.5707963267948966,0.0,0.0,0.0,3.141592653589793,0.0,3.141592653589793,1.5953400194010667,4.71238898038469,6.283185307179586,6.283185307179586,0.0,0.0,0.0,3.141592653589793,4.71238898038469,0.0,4.71238898038469,1.5707963267948966
0.0,3.141592653589793,0.0,3.141592653589793,0.0,1.5707963267948966,0.0,0.0,0.0,3.141592653589793,0.0,3.141592653589793,1.5707963267948966,4.73693267299086,6.283185307179586,6.283185307179586,0.0,0.0,0.0,3.141592653589793,4.71238898038469,0.0,4.71238898038469,1.5707963267948966
0.0,3.141592653589793,0.0,3.141592653589793,0.0,1.5707963267948966,0.0,0.0,0.0,3.141592653589793,0.0,3.141592653589793,1.5707963267948966,4.71238898038469,6.283185307179586,6.283185307179586,0.02454369260617026,0.0,0.0,3.141592653589793,4.71238898038469,0.0,4.71238898038469,1.5707963267948966
0.0,3.141592653589793,0.0,3.141592653589793,0.0,1.5707963267948966,0.0,0.0,0.0,3.141592653589793,0.0,3.141592653589793,1.5707963267948966,4.71238898038469,6.283185307179586,6.283185307179586,0.0,0.02454369260617026,0.0,3.141592653589793,4.71238898038469,0.0,4.71238898038469,1.5707963267948966
0.0,3.141592653589793,0.0,3.141592653589793,0.0,1.5707963267948966,0.0,0.0,0.0,3.141592653589793,0.0,3.141592653589793,1.5707963267948966,4.71238898038469,6.283185307179586,6.283185307179586,0.0,0.0,0.02454369260617026,3.141592653589793,4.71238898038469,0.0,4.71238898038469,1.5707963267948966
0.0,3.141592653589793,0.0,3.141592653589793,0.0,1.5707963267948966,0.0,0.0,0.0,3.141592653589793,0.0,3.141592653589793,1.5707963267948966,4.71238898038469,6.283185307179586,6.283185307179586,0.0,0.0,0.0,3.1661363461959633,4.71238898038469,0.0,4.71238898038469,1.5707963267948966
0.0,3.141592653589793,0.0,3.141592653589793,0.0,1.5707963267948966,0.0,0.0,0.0,3.141592653589793,0.0,3.141592653589793,1.5707963267948966,4.71238898038469,6.283185307179586,6.283185307179586,0.0,0.0,0.0,3.141592653589793,4.73693267299086,0.0,4.71238898038469,1.5707963267948966
0.0,3.141592653589793,0.0,3.141592653589793,0.0,1.5707963267948966,0.0,0.0,0.0,3.141592653589793,0.0,3.141592653589793,1.5707963267948966,4.71238898038469,6.283185307179586,6.283185307179586,0.0,0.0,0.0,3.141592653589793,4.71238898038469,0.02454369260617026,4.71238898038469,1.5707963267948966
0.0,3.141592653589793,0.0,3.141592653589793,0.0,1.5707963267948966,0.0,0.0,0.0,3.141592653589793,0.0,3.141592653589793,1.5707963267948966,4.71238898038469,6.283185307179586,6.283185307179586,0.0,0.0,0.0,3.141592653589793,4.71238898038469,0.0,4.73693267299086,1.5707963267948966
0.0,3.141592653589793,0.0,3.141592653589793,0.0,1.5707963267948966,0.0,0.0,0.0,3.141592653589793,0.0,3.141592653589793,1.5707963267948966,4.71238898038469,6.283185307179586,6.283185307179586,0.0,0.0,0.0,3.141592653589793,4.71238898038469,0.0,4.71238898038469,1.5953400194010667
0.0,3.117048960983623,0.0,3.141592653589793,0.0,1.5707963267948966,0.0,0.0,0.0,3.141592653589793,0.0,3.141592653589793,1.5707963267948966,4.71238898038469,6.283185307179586,6.283185307179586,0.0,0.0,0.0,3.141592653589793,4.71238898038469,0.0,4.71238898038469,1.5707963267948966
0.0,3.141592653589793,0.0,3.117048960983623,0.0,1.5707963267948966,0.0,0.0,0.0,3.141592653589793,0.0,3.141592653589793,1.5707963267948966,4.71238898038469,6.283185307179586,6.283185307179586,0.0,0.0,0.0,3.141592653589793,4.71238898038469,0.0,4.71238898038469,1.5707963267948966
0.0,3.141592653589793,0.0,3.141592653589793,0.0,1.5462526341887264,0.0,0.0,0.0,3.141592653589793,0.0,3.141592653589793,1.5707963267948966,4.71238898038469,6.283185307179586,6.283185307179586,0.0,0.0,0.0,3.141592653589793,4.71238898038469,0.0,4.71238898038469,1.5707963267948966
0.0,3.141592653589793,0.0,3.141592653589793,0.0,1.5707963267948966,0.0,0.0,0.0,3.117048960983623,0.0,3.141592653589793,1.5707963267948966,4.71238898038469,6.283185307179586,6.283185307179586,0.0,0.0,0.0,3.141592653589793,4.71238898038469,0.0,4.71238898038469,1.5707963267948966
0.0,3.141592653589793,0.0,3.141592653589793,0.0,1.5707963267948966,0.0,0.0,0.0,3.141592653589793,0.0,3.117048960983623,1.5707963267948966,4.71238898038469,6.283185307179586,6.283185307179586,0.0,0.0,0.0,3.141592653589793,4.71238898038469,0.0,4.71238898038469,1.5707963267948966
0.0,3.141592653589793,0.0,3.141592653589793,0.0,1.5707963267948966,0.0,0.0,0.0,3.141592653589793,0.0,3.141592653589793,1.5462526341887264,4.71238898038469,6.283185307179586,6.283185307179586,0.0,0.0,0.0,3.141592653589793,4.71238898038469,0.0,4.71238898038469,1.5707963267948966
0.0,3.141592653589793,0.0,3.141592653589793,0.0,1.5707963267948966,0.0,0.0,0.0,3.141592653589793,0.0,3.141592653589793,1.5707963267948966,4.6878452877785195,6.283185307179586,6.283185307179586,0.0,0.0,0.0,3.141592653589793,4.71238898038469,0.0,4.71238898038469,1.5707963267948966
0.0,3.141592653589793,0.0,3.141592653589793,0.0,1.5707963267948966,0.0,0.0,0.0,3.141592653589793,0.0,3.141592653589793,1.5707963267948966,4.71238898038469,6.258641614573416,6.283185307179586,0.0,0.0,0.0,3.141592653589793,4.71238898038469,0.0,4.71238898038469,1.5707963267948966
0.0,3.141592653589793,0.0,3.141592653589793,0.0,1.5707963267948966,0.0,0.0,0.0,3.141592653589793,0.0,3.141592653589793,1.5707963267948966,4.71238898038469,6.283185307179586,6.258641614573416,0.0,0.0,0.0,3.141592653589793,4.71238898038469,0.0,4.71238898038469,1.5707963267948966
0.0,3.141592653589793,0.0,3.141592653589793,0.0,1.5707963267948966,0.0,0.0,0.0,3.141592653589793,0.0,3.141592653589793,1.5707963267948966,4.71238898038469,6.283185307179586,6.283185307179586,0.0,0.0,0.0,3.117048960983623,4.71238898038469,0.0,4.71238898038469,1.5707963267948966
0.0,3.141592653589793,0.0,3.141592653589793,0.0,1.5707963267948966,0.0,0.0,0.0,3.141592653589793,0.0,3.141592653589793,1.5707963267948966,4.71238898038469,6.283185307179586,6.283185307179586,0.0,0.0,0.0,3.141592653589793,4.6878452877785195,0.0,4.71238898038469,1.5707963267948966
0.0,3.141592653589793,0.0,3.141592653589793,0.0,1.5707963267948966,0.0,0.0,0.0,3.141592653589793,0.0,3.141592653589793,1.5707963267948966,4.71238898038469,6.283185307179586,6.283185307179586,0.0,0.0,0.0,3.141592653589793,4.71238898038469,0.0,4.6878452877785195,1.5707963267948966
0.0,3.141592653589793,0.0,3.141592653589793,0.0,1.5707963267948966,0.0,0.0,0.0,3.141592653589793,0.0,3.141592653589793,1.5707963267948966,4.71238898038469,6.283185307179586,6.283185307179586,0.0,0.0,0.0,3.141592653589793,4.71238898038469,0.0,4.71238898038469,1.5462526341887264
