-1.0570549172662669
-0.546891145030809
-0.5484899470778472
-1.0497348404627578
-1.0516602884094541
-0.009251287968773503
-0.5469858715537617
-1.0509911550439583
-1.0520855511981742
-0.5473662988484187
-0.549595003535633
-1.0488188642767529
-1.0491877763015798
-0.7981604536236945
-0.795977439920364
-1.0539520194331846
-1.0509513440302238
-0.7193530587667836
-0.7963844043009334
-1.0529358131054196
-1.0463816469496112
-0.8012103763959032
-0.7928646743325292
-1.048626310514122
-1.048343717459353
-0.9801619501557017
-0.975893385322812
-1.050886307458373
-1.0502676874114418
-1.0184218757111378
-0.9716264065413401
-1.0528624075589423
-1.039404589544219
-0.9814226907667314
-0.9754985528246584
-1.0485745456159963
-1.0509154791691682
-1.031027500704747
-1.0337967326615995
-1.0521932117760024
-1.0503091884650744
-1.0679064299128056
-1.0219684908648687
-1.0488270004205704
-1.0376626414632961
-1.0338494920999652
-1.0302583668204188
-1.0524906061240085
-1.0512677816568463
-1.0413370428024495
-1.069326268373918
-1.0447505643571937
-1.05105002601141
-1.0692505262893552
-1.0702462327138627
-1.0384590386924115
-1.0602633814296794
-1.0670277119954936
-1.0683409340049377
-1.0452243933852599
-1.0442468369099525
-1.0710140488088569
-1.069592641350404
-1.0516656572003953
-1.062547389116522
-1.0676446554184986
-1.069326539413659
-1.0472452936095051
-1.0515106075742624
-1.066564734100545
-1.0645708008841073
-1.038664008208723
-1.0554923199435906
-1.061968862715166
-1.0692172517978245
-1.0480032943133233
-1.0487282985655617
-1.0717788258658978
-1.0713371375844791
-1.0482278271115422
-1.0538452699775227
-1.0526761886964273
-1.050987681553108
-1.0512866079801948
-1.0518396353753723
-1.0716391423761
-1.0754417324924608
-1.0394546541141865
-1.0538844573688209
-1.0669287576418058
-1.0694574676778454
-1.0546664626754687
-1.0480620131933591
-1.0709703882613786
-1.0694298325867726
-1.067239461872469
-1.0650065261466388
-1.0702048494949068
-1.0717284029656173
-1.0650398096068359
-1.0672224698766641
-1.0685754576907003
-1.0718794906756666
-1.0635030939128591
-1.0632694527639737
-1.0740818846920155
-1.0699617269964776
-1.0690804717185536
-1.0555271226097374
-1.0723217454601912
-1.0657580977397272
-1.0710378967836296
-1.06680974826096
-1.0660911634958081
-1.0701932678610802
-1.0724210992657244
-1.071304812424046
-1.0668521878531514
-1.0657038226822697
-1.0674144743444904
-1.0710962472054302
-1.064895141823738
-1.0649885598116644
-1.0720899125552172
-1.0714037317766827
-1.0733930303409942
-1.0725963657842978
-1.0705641969672284
-1.0642269889980618
-1.0657562098700706
-1.0694536881462033
-1.0712234341469062
-1.0694985372713508
-1.071918992440728
-1.0729694570077242
-1.0720097444408252
-1.0654404357348246
-1.0694666187780855
-1.0709764209130324
-1.0711581647442463
-1.0676830482316355
-1.0707280586811023
-1.0715262598575208
-1.071241024223875
-1.0674845140267037
-1.0685292837760092
-1.0691541170960503
-1.0702177177093455
-1.0712291123407445
-1.073543339133311
-1.0712734500106833
