-1.825449248193179
-0.10138326078342697
-1.3948983524894158
-1.3556819893378371
-1.8259993944218755
-1.8175240719392884
-1.8289646846609768
-1.3253489715226507
-0.26669688448933765
-1.3552107248863783
-1.8269217036594831
-1.8231445604858318
-1.8188502831220834
-1.8251944793009967
-1.3311766825677804
-1.3842414370294864
-1.3692651768967496
-1.8224447428870678
-1.8239517643753949
-1.8295242920990462
-1.8223833107528906
-0.09769172641591384
-1.398006124340057
-1.3700206226464469
-1.8190892900306106
-1.8179656234117363
-1.3714929717505129
-1.3258384133288161
-1.3578329529263113
-1.3591701493901653
-1.366505288926939
-1.3750830637011493
-1.814720095057353
-1.5908774957782494
-1.7006949189220977
-1.8102089196568965
-1.815546331732206
-0.10483551361889243
-1.395996956377882
-1.3542125213098586
-1.818771962073071
-1.8223145080730463
-1.8197920874352658
-1.3268967483628473
-0.2484040460841542
-1.3703925802650694
-1.8245164557158922
-1.8224611908938826
-1.8196608950911495
-1.8203952455704697
-1.3425659411771051
-1.3848326773715498
-1.362187524124031
-1.8243349357524474
-1.8239913907175729
-1.8190907973913275
-1.8267607151083238
-0.1102622736938832
-1.399899477358923
-1.3633279748842022
-1.8247325069763838
-1.816908199840444
-1.362463824155915
-1.3284928418009465
-1.3677143926010573
-1.3679074425064366
-1.3688401875255416
-1.36501590538907
-1.8223129336219965
-0.9637482423430068
-1.6145664227669232
-1.5942610896555967
-1.5962047582325611
-1.8238798031562404
-1.826338793011176
-1.8226491970975842
-1.5950507649590822
-1.5748733430140742
-1.0424723004018397
-1.576063230033735
-1.8200322255367591
-1.8240573547677656
-1.8236096281615084
-1.820890852129751
-1.598154503668498
-1.5713306536474816
-1.6074387190690855
-1.5965359299480293
-1.5946380275842151
-1.8239699943523418
-1.818881442192463
-1.8282970335739193
-0.9502054208584604
-1.623808520747582
-1.5929257110753237
-1.815022537447338
-1.8246437702010954
-1.8276846442051509
-1.5974877541132697
-1.577827819170859
-1.5846922062719606
-1.8253085207073771
-1.823018361109428
-1.8196458788707552
-1.8281032689098664
-1.596667902975824
-1.598854593664517
-1.5963224299034096
-1.82726510192819
-1.8314747793364061
-1.8173103852571266
-1.8286954854967121
-1.8266974454844673
-1.8183261903928458
-0.9627442735192075
-1.6148419218673449
-1.5905436216634605
-1.5952410618848305
-1.8185349861241504
-1.8224269191312832
-1.832457394985221
-1.588212876479704
-1.5702546080475754
-1.0433656011498251
-1.5887099642308868
-1.8221052991688147
-1.828190089791398
-1.824861121349072
-1.8189633680841886
-1.5914724319497198
-1.5802094779074976
-1.6115341381994857
-1.593499781508381
-1.6030627101406214
-1.8201088007579358
-1.8206763598956806
-1.8207484418383877
-0.9725384358647239
-1.6142337718891975
-1.5996110992709167
-1.8248741072898138
-1.830224965914942
-1.8255550545276233
-1.6035368813497437
-1.5693902262426034
-1.5835816449416926
-1.8197237572420764
-1.8164556814356558
-1.8250701285458995
-1.8224806785329588
-1.5913435631446924
-1.600944269914415
-1.58816079671394
-1.8176431384226042
-1.823797067709965
-1.5958234039739467
-1.761274001375189
-1.7512406048779705
-1.754746761606574
-1.8202958230648743
-1.823941501666723
-1.8177441990618752
-1.759152723811222
-1.74625815506359
-1.600844836944603
-1.758639136482829
-1.817695182894806
-1.827277052227501
-1.822070323637248
-1.8351828443384284
-1.7637830476661693
-1.7421804820245395
-1.7574746822653582
-1.7575463953047776
-1.7476161567833384
-1.8285026117390224
-1.825432728867729
-1.8158313222057703
-1.5669880311351887
-1.7578608977055503
-1.7586298714732953
-1.8238700202848845
-1.8248502050511035
-1.8259771602106396
-1.7700855320889617
-1.754872232755985
-1.7531071629371022
-1.8200277747817148
-1.8287315681239957
-1.8271488684320851
-1.8199502817027202
-1.7580864349128218
-1.7511123166428306
-1.7650278584977641
-1.814324787744765
-1.8244940601126565
-1.7751017035045318
-1.7999620905015565
-1.8127129548686143
-1.8196492646018574
-1.5743685704445636
-1.7598169922226965
-1.7450701490625367
-1.7565295845371525
-1.8252844987992978
-1.8242396942932961
-1.8285427653950623
-1.7545124233324654
-1.7556776380401633
-1.5918994448268298
-1.7617566612648268
-1.8171969981399858
-1.8215931147409912
-1.8161520620211893
-1.8183392812162542
-1.7569798028223251
-1.7610959416286174
-1.7643665941844482
-1.7563166583445875
-1.7583666658606905
-1.8250849552569712
-1.8221736423440025
-1.8194167524057898
-1.57132668228855
-1.757410200704565
-1.751142920010759
-1.8338405497465595
-1.8276956856341842
-1.8205829459168434
-1.7539913734114276
-1.752880877435583
-1.7495631626662047
-1.8218423737327583
-1.8257943523117035
-1.821809232990248
-1.8232502834248618
-1.7570412753719813
-1.7520499554521993
-1.751394818244346
-1.8232422208467258
-1.8269195864193035
-1.7594323026649799
-1.8056093222044867
-1.802099477135846
-1.802411487691705
-1.8191355879674032
-1.8198464773593122
-1.8286766876784704
-1.809330376569411
-1.8079322601549117
-1.7604539289331833
-1.8004405526764125
-1.8287298554593
-1.828627200026109
-1.822969534370829
-1.8233263204801857
-1.808151391279054
-1.8006101212162986
-1.8136245404085651
-1.805673425902183
-1.798703893078053
-1.8228409242549832
-1.8235768096576979
-1.8224339994422447
-1.7543792561774003
-1.8095740998026844
-1.806538782336625
-1.8268739772964613
-1.8239083729096186
-1.8246313324354297
-1.8005421614169048
-1.8026438525486599
-1.8116763360983135
-1.822191109998569
-1.8312537139895726
-1.8188532022480708
-1.8238829847015126
-1.799133375464827
-1.8017036709150505
-1.804751353888915
-1.818912552207289
-1.8195731787147542
-1.8110308991674124
-1.816832427991681
-1.822074746241031
-1.828079930720003
-1.8253010228884217
-1.8219980721789732
-1.8260642192183618
-1.8162521601838257
-1.8186695885410433
-1.7934766932169224
-1.8117455866261851
-1.820425588226148
-1.8268213008505039
-1.8196015319665655
-1.8261083171857204
-1.8165923158224948
-1.8159226579261765
-1.8266608607778227
-1.816662348991847
-1.8207429689622423
-1.8279129786621593
-1.8320233531628973
-1.8222403227839084
-1.8112023859113304
-1.8235630539689363
-1.812209692095015
-1.8222277486239506
-1.8209463529106658
-1.8258211522111307
-1.8274336973379373
-1.8247507729521844
-1.8156341599686017
-1.8306450251477329
-1.8223170164778613
-1.8165561155304202
-1.8153067788860917
-1.8202098086076928
-1.8164165865000688
-1.8194415002593205
-1.819647924377466
-1.825565456113734
-1.8152561503973603
-1.8199448199434176
-1.8205093122103397
-1.8298573231480062
-1.8239090482647518
-1.821233108158773
-1.8289169744861518
-1.8184506776343143
-1.825550079730566
-1.8064447580729661
-1.8201449939504106
-1.8236180668000557
-1.8214937995228717
-1.817067761395244
-1.8200764094180273
-1.819207860982889
-1.8177449341339529
-1.8252082814742137
-1.8200615915792557
-1.824005032495298
-1.8166824656659362
-1.8226461639110323
-1.8204274352793728
-1.8177607979330048
-1.827617838822832
-1.821208577898755
-1.8188839338571614
-1.8211668966858863
-1.8302390876848311
-1.8115713082965217
-1.8279994368909978
-1.8272004435328093
-1.8257792261277914
-1.8224273100079933
-1.8211506145796126
-1.8238384028023908
-1.8140509150567037
-1.8254292166534833
-1.8137047293379658
-1.8265059919585531
-1.8161240897993147
-1.817861637277085
-1.8135028295328028
-1.8224335317092981
-1.8196719382972364
-1.81537780190947
-1.8251006446099471
-1.8197263170103795
-1.8147153431755982
-1.8301070576389207
-1.8156767398392974
-1.8275444742535294
-1.8256819825562818
-1.8364239316487618
-1.8228484325239187
-1.8236401355755156
-1.8272054344387207
-1.817254500949733
-1.8237533137464697
-1.828878809384337
-1.8242269329719585
-1.8266050278506312
-1.8109205264305697
-1.8353968099831441
-1.8244560841245625
-1.8182590466923902
-1.821441594982218
-1.8186950769062495
-1.8284290165861514
-1.8180442255824745
-1.8213139242058087
-1.8316899193201497
-1.8282855967410887
-1.817288670587038
-1.816911711017434
-1.8272337489514523
-1.8258245876572772
-1.8240305715279332
-1.824909144982577
-1.8202445268282217
-1.8216119843467875
-1.8223182597331782
-1.8243547959335786
-1.821566902361289
-1.8240503473493266
-1.8218924056521544
-1.8251508536655345
-1.8316353787733672
-1.827167613182573
-1.8193873102682097
-1.82071780948462
-1.823439412338917
-1.8260590619947918
-1.824009462551547
-1.815160546324726
-1.8160227043020254
-1.820178744789858
-1.8300783509354641
-1.8241487536146355
-1.8248383922778881
-1.8160664578676493
-1.8156567819367346
-1.8245567377888903
-1.8151870099459861
-1.828411841771691
-1.8263174295118818
-1.8208842116265787
-1.8246075875853274
-1.8212737197572817
-1.8183628221512422
-1.8196157095555807
-1.8212191453662905
-1.8340035010321434
-1.8161232600562398
-1.816430396806984
-1.8233535992892138
-1.8244149216720857
-1.8246210781190888
-1.819609628281521
-1.8212605531243993
-1.823798098677949
-1.8302893547416454
-1.8246188808029422
-1.8190888192574002
-1.8239225804784396
-1.8237964710013526
-1.8249128473457812
-1.821830201243518
-1.8177363428910338
-1.8298475056465853
-1.826487701158998
-1.8265391051306101
-1.8166809527524275
-1.8298159872383848
-1.8153685958031887
-1.8277327152739469
-1.8200428295412543
-1.8340696373541467
-1.817114174549348
-1.8268203986860316
-1.8157210880118249
-1.8211652592665177
-1.8201283892842959
-1.8107347276739896
-1.822903648712487
-1.828237622643781
-1.8256271579660548
-1.8330111567724425
-1.8259079204424773
-1.8179171932876192
-1.8201871189022145
-1.8321972137601297
-1.8225218737106654
-1.825639511652205
-1.8312347962113964
-1.8242762256046832
-1.821895468945376
-1.8174927130374035
-1.8203068849309014
-1.821603327401911
-1.8230621093561776
-1.8286659410074615
-1.8194808830336502
-1.8246617158266658
-1.8316683347712688
-1.826635402265945
-1.822904780453208
-1.8264326642850932
