-1.4917644873002383
-0.4284679695754421
-0.495715781833166
-0.9999999999999996
-1.0218470791559584
-0.7275952278172064
-0.7813303662303761
-0.6964099761792488
-0.7001707049250324
-0.7275957726536071
-0.6964099761792488
-0.8172257850735104
-0.4333441888844496
-0.7155660025596375
-1.143946074923688
-0.6932116417324017
-0.6964099761792488
-0.7155660025596376
-0.6808435080168074
-0.7862068628061896
-1.0218470791559582
-0.07560557292050851
-0.6964099761792488
-0.7548531024519929
-0.4333441888844496
-0.6964094313428484
-0.7275957726536071
-1.0267235757317719
-0.7396255427475766
-0.6450925613565236
-0.40440746690861673
-0.433344466151256
-0.66522363486849
-0.7587821139643658
-0.09234061774529878
-0.4284679695754421
-0.43822068546026327
-0.7155660025596376
-0.9999999999999993
-0.42846769230863535
-0.4284679695754421
-0.7275957726536071
-0.433344466151256
-0.7275957726536071
-0.433344466151256
-0.7275957726536071
-0.7396255427475765
-1.0267235757317719
-1.026723575731772
-0.7743477600236004
-0.8924232903588818
-1.0218470791559584
-0.7275957726536071
-0.7860394437627513
-0.7001704789753829
-0.6964099761792488
-0.4284679695754423
-0.7275957726536071
-0.6879688018243401
-1.0218470791559582
-0.7155660025596375
-0.4044074669086165
-0.9999999999999998
-0.7275957726536071
-0.433344466151256
-0.6808435080168074
-0.6808435080168074
-0.6689843636142736
-0.404408429387503
-0.687969734206623
-0.6964099761792488
-0.7587821139643659
-1.026723575731772
-1.021847079155958
-0.6964094313428483
-0.7275952278172066
-1.0275766484950823
-1.0218470791559582
-0.7862071816929406
-0.7275957726536071
-0.6964099761792488
-0.6879688018243401
-1.0218473564227648
-0.7275957726536071
-0.9999999999999993
-0.8363785060501667
-0.6964094313428484
-0.7084392014368179
-0.7860390562168689
-1.245285618354684
-0.08031448346515446
-0.6964094313428483
-0.07089709154169
-0.7001707049250324
-0.7275957726536071
-0.7275957726536071
-0.7860394437627518
-0.4214856406354732
-0.6843802060852794
-0.43334446615125577
-0.6964099761792488
-0.433344466151256
-0.7275957726536071
-0.7708118840583353
-1.026723575731772
-0.7587815691279653
-0.4525275097633811
-1.026723575731772
-0.7587815691279653
-0.07560557292050851
-0.7708118840583355
-0.7275957726536071
-0.7275957726536071
-0.7467523438703965
-0.4284679695754423
-0.45252750976338135
-0.7003384428552215
-0.7001707049250324
-0.6689843636142736
-1.144288607672197
-0.9999999999999997
-0.9999999999999994
-0.9999999999999998
-1.026723575731772
-0.7467523438703962
-1.0218470791559582
-0.9999999999999997
-1.0218470791559582
-1.0267235757317719
-1.0267235757317719
-0.4044084293875031
-0.6964094313428483
-1.1389021593044364
-1.0218470791559582
-0.49571714877277356
-0.7275957726536071
-0.7275957726536071
-0.9999999999999996
-0.7001707049250323
-0.4284676923086359
-0.9999999999999993
-0.7587815691279653
-0.8173935230036994
-0.4284679695754421
-0.7275952278172066
-0.495715781833166
-0.6808435080168074
-0.7003384428552213
-1.0218473564227648
-0.43334446615125577
-1.0218473564227648
-0.8053908002380694
-0.7467523438703965
-0.7275957726536071
-0.7275957726536071
-0.7862071816929406
-0.6964094313428483
-0.7813303662303761
-0.7275957726536071
-0.6691515567080619
-0.37097178352973803
-0.433344466151256
-0.4284679695754421
-0.4999999999999999
-0.7155660025596375
-0.4284670070965556
-0.7396255427475765
-0.7860390562168692
-0.6964099761792488
-0.6843802060852793
-1.1512712138789725
-0.7587821139643659
-1.026723575731772
-0.43334446615125577
-0.0803140542993267
-0.9999999999999992
-0.6964094313428484
-0.7275957726536071
-0.7275957726536071
-0.8173935230036994
-0.6377980223035148
-1.0218470791559582
-0.6379657602337038
-0.7275957726536071
-0.4284679695754421
-1.0218470791559582
-0.7587815691279653
-0.4333441888844496
-0.7860394437627514
-0.7275957726536071
-0.4284679695754421
-0.37097259593573295
-0.07560497676695133
-0.7743483145572132
-0.44520333328698336
-0.7275957726536071
-0.7275957726536071
-0.6964094313428484
-0.6379663050701043
-0.4284679695754421
-1.143946074923688
-0.7275963174900075
-0.6964094313428483
-1.026723575731772
-1.127211030098898
-0.7275957726536071
-0.7984085399572322
-0.4525275097633812
-0.7587815691279653
-0.5944117999471478
-0.4284679695754421
-0.7275957726536071
-0.7071067811865468
-1.026723575731772
-0.7155660025596375
-1.0267235757317719
-0.6689846825010246
-0.7396260875839772
-1.0267235757317719
-0.433344466151256
-0.7275957726536071
-0.7467517990339959
-1.0218470791559584
-0.7275957726536071
-0.7003378980188208
-0.7587821139643659
-0.7813309623839333
-0.6964094313428483
-0.6964099761792488
-1.026723575731772
-0.6879688018243401
-0.7275957726536071
-0.7587815691279653
-0.35877091878469014
-0.5944103227284642
-0.6567830053499818
-0.4333441888844495
-0.8107772486058306
-1.026723575731772
-0.4284679695754421
-0.07560557292050851
-0.43334446615125577
-0.7587815691279653
-0.7743480372904068
-0.37114001497917104
-1.0218473564227648
-0.6928732781107768
-0.6964094313428483
-0.4333441888844496
-0.7863778073843763
-0.8484115815478687
-1.026723575731772
-0.6843796612488787
-0.4284679695754423
-0.4382206854602636
-0.791083401001948
-0.6688137379228378
-0.4284676506886911
-0.8924232903588821
-1.2623637920815407
-0.7071067811865474
-0.9091589313372296
-0.433344466151256
-0.7155660025596375
-2.2898349882893854e-16
-0.4284679695754423
-1.026723575731772
-0.6964094313428483
-0.4333441888844495
-0.7862071816929406
-0.4957157818331661
-1.2623637504615959
-0.7275957726536071
-0.7275957726536071
-0.9999999999999999
-1.026723575731772
-0.7275957726536071
-1.2674077077007924
-1.4971512815939372
-0.7275957726536071
-0.7275957726536071
-0.7275957726536071
-0.9999999999999994
-0.7587821139643658
-1.0267235757317719
-0.9999999999999993
-0.7275957726536071
-0.7860394853826962
-0.7275957726536071
-0.38317427308677593
-0.7275963174900077
-1.1512708679530346
-1.0267235757317719
-0.433344466151256
-0.4284679695754421
-0.6964094313428483
-1.2674077077007924
-0.4284682884621931
-1.0218470791559584
-1.026723575731772
-0.7155660025596376
-0.7275957726536071
-0.791083359382003
-0.7743483145572131
-1.0218473564227648
-0.9047919990074804
-0.6964099761792488
-0.6964094313428483
-0.6689843636142736
-0.8173935230036994
-0.6377988860266663
-0.7914255045846299
-0.7587821139643658
-1.0218470791559582
-0.6964099761792488
-0.7396255427475765
-0.06828039234527938
-0.433344466151256
-0.371139521459927
-0.7984085399572323
-0.7550208403821818
-0.7587821139643659
-0.4284679695754421
-0.404408429387503
-0.433344466151256
-1.143946074923688
-1.2693463982883162
-0.6964099761792488
-1.026723575731772
-0.7587821139643659
-0.07089649538813281
-0.7587815691279653
-0.7587815691279653
-0.6377988860266663
-0.7275957726536071
-1.0218473564227648
-0.7743480372904068
-0.6808435080168074
-0.433344466151256
-0.7155660025596376
-0.051544584379201286
-1.0218470791559584
-0.8173935230036994
-0.433344466151256
-1.2623637504615959
-0.7084397462732184
-0.6964099761792488
-0.8924232903588818
-0.9999999999999992
-0.7003378980188208
-0.7862071816929406
-1.026723575731772
-0.07560557292050851
-0.6689846825010246
-0.6689843636142736
-0.4284682884621931
-0.7155660025596375
-0.6019328698928323
-1.4917648332261766
-0.7275957726536071
-0.7275957726536071
-0.8053911461640074
-0.7587815691279653
-0.7275957726536071
-0.6964099761792488
-1.5025373840357603
-0.43334446615125577
-0.7587815691279653
-0.6964094313428484
-1.026723575731772
-0.66522363486849
-0.9999999999999998
-0.6964094313428483
-0.9095010765398561
-0.6964094313428483
-0.7708118840583353
-1.0218470791559584
-0.7862071816929406
-1.0218470791559582
-0.6964099761792488
-1.026723575731772
-0.7275957726536071
-1.1439460749236878
-0.9999999999999993
-1.0267235757317719
-1.026723575731772
-1.0218470791559584
-0.6964094313428484
-0.433344466151256
-0.6964094313428483
-0.7396255427475766
-0.7396255427475765
-0.7396255427475766
-0.7275957726536071
-0.7275957726536071
-0.8172252402371099
-0.9999999999999996
-0.8053908002380697
-0.051544155213374715
-0.09234061774529845
-0.6691515567080621
-1.1512712138789725
-0.7984085399572322
-1.0218470791559582
-0.7275957726536071
-0.7155660025596376
-1.1389021593044362
-0.9095010765398561
-0.8924232903588818
-0.4333441888844495
-0.4284679695754423
-0.4333441888844496
-0.9095010765398561
-0.7275957726536071
-0.6964094313428484
-1.2623637920815407
-0.43334446615125577
-0.7275957726536071
-0.433344466151256
-0.7275957726536071
-0.433344466151256
-0.7587821139643659
-0.7155660025596375
-0.6964094313428484
-1.0218473564227648
-0.6964094313428483
-0.7275957726536071
-1.026723575731772
-0.4999999999999993
-1.0218470791559582
-0.4957171487727735
-0.42846824684224827
-0.8107772486058307
-0.43334446615125577
-1.2623637920815407
-0.7396255427475766
-0.43351220408144475
-0.7236673059776345
-0.7914255045846301
-0.7813303662303757
-0.7396249979111761
-0.6964094313428483
-0.7001707049250324
-0.8416242638160781
-0.7587815691279653
-1.021847079155958
-0.6964099761792488
-0.6688127754439513
-0.4284679695754421
-0.7275957726536071
-0.42846769230863535
-0.7587821139643659
-0.433344466151256
-0.6377980223035148
-0.7275957726536071
-0.7587815691279653
-0.7587821139643658
-0.4284676506886911
-0.433344466151256
-0.9047919990074804
-0.7155660025596376
-1.1439460749236878
-0.7572711245297963
-0.7275957726536071
-1.2452865604341794
-1.144288607672197
-0.7587815691279653
-0.6964099761792488
-0.4284679695754421
-0.9164837243665762
-1.245285618354684
-1.2623637504615959
-1.026723575731772
-0.7623182671964374
-0.8173926592805478
-1.1442882201263143
-0.6808435080168074
-0.7155660025596376
-0.7001707049250323
-0.6964099761792488
-0.06828039234527938
-0.7467523438703965
-0.7275957726536071
-0.7550208403821819
-0.4284676923086359
-1.0218470791559584
-1.1512708679530346
-0.7862071816929406
-0.4284682468422484
-1.0267235757317719
-0.7275957726536071
-0.3711395214599274
-0.7396249979111761
-0.9999999999999993
-0.7275957726536071
-0.433176728221067
-1.0218470791559582
-0.7275957726536071
-0.7275957726536071
-0.6567830053499818
-1.245285618354684
-1.6152264660032811
-0.4284679695754423
-0.7275957726536071
-0.7860394437627518
-0.6964094313428483
-1.6152264660032811
-1.0218470791559582
-0.4284679695754421
-1.0218470791559582
-1.0267235757317719
-1.0267235757317719
-1.0267235757317719
-1.0267235757317719
-0.6531938647745205
-1.2674077077007924
-0.7396255427475765
-0.7396255427475766
-0.7587815691279653
-1.4917648332261764
-0.07089589923457562
-1.4917648332261764
-1.245285618354684
-0.7813303662303757
-1.6152264660032811
-1.0218470791559582
-1.4971509356679995
-0.7910834010019479
-1.2623637920815407
-1.6152264660032811
-1.7333019963385625
-1.6152264660032811
-0.42846769230863535
-1.6152264660032811
-0.42846769230863535
-0.8295943364315906
-1.4971509356679995
-1.7333019963385625
-1.7333019963385625
-1.1389021593044364
-0.8053911461640074
-1.269346398288316
-0.051544584379201286
-1.7333019963385625
-1.2623637504615959
-1.0218473564227646
-1.0267235757317719
-1.269346398288316
-1.4917651791521143
-1.7333019963385625
-1.4917648332261764
-1.7333019963385625
-1.7333019963385625
-1.7333019963385625
-1.6152264660032811
-1.2452865604341794
-0.7572707786038587
-1.7333019963385625
-0.7813309623839332
-1.7333019963385625
-1.7333019963385625
-1.7333019963385625
-1.6152264660032811
-1.0218470791559582
-1.7333019963385625
-1.7333019963385625
-0.892423290358882
-1.7333019963385625
-0.7862071816929406
-1.7333019963385625
-1.7333019963385625
-1.7333019963385625
-1.269346398288316
-1.7333019963385625
-0.9999999999999996
-1.0218473564227648
-1.6152264660032811
-1.7333019963385625
-1.7333019963385625
-1.7333019963385625
-1.7333019963385625
-1.6152264660032811
-1.6152264660032811
-1.7333019963385625
-1.7333019963385625
-1.7333019963385625
-1.7333019963385625
-1.6152264660032811
-1.7333019963385625
-0.42846824684224827
-1.7333019963385625
-1.7333019963385625
-1.6152264660032811
-1.6152264660032811
-1.7333019963385625
-0.9999999999999993
-0.8173926592805478
-1.7386880987803852
-1.2623637504615959
-1.2623637504615959
-1.974838813525011
-1.7333016504126246
-1.269346398288316
-0.7708118840583355
-1.974838813525011
-0.7961273166212001
-1.974838813525011
-1.7386880987803854
-1.7333016504126246
-1.974838813525011
-0.7275957726536071
-1.7386880987803854
-1.7386880987803854
-1.7386880987803854
-1.974838813525011
-0.7914259337504569
-1.974838813525011
-1.4917644873002383
-1.2623637504615959
-1.7333016504126249
-0.4211434954328467
-1.7333016504126249
-0.7587821139643659
-1.974838813525011
-1.7386880987803854
-1.7386880987803854
-1.974838813525011
-1.7386880987803854
-1.7333016504126246
-1.974838813525011
-0.4284676923086359
-1.0218470791559584
-1.7333016504126249
-1.7386880987803854
-1.5025373840357603
-0.8172252402371099
-1.974838813525011
-1.974838813525011
-1.0218470791559582
-1.7333019963385625
-1.7386880987803854
-1.974838813525011
-1.7333016504126246
-0.99880674940913
-1.974838813525011
-1.7386880987803854
-1.7333019963385625
-1.4917648332261764
-1.7333016504126246
-1.7333019963385625
-1.974838813525011
-1.2623637920815407
-1.974838813525011
-1.7333016504126249
-1.974838813525011
-1.7333016504126246
-1.7333016504126249
-1.4917644873002383
-1.974838813525011
-1.7386880987803852
-0.7961273166211995
-1.7333019963385625
-0.6808435080168074
-0.7275957726536071
-1.7333019963385625
-1.974838813525011
-1.491765179152114
-1.0218470791559584
-1.7386880987803854
-1.2623637920815407
-1.7333019963385625
-1.4917644873002383
-0.6964099761792488
-1.7333016504126246
-1.7333016504126246
-1.974838813525011
-1.2623637920815407
-1.4917644873002383
-0.4284676923086359
-1.974838813525011
-1.0275766484950823
-1.7333016504126246
-0.7275957726536071
-1.6152264660032811
-1.4917644873002387
-1.7333016504126246
-1.7333016504126246
-1.4917651791521143
-1.4971509356679995
-1.0267235757317719
-1.974838813525011
-1.974838813525011
-1.0267235757317719
-1.026723575731772
-1.974838813525011
-1.974838813525011
-0.7587821139643659
-1.7333016504126246
-1.7386880987803852
-1.2674077077007924
-1.974838813525011
-1.974838813525011
-1.7386880987803852
-1.974838813525011
-0.022774685293248997
-1.2623637920815407
-1.974838813525011
-1.7333016504126246
-1.7386880987803852
-1.974838813525011
-1.7386880987803852
-1.7386880987803852
-1.7386880987803852
-1.7386880987803852
-1.7386880987803852
-1.2623637920815407
-1.5025373840357603
-1.7386880987803852
-1.7386880987803852
-1.2674077077007924
-1.7386880987803852
-1.974838813525011
-0.7084392014368179
-1.7333019963385625
-1.7386880987803852
-1.974838813525011
-1.974838813525011
-0.051545347520489115
-1.7386880987803852
-1.7333016504126246
-1.5025373840357603
-1.2623637504615959
-1.974838813525011
-0.7984085399572322
-1.7333016504126246
-1.5025373840357603
-0.6689843636142736
-1.974838813525011
-0.7155660025596375
-0.7587821139643659
-1.5025373840357603
-1.974838813525011
-1.269346398288316
-1.2693463982883162
-1.974838813525011
-0.4284679695754421
-1.7386880987803854
-1.7386880987803852
-0.08031362513349982
-0.7899679104387242
-1.974838813525011
-1.974838813525011
-1.7386880987803854
-1.974838813525011
-0.7275957726536071
-1.7386880987803854
-1.7386880987803852
-1.7386880987803852
-1.7333019963385625
-1.6152264660032811
-1.021847079155958
-1.974838813525011
-1.974838813525011
-1.974838813525011
-0.7396249979111761
-1.974838813525011
-1.4917648332261764
-1.0322780313658249
-1.974838813525011
-1.7386880987803854
-1.974838813525011
-1.974838813525011
-1.7333016504126249
-1.974838813525011
-1.974838813525011
-1.026723575731772
-1.143946074923688
-1.974838813525011
-0.7275957726536071
-1.974838813525011
-1.7386880987803854
-1.974838813525011
-1.974838813525011
-1.974838813525011
-1.974838813525011
-1.974838813525011
-1.7386880987803852
-0.7860394853826959
-1.6152264660032811
-1.974838813525011
-0.9999999999999998
-1.974838813525011
-1.7386880987803854
-0.7587815691279653
-1.974838813525011
-0.7743477600236004
-1.7333016504126246
-1.0267235757317719
-0.7396255427475765
-1.974838813525011
-1.0267235757317719
-1.974838813525011
-1.5025373840357603
-1.974838813525011
-1.7386880987803854
-0.49554836278972814
-1.2674077077007924
-1.7386880987803852
-1.026723575731772
-1.0275766484950823
-1.6152264660032811
-1.5025373840357603
-1.7386880987803852
-0.7860394437627515
-1.7386880987803852
-1.7386880987803852
-0.9999999999999996
-1.144288607672197
-1.262363750461596
-1.974838813525011
-1.7386880987803852
-1.7386880987803852
-1.7386880987803852
-1.7333016504126246
-1.7386880987803852
-1.0218470791559584
-1.7386880987803852
-1.974838813525011
-1.7386880987803852
-0.7984085399572326
-1.2674077077007924
-1.6152264660032811
-1.974838813525011
-1.7333016504126249
-1.974838813525011
-1.2623637920815407
-1.0218470791559584
-1.4917648332261766
-1.0218470791559582
-0.42846769230863535
-0.09966579832052713
-1.7333016504126249
-1.4971512815939372
-0.7275957726536071
-0.7275957726536071
-1.2674077077007924
-1.7386880987803854
-1.974838813525011
-1.7333019963385625
-1.2623637504615959
-1.7333016504126246
-1.974838813525011
-1.974838813525011
-1.7386880987803852
-1.974838813525011
-1.974838813525011
-1.615226466003281
-1.5025373840357603
-0.42846769230863535
-1.974838813525011
-1.7386880987803852
-1.0267235757317719
-1.974838813525011
-1.2623637920815407
-1.974838813525011
-0.42846769230863535
-1.974838813525011
-1.2623637920815407
-1.7386880987803852
-1.974838813525011
-0.7275957726536071
-1.0218470791559582
-1.4971512815939372
-0.42846769230863535
-1.0267235757317719
-1.7386880987803852
-0.7860394437627515
-1.4917648332261766
-1.2623637920815407
-1.4971509356679993
-1.6152264660032811
-1.4971509356679993
-1.7333019963385625
-1.2623637504615959
-1.974838813525011
-0.7914259337504569
-0.9047919990074804
-1.974838813525011
-1.615226466003281
-0.7071067811865474
-1.5025373840357603
-1.615226466003281
-1.615226466003281
-1.4917648332261766
-1.974838813525011
-1.615226466003281
-1.6152264660032811
-1.974838813525011
-0.08031448346515357
-1.0267235757317719
-1.974838813525011
-1.0218470791559582
-1.974838813525011
-0.7961273166212001
-1.974838813525011
-1.4971509356679993
-1.4971512815939372
-0.7860394853826959
-1.0218470791559582
-0.7860394437627518
-1.974838813525011
-1.245285618354684
-1.7386880987803852
-1.974838813525011
-1.7333019963385625
-1.4917648332261764
-0.669152646380863
-1.4917648332261764
-0.7863778073843763
-0.4525275097633811
-0.08031405429932714
-1.7386880987803854
-1.7386880987803854
-1.4917648332261766
-1.2623637920815407
-0.7984085399572326
-1.7333016504126246
-1.615226466003281
-1.974838813525011
-1.4917648332261766
-1.262363750461596
-1.7386880987803852
-0.7275957726536071
-1.1439460749236878
-1.4971509356679993
-1.269346398288316
-1.7386880987803854
-0.7961273166212001
-1.974838813525011
-1.4971512815939372
-0.9047919990074804
-1.7386880987803852
-1.2623637504615959
-1.5025373840357603
-1.7386880987803852
-1.2674077077007924
-1.974838813525011
-0.465155361534378
-1.4971512815939372
-1.4917648332261766
-1.615226466003281
-1.974838813525011
-1.1389021593044362
-1.5025373840357603
-1.974838813525011
-1.615226466003281
-1.974838813525011
-1.7386880987803852
-1.7386880987803852
-1.7333016504126246
-0.7961273166211995
-1.0218470791559584
-1.0218470791559584
-1.615226466003281
-1.7386880987803854
-1.7386880987803852
-1.2623637504615959
-1.615226466003281
-0.07560497676695133
-1.0218470791559584
-1.0218473564227646
-1.5025373840357603
-1.7386880987803852
-1.974838813525011
-1.615226466003281
-1.6152264660032811
-0.4284679695754421
-0.6964094313428483
-1.4971512815939372
-1.7386880987803852
-1.615226466003281
-0.7914259337504569
-1.4917648332261766
-1.7386880987803852
-1.7333019963385625
-1.7386880987803852
-1.0218470791559584
-0.7275957726536071
-1.7386880987803854
-0.7984085399572322
-1.2674077077007924
-1.615226466003281
-1.026723575731772
-1.0218473564227648
-1.974838813525011
-0.8053911461640074
-1.5025373840357603
-1.4971509356679993
-0.6377980223035148
-0.7860394437627518
