-1.0512078181974596
-0.5508205466302001
-0.5503619295090922
-1.0503831710920852
-1.0515572452754514
-0.01011037772716522
-0.5472895593850708
-1.052280267662532
-1.05495782628903
-0.5448811933581759
-0.5502403717599826
-1.0504387919397171
-1.0516911705763305
-1.0383955560287532
-1.0387990743348647
-1.0395209665542788
-1.0382489121412826
-0.5493897862343078
-0.5471868082914395
-1.050370309877857
-1.0537243797272307
-0.009554294300844757
-0.5493582159373198
-1.0493281234978662
-1.046086908965791
-0.5471339442801448
-0.5499382555494468
-1.0510426731108546
-1.0506335084040748
-0.7973085120997545
-0.7977661462118337
-1.0483330189468516
-1.0448063773671343
-0.7093435362466057
-0.7898292993914543
-1.0513626746466116
-1.0487489220130342
-0.7987651863380993
-0.7990795902595476
-1.05048651326667
-1.0548283792273327
-1.0473396318521282
-0.9682896969308948
-0.9807683554865915
-1.0494955217044821
-1.0488901071215038
-1.0136509954309538
-0.970171484545225
-1.0515065233345888
-1.0365052882359935
-0.9868153483358132
-0.9794845870202229
-1.0521633515657591
-1.0523093801637644
-1.0381243047767919
-1.0312478007622532
-1.033998604729955
-1.0509280031338826
-1.0474836853700737
-1.066903519467277
-1.0221098428094868
-1.0526620026926552
-1.0385039605232627
-1.037856036776215
-1.0317851017416073
-1.052834418010054
-1.0488636579846666
-1.040808726966916
-1.009223064916121
-1.0642155129518358
-1.0412972074965081
-1.0483836921526026
-1.0709132493863343
-1.0658086576514427
-1.0055286254628302
-1.053051136632036
-1.068220816256616
-1.0710263719510444
-1.0441453139869306
-1.0470049606943668
-1.0651573994030767
-1.0710824832532544
-1.0431763564881544
-1.0667925806049239
-1.0592531365216813
-1.0687949440445357
-1.0436036760120238
-1.0551738410271356
-1.0652886113234161
-1.0694370856092648
-1.0377530249249889
-1.0540012900475197
-1.0624944184324256
-1.0672496562993083
-1.0431731384887521
-1.0450440397538021
-1.0664620422164766
-1.0667610291858862
-1.072573950010543
-1.0401681080214888
-1.0417909320947705
-1.041131888952521
-1.0614351038447556
-1.0381907687939067
-1.0547980100214494
-1.0667186972202805
-1.0659163512618655
-1.039867285311606
-1.0530049995422688
-1.0632659166405678
-1.068494701703236
-1.0495140349868284
-1.0438380368690792
-1.068798650366195
-1.0647267840779329
-1.072086779521762
-1.0678843814283898
-1.0653688666482113
-1.0679469318343084
-1.0684252741026068
-1.0654623603990252
-1.0619773813176392
-1.0655308682781577
-1.069180138565089
-1.061249835112899
-1.0616493480567697
-1.0715864561477166
-1.0702981014462452
-1.0707055869056659
-1.0536312916192718
-1.0695459385570911
-1.06889060552883
-1.0683671393033138
-1.0692949617471246
-1.0664985363674175
-1.064853769397322
-1.0729655776492666
-1.069796564701571
-1.0672117991498913
-1.0724656601428293
-1.0631771989300927
-1.0711354881388415
-1.0706761543632206
-1.0735257490563423
-1.075098028602337
-1.0640966440150585
-1.0718668935009692
-1.0730001169212187
-1.068351847555499
-1.0584837319573077
-1.0683103548860846
-1.0672207147958892
-1.0752425797901828
-1.0637090449227746
-1.069083124874858
-1.0691300184977193
-1.0690304838556173
-1.0651432866092874
-1.0710671697052487
-1.0694920739591303
-1.0657824541769394
-1.0670414703314675
-1.0708182126000358
-1.069742918933999
-1.0691364856022687
-1.070164659814846
-1.0657813754190648
-1.0735122241356256
-1.0766085574456636
-1.0700792067578113
-1.0731991079636856
-1.0683785931094845
-1.0713989792898793
-1.0775687572592596
-1.0650695220131055
-1.06738025110631
-1.07515788465025
-1.0686682825586884
-1.0647500429402081
-1.0749997773329658
-1.0646778219639585
-1.0744821383446868
-1.0697985677824717
-1.0678949901070551
-1.0720321850075398
-1.0737356638574618
-1.0721996004224572
-1.0709307330761415
-1.0715492810819858
-1.0674665630761582
-1.0610867698943949
-1.0649538957048252
-1.0709018997837563
-1.0701240838837995
-1.0685857361200621
-1.0697577246040135
-1.0752692623422768
-1.0674003965517527
-1.0713171837681448
-1.073844781059931
-1.0688800986454365
-1.0733422045658751
-1.067907865321704
-1.0758859315176597
-1.0700588278971117
-1.0730316289624282
-1.0682176377989065
-1.072370989990894
-1.0744759632805088
-1.068050076179135
-1.072615162816133
-1.0751967953343577
-1.0735092795233976
-1.071894226343579
-1.072662783147374
-1.0732133243766193
-1.076589503958956
-1.0705754483517511
-1.070790480674917
-1.0720710746910171
-1.0719685360120124
-1.0760810890657877
-1.075702998524328
-1.0712812182807132
-1.066290357399787
