-1.4917644873002383
-0.8173935230036994
-0.6964099761792488
-0.051545347520489115
-0.7275957726536071
-1.0267235757317719
-0.6964099761792488
-0.7792515811945606
-0.6689843636142736
-0.4284676923086359
-0.7275957726536071
-0.7003384428552215
-0.8173935230036994
-1.0218470791559584
-0.7587815691279653
-1.026723575731772
-0.7708118840583353
-0.6377980223035148
-0.7155660025596375
-0.7275957726536071
-1.7333019963385625
-0.6689846825010246
-0.7155660025596376
-1.0267235757317719
-0.7396255427475766
-1.144288607672197
-0.6808435080168074
-0.43334446615125577
-0.43334446615125577
-0.6377980223035148
-0.7275957726536071
-0.4284679695754421
-0.7275957726536071
-0.6964094313428483
-1.2623637920815407
-1.0218473564227646
-0.6964099761792488
-0.7155660025596375
-0.7071067811865471
-1.4971512815939372
-0.7275957726536071
-0.7587815691279653
-0.9047919990074801
-0.07560557292050851
-0.08031405429932714
-0.7155660025596376
-0.7275963174900075
-1.245285618354684
-0.4455454368696653
-0.37097178352973803
-1.026723575731772
-0.8053911461640074
-1.0218470791559584
-1.2674077077007924
-0.4214856406354732
-1.026723575731772
-0.7587815691279653
-1.0218470791559584
-1.026723575731772
-0.7396255427475766
-0.7275957726536071
-0.7572699322226816
-0.7275957726536071
-0.433344466151256
-1.0218473564227646
-1.138902159304436
-0.7275957726536071
-0.42846824684224827
-0.4284679695754423
-0.7743480372904068
-1.026723575731772
-0.4214850444819157
-0.7275957726536071
-1.021847079155958
-1.0267235757317719
-0.7275957726536071
-0.7396255427475766
-0.6964094313428483
-0.7587815691279653
-0.7275957726536071
-0.7275957726536071
-1.6152264660032811
-0.7984085399572326
-0.37097178352973803
-0.6689846825010246
-0.42114349543284646
-0.4957171487727735
-0.433344466151256
-0.7862068628061896
-0.4525275097633811
-1.0218470791559582
-0.433344466151256
-1.026723575731772
-0.7275957726536071
-1.1442882201263145
-0.7396255427475765
-1.0218473564227646
-0.7275957726536071
-1.0267235757317719
-0.6964094313428484
-0.07560557292050851
-0.6964094313428483
-0.7984081524113499
-0.7275957726536071
-0.6377980223035149
-0.90479199900748
-0.4284679695754421
-1.026723575731772
-0.7396255427475766
-0.7899679104387242
-0.7860394021428069
-1.0218473564227646
-0.09966579832052713
-0.7779381403447546
-0.7275957726536071
-1.0218473564227646
-0.7275957726536071
-0.6964099761792488
-0.9091589313372296
-0.7863778073843763
-0.7587815691279653
-0.07560557292050851
-1.0218473564227646
-0.4284679695754421
-0.7862071816929406
-1.0218473564227648
-1.0218470791559582
-0.817564723628139
-0.7275957726536071
-0.6691515567080619
-1.0218473564227646
-1.0218470791559582
-0.7155660025596376
-1.0218473564227646
-0.6808435080168074
-0.7984085399572326
-0.4382206854602636
-0.7275957726536071
-0.7275957726536071
-0.9999999999999996
-0.7863778073843763
-0.7708113392219348
-0.7587821139643659
-0.7961273166211995
-0.6964094313428484
-0.7396255427475765
-0.7860394437627518
-0.6964094313428483
-0.7862071816929406
-0.9164836827466315
-0.6964094313428484
-0.7275957726536071
-0.7275957726536071
-0.7275957726536071
-0.9095010765398561
-0.404407854454499
-0.42846824684224827
-0.7275957726536071
-0.6531938647745205
-0.3709717835297384
-0.7587821139643659
-1.021847079155958
-0.4214856406354732
-0.6964099761792488
-0.7275957726536071
-0.43334446615125577
-0.7550210663318313
-0.7275957726536071
-0.7003384428552215
-0.7396255427475765
-0.6964099761792488
-1.0267235757317719
-0.7084397462732184
-0.4284679695754423
-0.7275957726536071
-1.026723575731772
-1.1389021176844918
-0.4284679695754421
-0.6688137379228378
-0.9999999999999993
-0.433344466151256
-0.6964094313428483
-0.7396255427475765
-0.7275957726536071
-0.7275957726536071
-0.7396255427475765
-1.026723575731772
-1.0218470791559584
-0.9999999999999993
-0.4211425117334068
-0.7984085399572323
-0.7275957726536071
-0.7863778073843762
-0.6450925613565236
-0.6688137379228378
-0.09234061774529845
-0.7275957726536071
-0.7813303662303761
-0.075604976766951
-0.7587815691279653
-0.7275957726536071
-1.1512708679530343
-0.9091585437913469
-0.4525275097633812
-0.7396255427475766
-0.7275957726536071
-0.7275957726536071
-0.7860394437627516
-1.0218473564227646
-0.66522363486849
-0.7862071816929406
-1.1442882201263143
-0.9999999999999997
-0.7587821139643659
-0.49999999999999983
-0.6964099761792488
-0.7275957726536071
-1.0218470791559582
-0.404408429387503
-0.7275957726536071
-0.7275957726536071
-0.7155660025596375
-0.6808435080168074
-0.7155660025596375
-1.026723575731772
-1.0218470791559584
-0.7899679104387242
-0.48351617805436425
-0.7275957726536071
-0.7275957726536071
-0.075604976766951
-0.4333441888844495
-0.7275957726536071
-0.7275957726536071
-0.43351160792788745
-0.7396255427475765
-0.433344466151256
-0.7587815691279653
-1.0218470791559582
-1.0218470791559584
-1.026723575731772
-1.6152264660032811
-1.0267235757317719
-0.7275957726536071
-0.7084392014368177
-1.0218470791559584
-0.43334446615125577
-0.7813303662303757
-0.9999999999999996
-0.7587821139643659
-0.07560557292050851
-0.7275957726536071
-0.7587821139643658
-0.37097178352973803
-0.7275957726536071
-0.7275957726536071
-0.791083359382003
-1.1272104339453404
-0.9999999999999992
-0.6843802060852794
-0.9999999999999991
-0.7003378980188208
-1.0267235757317719
-0.7914259337504574
-0.6255972088756235
-1.1272104339453404
-0.7792525135768434
-0.40440842938750327
-0.6964099761792488
-0.7587821139643659
-0.7550208403821818
-0.6688137379228378
-0.7275957726536071
-0.6964099761792488
-0.4284679695754421
-0.7672227434828741
-0.4525275097633812
-0.49571714877277356
-1.7386880987803854
-0.43334446615125577
-0.7550210663318313
-1.0218473564227646
-0.7587815691279653
-0.7984085399572322
-0.4284670070965556
-0.37097259593573306
-0.7275957726536071
-0.6964099761792488
-0.43334446615125577
-0.6964099761792488
-0.7743483145572132
-1.0218473564227646
-0.9047919990074802
-0.6879697342066231
-1.138902159304436
-0.08031405429932714
-0.7275957726536071
-1.0267235757317719
-1.4917644873002383
-0.8172252402371099
-0.40440842938750327
-0.6688137379228379
-0.6808435080168074
-0.7155660025596376
-0.6964099761792488
-0.7275957726536071
-0.7862071816929406
-0.8924232903588821
-0.7860394437627513
-1.0267235757317719
-0.6531938647745205
-0.7743483145572131
-0.7275957726536071
-0.7275957726536071
-1.0218470791559582
-1.0218473564227646
-0.7910833593820035
-1.0218470791559584
-0.7396255427475766
-0.433344466151256
-0.7984085399572326
-0.7743480372904068
-0.7548531024519929
-0.7275963174900077
-0.4284679695754421
-1.0218470791559582
-0.06828039234527938
-0.6964094313428484
-1.026723575731772
-0.4284679695754421
-0.7003378980188208
-0.6932121865688022
-0.404408429387503
-0.7984081524113499
-0.7862071816929406
-1.143946074923688
-1.0267235757317719
-1.0218473564227648
-0.433344466151256
-0.4284676506886911
-0.7587815691279653
-1.026723575731772
-1.026723575731772
-0.7862071816929406
-0.4525275097633812
-1.0267235757317719
-0.42846769230863535
-1.0218470791559582
-0.7587815691279653
-0.7275957726536071
-1.026723575731772
-0.37097178352973836
-0.49571714877277356
-0.4333441888844496
-0.4284689320543289
-0.7587821139643659
-0.7275957726536071
-0.7467523438703962
-0.07560497676695133
-1.0218473564227646
-0.07560497676695133
-0.5944117999471478
-1.0267235757317719
-0.7587821139643659
-0.7587821139643659
-1.0218473564227646
-0.7587821139643658
-0.4333441888844496
-0.495715781833166
-0.7275957726536071
-0.7862068628061896
-1.0218470791559584
-0.7396255427475765
-0.4284676923086359
-0.6567830053499818
-0.8416242638160781
-0.8173935230036994
-0.7275957726536071
-0.7396255427475766
-0.07560497676695133
-0.7548531024519927
-0.7275957726536071
-0.9999999999999997
-1.0267235757317719
-0.7984085399572326
-0.4284679695754423
-0.7551929733889047
-0.7587821139643659
-0.7275957726536071
-0.7071067811865471
-0.7275957726536071
-0.7860394437627515
-0.7275957726536071
-0.7587821139643659
-0.7587815691279653
-0.7155660025596375
-0.42846824684224827
-0.7155660025596376
-0.8173926592805478
-0.7396255427475766
-0.43822068546026327
-0.07089649538813281
-0.4382206854602636
-0.433344466151256
-0.9047919990074804
-0.7862071816929406
-0.6964099761792488
-0.7155660025596376
-0.49571578183316606
-0.8924232903588819
-0.7275957726536071
-0.6964094313428484
-1.1389021593044364
-0.4525284722422679
-0.7862071816929406
-0.7071067811865469
-0.4284670070965557
-0.7813303662303757
-1.1272104339453404
-0.7275957726536071
-0.7275957726536071
-0.6964099761792488
-0.9999999999999994
-1.2623637920815407
-1.4971509356679995
-0.4284679695754421
-0.9164836827466315
-0.7275957726536071
-0.7275957726536071
-0.7275957726536071
-1.021847079155958
-0.9999999999999996
-0.7071067811865472
-0.7396255427475766
-0.7275952278172066
-1.026723575731772
-0.7275957726536071
-0.7155660025596376
-0.7396255427475766
-0.7275957726536071
-0.7467517990339959
-0.7860394853826959
-0.4331767698410116
-0.7862068628061896
-0.7275957726536071
-1.026723575731772
-0.7275957726536071
-0.4284679695754421
-0.7275957726536071
-1.0218470791559582
-0.4284679695754421
-0.4284679695754421
-1.0218470791559584
-0.7396255427475766
-0.7396255427475766
-0.7155660025596375
-1.0218470791559582
-0.6964099761792488
-0.4333441888844495
-1.144288607672197
-0.4211434954328467
-0.7275957726536071
-0.6964094313428484
-0.4525275097633812
-0.6964094313428484
-0.7587821139643658
-1.026723575731772
-0.8172257850735104
-0.07089649538813281
-0.43334446615125577
-0.6964099761792488
-0.7862068628061896
-0.9999999999999998
-0.7275957726536071
-0.7813303662303757
-0.4284679695754421
-1.0218470791559582
-0.42846769230863535
-1.026723575731772
-1.0218470791559582
-0.433512204081445
-0.6964094313428484
-0.9999999999999993
-0.7672227434828741
-0.7743480372904068
-0.42114349543284646
-1.0218470791559584
-0.4999999999999995
-0.7275957726536071
-0.6964094313428483
-0.7275957726536071
-0.7813303662303757
-0.7275957726536071
-0.7275957726536071
-0.6964099761792488
-0.7396255427475766
-1.0218470791559582
-0.7155660025596376
-0.6843796612488787
-0.7275957726536071
-0.43334446615125577
-1.0218470791559584
-0.7860394437627518
-0.7396260875839772
-1.6152264660032811
-1.0218470791559584
-1.7333019963385625
-1.615226466003281
-1.0218470791559584
-1.026723575731772
-1.615226466003281
-1.615226466003281
-1.2623637504615959
-1.615226466003281
-1.026723575731772
-1.615226466003281
-1.615226466003281
-1.026723575731772
-0.9999999999999993
-1.0218473564227646
-0.45252750976338135
-1.0218473564227646
-0.7860394437627518
-0.7071067811865474
-0.7743483145572132
-0.7860394853826959
-1.615226466003281
-0.8295943364315906
-1.026723575731772
-1.4917648332261766
-0.43822068546026327
-1.615226466003281
-0.7155660025596375
-1.4971509356679993
-1.2674077077007924
-1.7333019963385625
-1.615226466003281
-0.8053911461640078
-1.2623637504615959
-0.05154458437920173
-1.262363750461596
-1.7333019963385625
-1.7333019963385625
-0.8924232903588821
-1.0218470791559584
-1.7333019963385625
-1.026723575731772
-1.2452865604341794
-1.4971509356679993
-1.026723575731772
-1.7333019963385625
-0.43351220408144475
-1.7386880987803854
-1.2674077077007924
-0.7275957726536071
-1.7333019963385625
-1.026723575731772
-1.615226466003281
-1.7386880987803852
-0.9999999999999996
-1.7333019963385625
-0.7275957726536071
-1.7333019963385625
-1.615226466003281
-1.0267235757317719
-1.4971509356679993
-0.7275957726536071
-1.615226466003281
-0.707106781186547
-1.615226466003281
-0.075604976766951
-1.7333019963385625
-1.026723575731772
-1.0267235757317719
-0.7275957726536071
-1.7333019963385625
-1.7333019963385625
-1.7333019963385625
-0.7003378980188208
-1.615226466003281
-0.9091589313372296
-0.6689846825010246
-1.2674077077007924
-0.7587815691279653
-1.021847079155958
-1.615226466003281
-0.707106781186547
-1.2623637920815407
-0.4333441888844495
-1.7333019963385625
-1.615226466003281
-1.615226466003281
-1.4917648332261766
-0.7860394853826962
-1.6152264660032811
-1.0218470791559582
-1.0218473564227648
-0.7084392014368177
-1.6152264660032811
-1.7333019963385625
-0.8924232903588821
-0.7860394853826962
-0.7860394437627518
-0.7275957726536071
-1.0267235757317719
-0.9999999999999996
-1.0218470791559582
-1.7386880987803854
-1.7386880987803854
-1.7386880987803854
-0.433344466151256
-1.7386880987803854
-0.6964099761792488
-0.7275957726536071
-1.615226466003281
-1.4917648332261766
-1.2623637920815407
-0.7961273166212001
-0.7961273166212001
-1.7333019963385625
-0.7860394853826959
-0.7155660025596376
-1.7386880987803854
-1.7386880987803854
-1.7333019963385625
-0.7467517990339958
-1.4917648332261764
-1.7333019963385625
-1.2674077077007924
-1.6152264660032811
-1.7333019963385625
-1.7386880987803854
-1.7386880987803854
-1.7386880987803854
-1.7386880987803854
-1.4917644873002387
-1.5025373840357603
-0.7860394853826959
-1.2674077077007924
-1.7386880987803854
-1.4971509356679993
-1.7386880987803854
-1.0267235757317719
-1.7386880987803854
-1.7386880987803854
-1.2674077077007924
-1.615226466003281
-1.2674077077007924
-1.2674077077007924
-1.615226466003281
-1.5025373840357603
-1.2674077077007924
-1.7386880987803854
-1.7386880987803854
-1.2674077077007924
-1.4917644873002383
-1.974838813525011
-1.4917644873002383
-1.7333016504126246
-1.974838813525011
-0.786038898926351
-1.7386880987803852
-1.7386880987803852
-1.7333016504126246
-1.262363750461596
-1.7386880987803852
-0.4044084293875031
-1.4971509356679993
-1.2623637920815407
-1.974838813525011
-0.4333441888844496
-1.974838813525011
-1.026723575731772
-0.7813309623839333
-1.7333016504126246
-0.7961273166212001
-1.7386880987803854
-1.974838813525011
-1.7386880987803854
-1.7386880987803852
-0.9095010765398561
-1.974838813525011
-1.974838813525011
-1.0275766484950823
-1.7386880987803852
-1.7386880987803852
-1.974838813525011
-0.7275957726536071
-1.974838813525011
-1.7386880987803852
-1.5025373840357603
-1.7386880987803852
-1.2674077077007924
-1.7386880987803852
-1.974838813525011
-1.615226466003281
-1.7386880987803852
-1.7386880987803852
-1.4917644873002383
-1.974838813525011
-0.99880674940913
-0.7315242393295796
-1.7386880987803852
-0.7914255045846299
-0.7275957726536071
-1.7386880987803852
-1.1389021176844918
-1.974838813525011
-1.974838813525011
-0.786038898926351
-1.974838813525011
-1.7333019963385625
-1.0275766484950823
-1.7333016504126246
-1.974838813525011
-1.974838813525011
-1.974838813525011
-1.974838813525011
-1.974838813525011
-1.974838813525011
-1.974838813525011
-1.7333019963385625
-1.7333016504126246
-1.7386880987803854
-1.974838813525011
-1.7386880987803852
-1.974838813525011
-1.7386880987803852
-1.974838813525011
-1.7386880987803852
-1.974838813525011
-1.7333016504126246
-1.7386880987803852
-1.7386880987803852
-0.7275957726536071
-1.974838813525011
-1.974838813525011
-1.4971512815939372
-0.022774685293248997
-1.7386880987803852
-0.4284679695754421
-0.8053911461640078
-1.0275766484950823
-1.7333016504126246
-1.974838813525011
-1.974838813525011
-1.974838813525011
-1.7386880987803852
-1.974838813525011
-1.7386880987803852
-1.5025373840357603
-1.974838813525011
-1.4917651791521143
-1.7333016504126246
-0.0897172492066397
-1.7386880987803852
-1.7386880987803852
-1.7386880987803852
-1.974838813525011
-1.974838813525011
-0.7275957726536071
-1.7333019963385625
-0.6689843636142736
-1.974838813525011
-1.974838813525011
-1.7333019963385625
-1.974838813525011
-1.974838813525011
-1.974838813525011
-1.7386880987803852
-1.974838813525011
-1.2674077077007924
-0.7275957726536071
-1.974838813525011
-1.615226466003281
-1.7386880987803852
-1.7386880987803852
-1.7386880987803854
-1.974838813525011
-1.2623637504615959
-1.7386880987803852
-0.8924232903588821
-1.5025373840357603
-1.974838813525011
-1.615226466003281
-1.262363750461596
-1.7333019963385625
-1.7386880987803852
-0.9988067494091295
-1.7386880987803852
-1.269346398288316
-0.7550210663318313
-1.7333016504126246
-1.2674077077007924
-1.7386880987803852
-1.974838813525011
-1.269346398288316
-1.974838813525011
-1.974838813525011
-0.9999999999999997
-0.4958848867029625
-1.974838813525011
-1.615226466003281
-1.4917644873002383
-1.7386880987803852
-1.974838813525011
-1.974838813525011
-1.974838813525011
-1.974838813525011
-1.974838813525011
-1.974838813525011
-1.974838813525011
-1.974838813525011
-1.974838813525011
-0.4284679695754421
-1.026723575731772
-1.974838813525011
-1.974838813525011
-1.615226466003281
-1.2623637504615959
-1.974838813525011
-1.974838813525011
-1.7386880987803854
-1.7386880987803854
-1.0218473564227646
-1.7386880987803854
-1.7386880987803852
-1.7386880987803852
-1.974838813525011
-0.791083401001948
-1.615226466003281
-1.7386880987803854
-1.615226466003281
-1.974838813525011
-0.43334446615125577
-1.4917644873002383
-0.7275957726536071
-1.7386880987803852
-0.9999999999999996
-0.433344466151256
-1.974838813525011
-1.7386880987803852
-1.7386880987803852
-1.2674077077007924
-0.4284676506886911
-1.5025373840357603
-0.6964094313428484
-1.974838813525011
-0.07089589923457484
-1.5025373840357603
-1.2674077077007924
-1.974838813525011
-1.2623637504615959
-1.7386880987803852
-1.615226466003281
-0.7860394853826959
-1.7386880987803854
-0.9999999999999993
-1.974838813525011
-1.7386880987803854
-1.7386880987803852
-1.7386880987803854
-1.615226466003281
-1.7386880987803854
-1.4971512815939372
-1.7333019963385625
-1.7386880987803852
-1.974838813525011
-1.7386880987803854
-1.615226466003281
-1.7386880987803854
-1.974838813525011
-1.7386880987803852
-1.7386880987803852
-1.974838813525011
-0.6964099761792488
-1.0218473564227646
-1.7386880987803854
-1.974838813525011
-1.4917651791521143
-1.974838813525011
-0.7275957726536071
-1.974838813525011
-1.615226466003281
-1.4971509356679993
-1.7386880987803852
-1.2674077077007924
-1.974838813525011
-1.7386880987803852
-0.6964094313428483
-1.974838813525011
-1.974838813525011
-1.974838813525011
-1.1512712138789725
-1.615226466003281
-1.7386880987803854
-0.7275957726536071
-1.974838813525011
-0.05154458437920173
-1.2623637920815407
-1.4917648332261764
-1.4971512815939372
-0.7155660025596375
-1.0218473564227648
-1.615226466003281
-1.7386880987803852
-1.615226466003281
-1.615226466003281
-1.615226466003281
-1.7386880987803852
-1.974838813525011
-1.7386880987803852
-1.7386880987803854
-1.5025373840357603
-1.7333019963385625
-1.4917648332261766
-1.026723575731772
-0.7275957726536071
-1.2674077077007924
-1.4917648332261766
-0.43334446615125577
-1.0218473564227646
-1.974838813525011
-1.2674077077007924
-1.615226466003281
-1.7333019963385625
-1.0218473564227646
-1.5025373840357603
-1.0218473564227646
-1.615226466003281
-1.974838813525011
-1.026723575731772
-1.7386880987803852
-0.42846824684224827
-1.5025373840357603
-1.615226466003281
-1.974838813525011
-1.4971509356679993
-0.43822068546026327
-1.7386880987803852
-0.7813309623839333
-1.615226466003281
-1.2623637920815407
-0.7860394437627518
-1.974838813525011
-1.7386880987803852
-1.0218473564227646
-1.7333019963385625
-1.615226466003281
-0.7071067811865472
-0.6964099761792488
-1.615226466003281
-0.9091589313372296
-1.7333016504126246
-1.7386880987803854
-1.4971512815939372
-1.5025373840357603
-1.615226466003281
-1.2674077077007924
-1.974838813525011
-1.615226466003281
-0.7548536472883933
-1.7333016504126246
-1.7333016504126246
-1.7386880987803852
-1.7386880987803852
-1.0218470791559584
-1.974838813525011
-1.7386880987803852
-1.026723575731772
-0.37097259593573295
-0.7743483145572132
-1.974838813525011
-1.4971509356679993
-1.974838813525011
-1.7333016504126246
-1.0218473564227646
-1.7333016504126246
-1.615226466003281
-0.9999999999999998
-1.7333016504126246
-1.615226466003281
-1.615226466003281
-1.7386880987803852
-0.9095010765398561
-1.615226466003281
-1.615226466003281
-1.615226466003281
-1.7333016504126246
-1.974838813525011
-1.4971509356679993
-1.4971509356679993
-1.615226466003281
-1.7333016504126246
-1.4971512815939372
-0.9999999999999993
-1.615226466003281
-1.615226466003281
-1.7333019963385625
-1.615226466003281
