-1.8482159752744782
-0.1457995465499829
-1.401804839335079
-1.3830044531317516
-1.3721333576586718
-1.841631605437812
-1.844734808485052
-1.3703581416217023
-1.3431031423439288
-0.2696670495905157
-1.38640577020116
-1.3727387545842007
-1.8393493543067225
-1.8424456043148125
-1.3724823333283882
-1.3522133428031937
-1.391026369150239
-1.384344591533869
-1.3698761760469709
-1.844929037468402
-1.8358683386530061
-1.849511868918784
-0.15504056196320132
-1.3933142023481242
-1.8511047571931187
-1.850131644119107
-1.3762791332841566
-1.3411663559452043
-0.2691146051149032
-1.8478043946571672
-1.8456854184111418
-1.843819269095775
-1.8225993747941844
-1.8285499908455503
-1.8392402904124179
-1.8412231295242734
-0.1460207462206662
-1.4157749237942452
-1.3813575376799565
-1.381885799307267
-1.851185784391526
-1.8516680823489438
-1.3699570342128278
-1.3488057732617196
-0.2669282540797686
-1.38770042690252
-1.3772374502930869
-1.849293292692661
-1.8424382981909186
-1.37508241936096
-1.3534394537576642
-1.3935720187541787
-1.3700812634028945
-1.3738602801889368
-1.850817462808061
-1.8419521797168352
-1.8368555265010518
-0.15535514078138252
-1.384963945568693
-1.8396976799183116
-1.8389111809427137
-1.3723700600244282
-1.3442510321198184
-0.26233053527108796
-1.8423627140152923
-1.842560536525039
-1.8454236128892831
-1.0018617390942917
-1.6252188233770153
-1.6178161829114883
-1.6135110563934858
-1.8394920620339432
-1.8393447673676273
-1.6065305478425886
-1.5909194475995465
-1.0550436219925385
-1.616809726300538
-1.6147991207668408
-1.8443825339833029
-1.8495790936313385
-1.847411083809261
-1.6075330660528353
-1.6003925345149583
-1.6230970661507254
-1.614688066960738
-1.6106618655292857
-1.8487355796824363
-1.843070953233661
-1.8503754339939542
-1.843559162571315
-0.9995401090642206
-1.6116745968652004
-1.6033323443999115
-1.8422437251674149
-1.8361785146834824
-1.6016407331463318
-1.5929196910261378
-1.05879946170959
-1.846321673743326
-1.849018542306963
-1.596929182063978
-1.8441261385256502
-1.8517303405052132
-1.8330191335193247
-1.8449552482813911
-1.8418137816437015
-1.839227618094234
-1.8382845120855051
-1.8458599226816457
-0.9940607338070149
-1.6123036591969089
-1.600716765562066
-1.6069870288022738
-1.845726409815227
-1.8413707771954257
-1.6022073940618542
-1.600493945707298
-1.0572559524736287
-1.61248215976576
-1.6179815965792996
-1.8337627623766537
-1.8344440975349032
-1.8384050614286442
-1.6014729472008893
-1.5899426775577181
-1.611960814133687
-1.6091844665210868
-1.6101571962104317
-1.8361944680228592
-1.8450745550149668
-1.8441956977540985
-1.8451958997747675
-0.9909926045134433
-1.6004392786580928
-1.6058003621654402
-1.8503499561411554
-1.8476092474252708
-1.5995622817073318
-1.5897284544419807
-1.051186753075251
-1.847774987477072
-1.8468638613843547
-1.6079169590359967
-1.8431530652539738
-1.8461053066779325
-1.8376542401569353
-1.8467938902049985
-1.6006067266010509
-1.7758829341743083
-1.7782085192482047
-1.786097166039967
-1.847264644256767
-1.8469928581667738
-1.7792105536962277
-1.7718405325217694
-1.6162357204633233
-1.7743076084197347
-1.7675870416112742
-1.8432509238190211
-1.8406293119212322
-1.837173212357998
-1.7732803264485573
-1.763444322622141
-1.783986726816987
-1.7690884756113112
-1.7729371466641666
-1.8425108326886557
-1.842625474176427
-1.8474016402389233
-1.8386470442050729
-1.5933621972614895
-1.7759246826338135
-1.7724268097247806
-1.8492967733875139
-1.8391468141593847
-1.773361814763885
-1.7773799833156414
-1.6133041997365978
-1.847118780812895
-1.8424661869602206
-1.7807368525469967
-1.8399674951611633
-1.8444987997614541
-1.839614846173747
-1.8478990612553758
-1.781871965339343
-1.825360342717182
-1.822248665332252
-1.8251485174227526
-1.8417643154488545
-1.836207718540966
-1.8240987152872563
-1.825347680494748
-1.7923314000782402
-1.8249149470703745
-1.8202394805580229
-1.8477772874389777
-1.846160256726936
-1.849308744285411
-1.8245059251326015
-1.8262906382910518
-1.8224625772690062
-1.8316237108409694
-1.8286465941832297
-1.8411660747833871
-1.8411624143987617
-1.8454499498625099
-1.842859030104162
-1.7813946863530936
-1.8228541459166343
-1.8353042067590537
-1.8447356568128819
-1.8463038481901624
-1.8196450733746876
-1.819389875463043
-1.7796226364777974
-1.8477970681211873
-1.834520332585356
-1.8280443928374144
-1.8472896787264237
-1.8466681986548572
-1.8412929501124156
-1.8472827027324334
-1.8308784562226252
-1.8373752090269715
-1.8408893802421011
-1.848850974680571
-1.8464326692429158
-1.8407533146017592
-1.8376242063816142
-1.8364735971374522
-1.8265677159187692
-1.8451000279308043
-1.8404758222759596
-1.8402330738270445
-1.8446778150326624
-1.8428962463427987
-1.8363154851256946
-1.83274320351051
-1.8417738834052033
-1.8448017903339933
-1.8352187975700351
-1.8400454352681548
-1.8451530395910007
-1.8454103258846128
-1.8450620506762099
-1.8250810912364868
-1.8425718936203292
-1.8427662636627593
-1.8404943275344783
-1.8537427910731694
-1.8447188027027486
-1.8324274585949625
-1.825753336538657
-1.8447097007291227
-1.84727857236678
-1.8344802430458529
-1.8400210958362275
-1.8432184898639252
-1.846013754200194
-1.8441028022495405
-1.8248507831992664
-1.8396449780413744
-1.845928260444571
-1.8389847146392606
-1.8263784460350845
-1.8472246859490167
-1.8444717557797494
-1.840736033011515
-1.8336124231015398
-1.8377197530677791
-1.842681005082984
-1.842379993609744
-1.8178576052271713
-1.842194770361764
-1.8373631944206057
-1.8410970270641145
-1.8396997696323967
-1.8374759101538451
-1.8380176192357185
-1.8405696282547206
-1.8433992744700627
-1.8262559919899866
-1.8440084301941992
-1.8354587480994737
-1.835997104099716
-1.8424091475899278
-1.84147849274789
-1.835178990567914
-1.842035281078897
-1.8392528519706306
-1.842054433738776
-1.8392211299180656
-1.8349595811664772
-1.8338563306673845
-1.8263775550713328
-1.8413557153369566
-1.840473301751095
-1.8370059713173235
-1.839743898212658
-1.843006201718941
-1.8486872004764017
-1.8456739479266755
-1.8424850777074002
-1.8429448063141032
-1.8472710647333148
-1.844808700448014
-1.8397047093447376
-1.841501815858382
-1.8423657632399375
-1.8371022939990378
-1.8383676844282628
-1.8419255480921979
-1.8528617018130253
-1.8476833849174683
-1.8458195252871692
-1.834766018994374
-1.8487108192254817
-1.849776619165458
-1.8412022525393863
-1.8462353771707996
-1.838562864977312
-1.8380623169421302
-1.8478151922513386
-1.8443350907624705
-1.8471568554802325
-1.842369839813051
-1.840324893820108
-1.8377355947974148
-1.8409935852439365
-1.8426498536713778
-1.836164903736051
-1.8499047274211116
-1.8375325336324035
-1.8450996380866065
-1.8470918641751004
-1.8456848292598107
-1.8393120635647877
-1.8432992146585612
-1.8491919100402496
-1.8392705228376471
-1.8427538582283935
-1.843330596675593
-1.8390160948052934
-1.837177743265228
-1.8448625666040674
-1.8406595666987078
-1.844882177606428
-1.8437262838362318
-1.8431677001637934
-1.8432854904085973
-1.837314646157419
-1.840821177361765
-1.8457359954091863
-1.8456159637444196
-1.8446816804340513
-1.842380778862077
-1.8464946973231662
-1.8464409456699926
-1.8448194548373769
-1.8416908337160875
-1.8432858008579676
-1.8454712126676276
-1.8485119881264975
-1.8415183149743326
-1.8538468591747734
-1.834993288178494
-1.8439880081230795
-1.8368759628742954
-1.8389002226632067
-1.8408407693758404
-1.8468594439063077
-1.848792190862284
-1.8486563022438525
-1.83920180314264
-1.8391339143650545
-1.8452673081807358
-1.8408835930497047
-1.841259560540614
-1.8413480834599443
-1.8408945149625116
-1.8414470603794582
-1.8419532773196998
-1.8372238461920052
-1.8408266072447252
-1.8375745862464299
-1.8461620370610916
-1.842283300961403
-1.8399872472607701
-1.843806183345241
-1.8499000389935643
-1.8419726330090889
-1.8374004881434043
-1.8449982745630735
-1.8386255179746351
-1.843388306339278
-1.8460316401560426
-1.8424032084027966
-1.8421156935376453
-1.8419137912196832
-1.8474341320931478
-1.8412442159672584
-1.8438588689578017
-1.8414201870781777
-1.8422426627186186
-1.8472991707944728
-1.8382862680639054
-1.8461751050611104
-1.8494173847614483
-1.8418262163661003
-1.8418839542938084
-1.8472287534013132
-1.841898120838038
-1.8394428269667342
-1.8428641764069233
-1.8396503456731934
-1.8373967850605668
-1.843391805125144
-1.8434368898170326
-1.838807251853965
-1.839396458845502
-1.8470627767275576
-1.8444468096299187
-1.8484048937751905
-1.8364377764608837
-1.8484813244890308
-1.8384308430570497
-1.8496177169029722
-1.8391917958891386
-1.8448358546556345
-1.84203349461119
-1.8539491125414023
-1.842181153810984
-1.8395279179558592
-1.8404841069796527
-1.8443398663438766
-1.8551585678251419
-1.8426306087340811
-1.839194338331462
-1.8400282243345518
-1.842322531986162
-1.8423113594842766
-1.8436117781257104
-1.8344830908442975
-1.8481172763899902
-1.8437290105594042
-1.8439609304012716
-1.8430690285454447
-1.8330310303217079
-1.8442005904702476
-1.8466604831077844
-1.8435088929089636
-1.8500776737435205
-1.8370566539295758
-1.8416706604222313
-1.8351436855668044
-1.84904866722793
-1.8422611897718433
-1.8538621950729688
-1.8486826647067212
-1.8496951442274705
-1.8423896400104582
-1.8505120132007011
-1.8375517978238793
-1.8441344945971485
-1.8431496887815557
-1.848035157580987
-1.8508987911163233
-1.8430135010470423
-1.8424918965942683
-1.8463018351025653
-1.847584339885897
-1.842055726029996
-1.8331374070676434
-1.8391754947181091
-1.8395256112043872
-1.8425967965374954
-1.8424954030486758
-1.8402522652026587
-1.8524159448035973
-1.8353911421126452
-1.8498090135195602
-1.8477392186986352
-1.8414160039762415
-1.8430292050270491
-1.841691550423429
-1.847458134248638
-1.846798414216381
-1.846416465806353
-1.8415909767550187
-1.8403346849471904
-1.8425844033737548
-1.8411897397476447
-1.8463331176040823
-1.8485645996729265
-1.8311954232716252
-1.8504416118910822
-1.843756414605227
-1.850094838287367
-1.8441765531422258
-1.838923725044184
-1.842119020185879
-1.8406094842709895
-1.8319594684643987
-1.841970601785523
-1.8451038430851248
