-1.0538832001218104
-0.5449134943100973
-0.5435859720394209
-1.050851124096555
-1.0482366237539673
-0.014415975582597385
-0.549913371033173
-1.053860992601017
-1.0528322693087475
-0.5474617587106256
-0.5491874486585584
-1.0513086776291052
-1.0531986743821238
-0.8045000705413691
-0.8021513868802528
-1.050458600135646
-1.0478240447658997
-0.71483651416062
-0.8068459693653076
-1.0488979894338815
-1.0476364421193907
-0.7982274716913675
-0.797151816567305
-1.0464847942872069
-1.0499074714026642
-0.9763241106828624
-0.9820627460475975
-1.0500412750765369
-1.0488382588053036
-1.0144501249378401
-0.9731899448621433
-1.0493871554189047
-1.0395103514598514
-0.9774307387614212
-0.9714601278640755
-1.0473783719077583
-1.0481092141897732
-1.035747690622126
-1.0296993939839911
-1.0479169524675136
-1.050304181562383
-1.0690519616752616
-1.024513076360131
-1.052377897226676
-1.037495622507455
-1.0337188106670085
-1.0294858498635246
-1.0544704717557993
-1.0566516183749919
-0.9494297974192103
-1.0635708378188236
-1.043584464872946
-1.0470474296714072
-1.057470859700637
-1.0606326678277513
-0.9822878828455165
-1.0481897799833853
-1.0509341757800992
-1.0636146302013993
-1.0432867052745858
-1.034879489131682
-1.0599204655801788
-1.05951630777609
-1.0554034543682533
-1.0631705426047557
-1.0650795702350906
-1.049428436309388
-1.0487907035661865
-1.0724497326893665
-1.068839824962853
-1.0256830799993224
-1.053712181471178
-1.0689621094203425
-1.0642804267277843
-1.0467215149274347
-1.0446312629359764
-1.069017062769157
-1.0706583772490337
-1.052827561446638
-1.0534228130266112
-1.069176615488319
-1.044658896643041
-1.0469170891357098
-1.0675078681239052
-1.0651492890765315
-1.0519641520359377
-1.0510249696977625
-1.06374630960723
-1.0669221401098492
-1.0432046739389134
-1.0460735691650844
-1.0685542579110072
-1.0650799411016476
-1.0632033492414599
-1.0652756879068561
-1.0712430515132871
-1.0685478963940584
-1.0615090276218992
-1.0652620479900075
-1.0706969226827865
-1.0691963658586934
-1.0672264410374146
-1.0620452310968451
-1.072806005753347
-1.066581152808146
-1.0705282938972405
-1.0574361004390407
-1.0685253527926473
-1.0720017585093027
-1.0699661850345887
-1.0701073109334955
-1.0649516638005567
-1.0652379873854962
-1.0727901997117784
-1.0772723466589544
-1.0599770739678407
-1.0678644798214079
-1.0654400782842401
-1.0672584637342724
-1.0612161509614315
-1.0633102691104874
-1.072642032620558
-1.0668845518069643
-1.0769040989250638
-1.0600124898007721
-1.0666236064007575
-1.0703148816118713
-1.069195698359876
-1.073084419609516
-1.0660114930513163
-1.0646699188660622
-1.0653389408126435
-1.0694996260222043
-1.0676969529875755
-1.06909055494159
-1.073101950476922
-1.0755199401116613
-1.0723119128607133
-1.0700644678820177
-1.0656994690628634
-1.068664645654683
-1.0688916802792634
-1.0649002359368327
-1.0730320254215047
-1.068286130868418
-1.0700762685613452
-1.0716386977151124
-1.0713018748120282
-1.072171026792826
-1.072913061249801
-1.0702893295967801
-1.0671943382845872
-1.0726029863090236
-1.0714731599617602
-1.0694206846944134
-1.068849623145728
-1.067889075874527
-1.073715347998654
-1.0717285875945153
-1.0750733669238932
-1.068346344366916
-1.0740679947360563
-1.0706796144380988
-1.06983277760468
-1.0674547900283353
-1.0675172534389625
-1.0720933656298848
-1.0735551436049675
-1.0675920257762452
-1.0704407787648547
-1.0683386840928075
-1.0711149362413437
