-1.4917644873002383
-0.7071067811865472
-0.9999999999999996
-0.791083359382003
-0.421485640635473
-0.4284679695754421
-0.4382206854602636
0.05646497289775576
-1.0218470791559582
-0.3709717835297384
-0.7275957726536071
-0.7084397462732183
-0.6964094313428484
-0.4284689320543287
-0.06828039234527938
-0.7587815691279653
-1.0218470791559582
-1.0218470791559582
-0.6531938647745207
-0.7862068628061896
-0.999999999999999
-0.4284679695754423
-1.0267235757317719
-1.0218470791559584
-0.79142550458463
-1.1272104339453404
-0.7743480372904068
-0.7862068628061896
-1.0218473564227648
-0.7275957726536071
-0.786039831308634
-0.7275957726536071
-0.7396255427475766
-0.7587815691279653
-0.4333441888844496
-1.0267235757317719
-0.4214856406354732
-0.433344466151256
-0.7587821139643659
-0.7155660025596376
-1.026723575731772
-0.7275957726536071
-0.43334446615125577
-0.4284676923086359
-0.7587821139643659
-1.0218470791559582
-0.7743483145572132
-0.43334446615125577
-1.2674077077007924
-0.7587821139643658
-1.026723575731772
-0.44520333328698325
-1.2623637504615959
-1.0218470791559582
-1.026723575731772
-0.4525275097633812
-0.433344466151256
-0.7587821139643659
-1.0218473564227646
-0.4284679695754423
-0.7550208403821819
-0.7587815691279653
-1.0218470791559584
-1.6152264660032811
-1.2674077077007924
-0.7587821139643659
-1.021847079155958
-1.0267235757317719
-1.0218473564227646
-0.44520333328698336
-0.7862071816929406
-1.6152264660032811
-0.09234061774529878
-0.43334446615125577
-1.0218470791559582
-0.38317275424814723
-0.9999999999999996
-0.8172252402371099
-0.08501586633589708
-0.7275957726536071
-0.7743477600236004
-0.6379663050701043
-0.7551929733889045
-0.6808435080168074
-0.43334446615125577
-0.7084397462732184
-1.0218470791559582
-0.6808435080168074
-0.45252750976338135
-0.9999999999999994
-0.7910834010019479
-0.43334446615125577
-0.9999999999999992
-0.7743483145572131
-0.7275957726536071
-1.0218473564227648
-0.7984085399572326
-0.4284676506886911
-0.6964099761792488
-0.8416241065255603
-1.0218470791559584
-0.7001704789753829
-0.051544584379201286
-0.43334446615125577
-0.9999999999999994
-0.7587815691279653
-0.07560557292050851
-0.7275957726536071
-0.4284679695754421
-0.7623182671964374
-0.6689846825010246
-0.7275952278172066
-1.2693463982883162
-0.3709725959357331
-1.0218473564227646
-1.0218473564227646
-0.7275957726536071
-0.9047919990074801
-0.707106781186547
-1.2623637920815407
-0.7587815691279653
-0.6808435080168074
-0.7396255427475766
-0.8172252402371099
-1.1389021593044362
-1.0218470791559582
-0.6531938647745207
-0.8173935230036994
-0.075604976766951
-0.7275957726536071
-0.6688137379228378
-0.7587815691279653
-0.7155660025596376
-0.7275957726536071
-0.7275957726536071
-0.09966536915470026
-0.7587815691279653
-0.7275957726536071
-0.4284679695754423
-0.433344466151256
-0.37097259593573295
-0.4214856406354732
-0.7155660025596376
-0.7587821139643659
-0.4284679695754421
-1.0267235757317719
-0.7275957726536071
-1.026723575731772
-0.7001704789753829
-0.7275957726536071
-0.7275957726536071
-0.4284679695754423
-0.4525284722422679
-0.43334446615125577
-0.7275957726536071
-0.7275957726536071
-0.7155660025596376
-1.4917648332261766
-0.9164836827466315
-0.7860394437627514
-0.4284679695754421
-0.6450925613565236
-0.42846893205432857
-0.7155660025596375
-0.4957171487727735
-0.7275957726536071
-1.143946074923688
-0.42846824684224827
-0.7862071816929406
-0.7862071816929406
-0.433344466151256
-0.7003384428552213
-0.6843802060852794
-0.7275957726536071
-0.7587815691279653
-1.0218470791559584
-0.7275957726536071
-0.7396249979111761
-0.7860394437627515
-0.7071067811865472
-0.7587815691279653
-0.433344466151256
-0.4284679695754421
-1.974838813525011
-0.7860394437627514
-0.4284679695754421
-0.7001704789753829
-0.7155660025596375
-1.245285618354684
-1.2623637920815407
-0.7275957726536071
-0.7396255427475765
-0.37097178352973803
-1.0218470791559582
-0.8173935230036994
-0.7275957726536071
-1.1512712138789725
-0.4284679695754421
-0.6964099761792488
-1.0218470791559582
-0.4214856406354732
-1.0267235757317719
-0.7001707049250324
-1.2623637920815407
-0.07560557292050851
-0.4958832008766041
-0.4333441888844495
-0.7155660025596376
-0.6808435080168074
-0.7863778073843763
-0.7587821139643658
-1.0267235757317719
-0.6964094313428483
-0.433344466151256
-0.7551920410066215
-0.6964099761792488
-1.021847079155958
-1.2623637504615959
-0.6377980223035148
-0.7587815691279653
-0.6689846825010246
-1.0218473564227648
-0.7275957726536071
-0.7155660025596375
-0.7084392014368177
-0.37097178352973803
-0.7708118840583355
-0.7275957726536071
-0.433344466151256
-0.6688137379228379
-0.7275957726536071
-0.4284679695754423
-1.2452865604341794
-1.0267235757317719
-0.6964094313428484
-0.7396255427475765
-1.245285618354684
-0.7275957726536071
-0.791083359382003
-1.026723575731772
-0.7275957726536071
-0.7275957726536071
-0.6379657602337038
-0.7860398313086341
-0.7623182671964372
-0.4382206854602636
-0.6255972088756235
-0.7315242393295797
-0.6964094313428483
-1.0267235757317719
-0.7587821139643659
-0.7275957726536071
-0.7587821139643658
-1.0218470791559584
-0.4333441888844496
-1.7386880987803854
-0.7275963174900077
-1.2623637920815407
-0.7860394437627518
-0.4525275097633811
-0.7275957726536071
-0.7275957726536071
-0.07560557292050851
-0.4284679695754421
-1.0218470791559584
-0.7863778073843763
-1.143946074923688
-1.0267235757317719
-0.9091585437913469
-0.4525275097633812
-0.7155660025596375
-1.0218470791559582
-0.42846739464243827
-0.7910833593820035
-0.4333441888844496
-1.026723575731772
-0.7275957726536071
-0.6652236348684901
-0.07560557292050851
-1.0218473564227646
-1.127211030098898
-0.43334446615125577
-0.7396260875839772
-0.4955494108425846
-0.6759399641126537
-1.0218470791559582
-0.07560497676695133
-0.7155660025596375
-1.026723575731772
-0.7071067811865469
-0.7155660025596375
-0.7910834010019479
-0.8484115815478687
-0.43334446615125577
-1.2452865604341794
-0.43822068546026327
-1.0218473564227646
-0.6964094313428483
-0.8104379225053193
-0.6964099761792488
-0.7862071816929406
-0.7275957726536071
-0.7084392014368177
-0.7587821139643659
-1.245285618354684
-0.7275957726536071
-0.6964094313428483
-0.6964099761792488
-1.0267235757317719
-0.4284679695754423
-1.026723575731772
-1.0218470791559584
-0.6932110968960011
-0.6964094313428483
-0.433344466151256
-0.4333441888844496
-0.6964094313428483
-0.43351220408144475
-0.7275957726536071
-0.7275957726536071
-0.44520333328698336
-0.7275957726536071
-0.6843802060852793
-1.0218470791559582
-0.433344466151256
-0.9047919990074804
-0.7396255427475766
-0.6964094313428484
-0.7275957726536071
-0.7275957726536071
-1.269346398288316
-0.4455454368696653
-1.0218470791559584
-0.6377980223035148
-0.6964099761792488
-0.6964094313428483
-1.0267235757317719
-0.43334446615125577
-0.9999999999999992
-0.7743480372904068
-0.43351220408144475
-0.7467517990339958
-1.262363750461596
-0.40440842938750327
-0.42846769230863535
-0.7862071816929406
-0.7275957726536071
-0.7275957726536071
-0.7860394853826962
-0.7396255427475765
-1.0218470791559582
-0.7275957726536071
-1.615226466003281
-1.0218473564227648
-0.7396255427475766
-0.7275957726536071
-0.4333441888844495
-1.0218473564227646
-0.7572711245297963
-1.026723575731772
-1.026723575731772
-0.7275957726536071
-0.8295944937221086
-0.791083359382003
-1.026723575731772
-0.9999999999999992
-0.4999999999999998
-0.7587815691279653
-0.9999999999999998
-0.6689846825010246
-0.44520333328698336
-0.7550210663318313
-0.6688137379228378
-0.7708113392219348
-0.7708118840583353
-0.7587821139643659
-0.6843802060852793
-1.0267235757317719
-1.0218470791559584
-0.9047919990074804
-0.8173926592805478
-0.6964099761792488
-0.7862071816929406
-0.4284676506886911
-1.0218470791559582
-0.6964094313428484
-1.0267235757317719
-0.433344466151256
-0.7275957726536071
-1.2623637504615959
-0.7275957726536071
-0.7396255427475765
-0.7550210663318313
-1.0267235757317719
-0.9999999999999993
-0.4284682468422484
-0.7961273166211995
-0.7275957726536071
-0.43334446615125577
-1.2623637920815407
-0.7155660025596375
-0.8172252402371099
-1.5025373840357599
-1.143946074923688
-0.7587821139643659
-0.7275957726536071
-0.6964094313428483
-0.7275957726536071
-0.7275957726536071
-0.9999999999999993
-0.7587815691279653
-0.7587815691279653
-1.245285618354684
-0.7860394853826959
-0.6964099761792488
-0.7862071816929406
-1.0218470791559584
-0.7587815691279653
-0.4284679695754423
-0.433344466151256
-1.026723575731772
-0.7155660025596375
-0.9047925951610377
-0.37097259593573295
-0.4525280846963854
-0.7275957726536071
-0.7003378980188208
-0.8172257850735104
-0.433344466151256
-0.7275957726536071
-0.7275957726536071
-0.09966536915470026
-0.9091585437913468
-1.2623637504615959
-1.026723575731772
-0.7001707049250324
-0.7467523438703965
-0.4284679695754421
-0.7626572269716194
-0.7467517990339958
-0.7275957726536071
-1.0218473564227648
-0.7572695862967436
-0.9091585437913471
-0.4284679695754421
-0.4284682468422484
-1.0218473564227648
-1.0218470791559584
-1.0218470791559584
-0.433344466151256
-1.0218470791559584
-0.4284682468422484
-1.2452865604341794
-0.6689843636142736
-0.7587815691279653
-0.7071067811865467
-0.7396255427475766
-0.7860394853826959
-0.7071067811865468
-0.6379657602337038
-0.7275957726536071
-0.7587821139643659
-0.7275957726536071
-0.7587821139643659
-0.9999999999999992
-0.051545776686316436
-0.7275957726536071
-0.07560557292050851
-0.6689843636142736
-0.7396255427475766
-0.7275957726536071
-1.151270867953035
-0.433344466151256
-0.07560557292050851
-1.262363750461596
-0.7550210663318313
-0.7155660025596376
-0.433344466151256
-0.42846824684224827
-0.6964094313428483
-0.7587821139643659
-0.7587815691279653
-0.6964099761792488
-1.0218470791559582
-0.7275957726536071
-1.026723575731772
-0.7275957726536071
-1.0218473564227646
-0.7587821139643659
-0.6531938647745205
-1.2623637920815407
-0.6447536228018947
-1.026723575731772
-0.5636210088248914
-0.7914259337504569
-0.43334446615125577
-0.3709717835297384
-0.7275957726536071
-0.7587815691279653
-0.38317275424814773
-1.0218470791559584
-1.2674077077007924
-1.974838813525011
-0.9999999999999992
-0.7071067811865475
-0.7572711245297963
-1.2623637920815407
-0.4284679695754421
-1.0218473564227646
-1.974838813525011
-1.0218470791559584
-0.4284679695754421
-0.7743477600236004
-0.4284679695754421
-1.2623637504615959
-1.7386880987803854
-1.0218473564227648
-0.49571714877277356
-1.026723575731772
-1.4917644873002387
-1.2623637920815407
-1.7386880987803854
-1.974838813525011
-1.974838813525011
-0.6808435080168074
-1.7333016504126249
-1.7333019963385625
-1.974838813525011
-1.7386880987803854
-1.974838813525011
-1.7333016504126246
-1.491765179152114
-1.0218473564227646
-0.7743480372904068
-1.7333019963385625
-1.7333016504126246
-1.491765179152114
-1.6152264660032811
-0.7275957726536071
-1.7333016504126246
-1.974838813525011
-0.4382206854602636
-1.7386880987803854
-1.7333016504126246
-1.0322780313658249
-1.4917651791521143
-1.974838813525011
-1.7333019963385625
-1.974838813525011
-1.7386880987803852
-1.974838813525011
-1.0218470791559582
-0.7275952278172064
-1.974838813525011
-0.43822068546026327
-1.245285618354684
-1.5025373840357603
-1.021847079155958
-1.615226466003281
-1.7333016504126246
-1.974838813525011
-1.7333016504126246
-1.7333019963385625
-1.974838813525011
-1.974838813525011
-1.7333019963385625
-1.7333016504126246
-1.7386880987803854
-1.7386880987803854
-1.7333016504126249
-1.5025373840357603
-1.7386880987803852
-1.974838813525011
-1.7333019963385625
-0.9999999999999996
-1.262363750461596
-1.974838813525011
-1.974838813525011
-1.7386880987803854
-1.026723575731772
-0.6964099761792488
-1.7333019963385625
-0.7155660025596376
-0.7984081524113498
-1.974838813525011
-1.974838813525011
-1.7333016504126246
-1.7333016504126246
-1.7333016504126246
-1.974838813525011
-1.0267235757317719
-1.7333019963385625
-1.7333016504126246
-1.974838813525011
-1.2623637920815407
-1.4917644873002383
-1.7333016504126246
-1.615226466003281
-1.7386880987803852
-1.2623637920815407
-1.7333019963385625
-1.7333019963385625
-1.7333016504126246
-1.6152264660032811
-1.0218473564227646
-1.2674077077007924
-1.2693463982883162
-1.7386880987803854
-1.4917644873002383
-1.974838813525011
-1.7333016504126246
-1.7333019963385625
-1.6152264660032811
-1.974838813525011
-1.7333016504126246
-1.974838813525011
-0.7860394437627515
-0.7743477600236005
-1.974838813525011
-1.974838813525011
-1.974838813525011
-1.262363750461596
-0.7001707049250323
-1.7386880987803852
-1.974838813525011
-1.974838813525011
-0.42846769230863535
-1.7333016504126249
-1.7386880987803852
-1.615226466003281
-1.974838813525011
-1.615226466003281
-1.7333016504126246
-1.7333016504126249
-0.6688127754439512
-0.9999999999999992
-1.2693463982883162
-1.7333016504126246
-1.7386880987803852
-0.7914259337504574
-1.615226466003281
-1.615226466003281
-1.0218473564227646
-1.974838813525011
-1.245285618354684
-1.7333016504126246
-1.615226466003281
-0.4333441888844496
-1.7333019963385625
-1.615226466003281
-1.026723575731772
-1.5025373840357603
-0.7743483145572132
-1.974838813525011
-1.974838813525011
-1.7333016504126246
-1.1389021176844916
-1.974838813525011
-1.7333019963385625
-1.974838813525011
-1.615226466003281
-1.615226466003281
-0.7623182671964374
-1.974838813525011
-1.7386880987803852
-1.974838813525011
-1.974838813525011
-1.974838813525011
-0.7275957726536071
-0.7587821139643658
-1.974838813525011
-1.7333016504126246
-1.974838813525011
-1.7333016504126249
-1.0218470791559584
-0.7862071816929406
-0.4284679695754421
-1.4917648332261766
-1.026723575731772
-1.7333016504126246
-1.7333016504126246
-1.0218470791559582
-1.615226466003281
-0.4333441888844495
-1.7333016504126246
-0.9999999999999997
-0.791083401001948
-0.49571714877277356
-1.7333016504126246
-1.6152264660032811
-1.974838813525011
-1.974838813525011
-1.0218470791559584
-1.4917648332261766
-1.974838813525011
-0.7275952278172064
-0.8053908002380694
-0.7813303662303761
-1.615226466003281
-1.974838813525011
-0.7396255427475765
-1.7333016504126246
-1.4917651791521143
-0.4284676923086359
-1.2452865604341794
-1.026723575731772
-1.974838813525011
-1.4917644873002383
-1.615226466003281
-0.7984085399572324
-0.42846769230863535
-1.615226466003281
-1.269346398288316
-1.7386880987803852
-0.3709717835297384
-0.4284679695754421
-1.0218470791559582
-1.974838813525011
-1.615226466003281
-1.974838813525011
-0.8053908002380694
-1.262363750461596
-1.7333019963385625
-1.491765179152114
-0.433344466151256
-0.7572695862967436
-1.615226466003281
-0.43822068546026327
-1.262363750461596
-1.7333019963385625
-0.6377988860266663
-1.615226466003281
-1.974838813525011
-1.4917644873002383
-1.7386880987803852
-1.7333016504126246
-1.4971512815939372
-1.2623637920815407
-1.615226466003281
-1.615226466003281
-1.7333019963385625
-0.7572695862967439
-1.0218473564227648
-1.7333016504126246
-1.245285618354684
-1.7333019963385625
-1.615226466003281
-1.7386880987803852
-0.42846824684224827
-1.245285618354684
-1.7386880987803852
-1.974838813525011
-0.7572711245297963
-0.7860394437627514
-0.7396255427475766
-1.491765179152114
-1.7386880987803852
-1.974838813525011
-1.7333016504126249
-1.4971512815939372
-1.0218473564227648
-1.7333016504126246
-1.7333016504126246
-1.4917644873002383
-0.6689843636142736
-0.7467517990339959
-1.7333016504126246
-1.7333016504126246
-1.7386880987803854
-1.5025373840357603
-1.4971512815939372
-0.9999999999999991
-1.615226466003281
-0.4284676923086359
-1.7333016504126246
-1.7333016504126246
-1.974838813525011
-0.9999999999999992
-1.615226466003281
-1.4917644873002383
-1.4971512815939372
-1.7333019963385625
-0.7275957726536071
-1.7386880987803852
-1.615226466003281
-1.269346398288316
-1.7333016504126246
-1.5025373840357603
-1.7333019963385625
-1.615226466003281
-1.143946074923688
-0.7396260875839771
-1.7386880987803854
-1.026723575731772
-1.7333016504126246
-1.7333016504126249
-1.7333016504126246
-0.7813309623839333
-0.38317275424814773
-1.7386880987803854
-0.09966579832052713
-1.6152264660032811
-1.5025373840357603
-1.615226466003281
-1.7333016504126246
-1.615226466003281
-1.4917648332261766
-0.43334446615125577
-0.42846824684224827
-1.026723575731772
-0.7860394853826959
-0.43334446615125577
-1.0275766484950823
-1.615226466003281
-0.47658762488432443
-0.7155660025596375
-0.7275957726536071
-1.974838813525011
-1.7333016504126246
-1.2693463982883162
-1.615226466003281
-1.026723575731772
-0.7275957726536071
-1.7386880987803854
-0.7743483145572132
-1.7333019963385625
-1.6152264660032811
-1.6152264660032811
-1.7333016504126246
-0.5079174589842088
-1.0267235757317719
-0.791083401001948
-0.4284679695754421
-1.974838813525011
-0.7860394021428069
-1.262363750461596
-0.9095010765398561
-1.026723575731772
-1.026723575731772
-1.6152264660032811
-1.7386880987803854
-1.7386880987803854
-1.7333016504126249
-1.5025373840357603
-0.9999999999999986
-1.7333019963385625
-1.974838813525011
-1.974838813525011
-1.7386880987803854
-1.7386880987803852
-1.974838813525011
-1.7333016504126249
-1.2623637920815407
-0.7084392014368179
-0.09234061774529845
-0.7275957726536071
-1.0267235757317719
-1.6152264660032811
-0.8173926592805478
-1.615226466003281
-0.37097259593573295
-0.7961273166212001
-1.0275762193292552
-1.026723575731772
-0.791083401001948
-0.7813303662303757
-0.08031362513349938
-1.0275766484950823
-0.42846769230863535
-1.0218473564227648
-1.497150935667999
-1.6152264660032811
-0.7275957726536071
-1.0275762193292552
-0.43334446615125577
-1.2623637920815407
-1.7333016504126246
-1.2623637504615959
-1.2623637920815407
-1.7333019963385625
-1.262363750461596
-1.7333016504126246
-1.7333019963385625
-1.7333016504126246
-1.7333019963385625
-0.9999999999999986
-0.7275957726536071
-1.7333016504126249
-1.7386880987803854
-0.433344466151256
-1.5025373840357603
-1.974838813525011
-1.7386880987803854
-1.0267235757317719
-1.026723575731772
-1.5025373840357603
-1.262363750461596
-1.245285618354684
-1.7386880987803852
-1.0218470791559582
-1.974838813525011
-1.6152264660032811
-0.7275952278172066
-1.7386880987803854
-0.7396255427475766
-1.0267235757317719
-1.974838813525011
-1.7333016504126246
-1.974838813525011
-1.5025373840357603
-1.7333016504126246
-1.2623637920815407
-1.4917651791521143
-1.0218473564227646
-1.7333019963385625
-0.7084397462732184
-1.4917648332261764
-0.7275957726536071
-0.45252750976338135
-0.3708051768922951
-1.974838813525011
-1.974838813525011
-1.974838813525011
-1.974838813525011
-1.2674077077007924
-1.7333016504126246
-1.026723575731772
-0.4333441888844496
-1.974838813525011
-1.4917648332261764
-1.7386880987803854
-1.7333019963385625
-1.974838813525011
-1.0275766484950823
-1.7386880987803854
-1.6152264660032811
-1.0218473564227646
-1.974838813525011
-1.974838813525011
-0.791083401001948
-1.974838813525011
-1.5025373840357603
-1.615226466003281
-0.6688137379228379
-0.07560497676695133
-1.974838813525011
0.05646497289775576
-0.6932116417324017
-0.6843796612488787
-0.7961273166211995
-1.7333019963385625
-1.7333019963385625
-1.974838813525011
-1.7386880987803854
-1.4971509356679995
-1.245285618354684
-0.7572711245297963
-0.7587815691279653
-0.9999999999999996
-0.7587815691279653
-1.974838813525011
-1.0218473564227646
-1.4971512815939372
-1.974838813525011
-1.5025373840357603
-1.7333016504126246
-0.4284682468422484
-1.4971512815939372
-1.7333019963385625
-1.4917651791521143
-1.7333019963385625
-1.7333019963385625
-1.7386880987803852
-1.615226466003281
-1.7386880987803854
-1.4971512815939372
-1.7333019963385625
-1.7333019963385625
-1.262363750461596
-1.4917651791521143
-0.7860394853826959
-1.7386880987803854
-1.4917648332261764
-0.6688137379228378
-1.0218473564227648
-1.2623637920815407
-1.7333016504126249
-1.2693463982883162
-1.615226466003281
-0.7984085399572326
-1.7333016504126246
-1.7333019963385625
-1.7333016504126246
-1.7386880987803854
-1.615226466003281
-0.7003384428552213
-0.433344466151256
-1.0218473564227648
-0.7155660025596376
-1.1389021593044364
