-1.8237328248254103
-1.3169284073762937
-0.26774154489264335
-1.3848977814947228
-1.8223801586802018
-1.346113586232467
-1.8250005289745843
-1.3399588407501255
-1.3757090113234187
-1.336507921365276
-1.330022928980179
-1.8222332606496285
-1.8289406362148757
-1.3532399164830295
-1.3524853105792674
-1.3334534047063578
-1.3890047938748304
-1.3861661620890153
-1.822336048659856
-1.8298227017730322
-1.8184637208097159
-1.8199745181764726
-1.3228482364643384
-1.351311229667036
-1.8148169095412143
-1.3448994733887674
-1.332595631689185
-1.3353280490578634
-1.3551487083459115
-1.3756345127219594
-1.3516957509170333
-1.8277814904944845
-1.8258937579502739
-1.3571115939893108
-1.38846118877023
-1.6346176359796263
-1.7742111772510814
-1.3275737853792233
-0.2658453133773323
-1.3811397689966405
-1.8274446964828521
-1.3520150228524794
-1.8218590050500736
-1.3361187981627853
-1.3842267710570195
-1.3291076961825543
-1.328512644576136
-1.8326976244956563
-1.8283161757617654
-1.3441941357651381
-1.3403413299235136
-1.328724241121967
-1.3808448248229
-1.3786286496837588
-1.8270059691665854
-1.8171366580095747
-1.8264236247988517
-1.828681311935041
-1.3208507374546459
-1.3552634764446103
-1.8208333257153027
-1.3431320368257547
-1.3381175469136117
-1.3388353569177678
-1.3575130482395357
-1.378357191285473
-1.341906881547193
-1.8152037803632624
-1.8277117458545566
-1.5687933550785327
-1.060480383642277
-1.5923319758912116
-1.6033406027305934
-1.8319864591288202
-1.8165737720434179
-1.5870770857805494
-1.8279882538870869
-1.5859719526666294
-1.6098336117535004
-1.5701669827778604
-1.5756138988362032
-1.822200279338177
-1.8293179491420393
-1.581119644242131
-1.5869910580387931
-1.5887558588572444
-1.6162948796707128
-1.5877647539177664
-1.6096764394699443
-1.8255177747247369
-1.8292997693357906
-1.826443337113079
-1.8228803785889647
-1.5678330561490532
-1.588005900267826
-1.8259065973254955
-1.8270452743008114
-1.579406469599386
-1.58151919808459
-1.5838794913522436
-1.8213913320605395
-1.5785452207540065
-1.6074359546502515
-1.5908187607999533
-1.8213679400885248
-1.8280753434237293
-1.8304778576961915
-1.8130745955549357
-1.7526402177945675
-1.5903375373879927
-1.7450517472060032
-1.7636904197750862
-1.8282281056940524
-1.8299430925653906
-1.7546822967883657
-1.8161430187562004
-1.7512651415460865
-1.7612917903288958
-1.7526890336389842
-1.7492392963040948
-1.8198872077116781
-1.8246059361077624
-1.7565012580583421
-1.768129902076916
-1.748524965030406
-1.7604170912866102
-1.7523028066789093
-1.7601478250156708
-1.828294677336768
-1.8294248955716341
-1.8322894468899975
-1.831381340435924
-1.7490937957891242
-1.75339790254002
-1.8290835476544625
-1.8316753600792612
-1.754119493443671
-1.756611765260907
-1.7544619234068453
-1.829230140111577
-1.7501312420406472
-1.7578621184002265
-1.7484153388357653
-1.8256135327442857
-1.8253686646169232
-1.8263056180932238
-1.8217625371904358
-1.8073245560626667
-1.7484459956787184
-1.8090407478861725
-1.8096445482485193
-1.8369202572593673
-1.8314144055303014
-1.8105608353319436
-1.8182092654565332
-1.8044382964614962
-1.8144647420650077
-1.805982239739091
-1.8094949137369594
-1.8249489091097186
-1.8186336533788277
-1.8087570611623693
-1.8090102611698131
-1.8019076032067458
-1.8129421394265268
-1.8213921273854254
-1.808588857004486
-1.8242960630870935
-1.8268696451873723
-1.8241925386009925
-1.8242387819400327
-1.8033101507550913
-1.8075547496986328
-1.825836831180994
-1.8244552971173746
-1.8013251586499481
-1.8096133588846417
-1.8039398832924292
-1.8274533950740532
-1.8048048639009986
-1.8041625545123077
-1.811815040310209
-1.834127938916235
-1.8247062887051384
-1.819514211658816
-1.8235628303448537
-1.8129559092649936
-1.815464991068523
-1.8251541487085494
-1.8258264746651554
-1.8052208191374746
-1.7647729705974815
-1.8103112674187891
-1.8036215974437144
-1.8303564609341318
-1.827712479257211
-1.8095693025864545
-1.8212641140693635
-1.804023445593307
-1.808614981630268
-1.808363797301928
-1.8092794347381553
-1.8201549699555422
-1.825705823627598
-1.8063580027008108
-1.8131406340029952
-1.8152438905348798
-1.8165113823854298
-1.8156698947654797
-1.8127312788332497
-1.8275156910365309
-1.8293113866953
-1.8254670318399275
-1.8219041072797926
-1.8115010497751127
-1.8038965546309895
-1.8214018029849293
-1.830224656064936
-1.8046531841900033
-1.8108378912962944
-1.8102275641691168
-1.827297532149695
-1.8137977667051475
-1.8013133614279029
-1.803586472102468
-1.8237427319127018
-1.8211852793656775
-1.8279727079372716
-1.8242269431290667
-1.8246362071061102
-1.8037775533142786
-1.8071192104579752
-1.8127420437197794
-1.8242261830365059
-1.8266059170017939
-1.8272947976753997
-1.826059215239179
-1.8212855602467513
-1.8154914908953956
-1.8245211040309264
-1.819643661394348
-1.8178366483344253
-1.8274416171596652
-1.8228202904022979
-1.8246569926004463
-1.818858099989086
-1.8278517644266907
-1.8276047016677373
-1.8155435040071788
-1.827402957030881
-1.8271676652103181
-1.8226924529418973
-1.8344152505800075
-1.8295232186367816
-1.8276712144847427
-1.8274704497369272
-1.8263410534884903
-1.8174264232254567
-1.8144571743867113
-1.8180200141067222
-1.8219541878169259
-1.8230229544650713
-1.820591586104246
-1.8207510200573735
-1.8278609993471349
-1.8328315930674803
-1.8265669815478414
-1.828592663395626
-1.8204337256288956
-1.822115601059418
-1.822713140800604
-1.8370466320897614
-1.8200278628629782
-1.8198053087020722
-1.8274307825665201
-1.8239556063624973
-1.8145414967768145
-1.817052659206164
-1.827656305942777
-1.830192722350134
-1.8238617699885953
-1.8199864678980058
-1.8366221794188802
-1.8245621377866375
-1.8225734588938782
-1.822246177870722
-1.8316875267650305
-1.8218439133687983
-1.8183113665690542
-1.8299636146724012
-1.827985102862776
-1.83392960444156
-1.828940561588701
-1.821868689063332
-1.8282050224523276
-1.8207774534879488
-1.8238754214562645
-1.8288204474098075
-1.8229933567052907
-1.8180449161362824
-1.829649697802656
-1.8225602101730192
-1.8261899007922704
-1.8205876469297668
-1.8168773559361344
-1.8282502281577468
-1.819727829879315
-1.8159568054311055
-1.8283310286991252
-1.8192911434334762
-1.8223910538872272
-1.8204754391909388
-1.8230160354669613
-1.8181700878685745
-1.823515398499775
-1.8178448241828393
-1.829293181669064
-1.828349857808389
-1.8244257895203835
-1.8172475336471257
-1.8332628315938715
-1.8202482944854461
-1.8222210266770724
-1.8242491868380875
-1.8294822177606151
-1.8174786537147847
-1.821808476332579
-1.8234443159850895
-1.8187684272061349
-1.8251543288021905
-1.8250614751160228
-1.8227553394463651
-1.8305416880309884
-1.8230430111485623
-1.8204908886741
-1.829971280475002
-1.8261564718339622
-1.8266300477694286
-1.816389759892609
-1.817912336458438
-1.8238572967599
-1.8210374658082353
-1.8240984575426764
-1.814992748436627
-1.8206508776516594
-1.8240813046268336
-1.8212527290058906
-1.8189981871186196
-1.828608249872926
-1.8214709974663337
-1.8226364276006464
-1.8257355227408296
-1.822879081088948
-1.8249807749948963
-1.8230212760894906
-1.8296436924741886
-1.8281514069552396
-1.8185808766653602
-1.828738958958752
-1.8208347968676393
-1.8245699031017533
-1.8176554211686777
-1.8273951620321331
-1.8240600146141008
-1.826344794278537
-1.8259438353151656
-1.8261929205645708
-1.8228128815360813
-1.829425089780265
-1.8279290442660063
-1.8220793208110928
-1.827321970932244
-1.828664322436072
-1.8179722585901972
-1.8180714131483828
-1.8212345577152511
-1.8232740094824949
-1.828260518865645
-1.8319929451700638
-1.8202653270704856
-1.8190910641615858
-1.8295343828950237
-1.8183490136939688
-1.8209388422376847
-1.8200189001444618
-1.8233019782463593
-1.8255715950674978
-1.8165709694191705
-1.8333093184037268
-1.8325761973747996
-1.8222769749779895
-1.8243257417645637
-1.8229149773706186
-1.8250202187707156
-1.8230401914149241
-1.8228798479862869
-1.8292848889338418
-1.8196143099406261
-1.8232528390492764
-1.8214495887204105
-1.8184607158710788
-1.8160595719570933
-1.8311419440137455
-1.8201700355195998
-1.8245274321184661
-1.8191351506233293
-1.8243132742681543
-1.816811298708558
-1.8251176411363825
-1.8244889115120908
-1.8248557352352426
-1.8262634674685314
-1.8317435796623927
-1.832507420067179
-1.8218985859572356
-1.8300348410253262
-1.8191550587056655
-1.8155475141768391
-1.8248249073221259
-1.8286336044350051
-1.823129334129536
-1.8295290105290856
-1.8278552209738128
-1.8238875492404039
-1.8261578162897756
-1.820802026909477
-1.8200313077878763
-1.825514558852697
-1.823868625388634
-1.8319082077342403
