-1.0661086493179361
-0.9999999999999993
-0.5400662794919303
-0.5400662794919303
-0.8075949294340162
-0.34327569600646013
0.004005950450407969
-0.2725376295498443
-0.5400662794919303
-0.5400662794919303
-0.8075949294340162
-0.9999999999999989
-0.2725376295498443
-0.7368568629774005
-0.5400662794919303
-0.5400662794919303
-0.5400662794919303
-0.7368568629774005
-0.5400662794919303
-0.5400662794919303
-0.5400662794919303
-0.9999999999999991
-0.5400662794919303
-0.5490812095500965
-0.5400662794919303
-0.9999999999999996
-0.9999999999999996
-0.8075949294340162
-0.5400662794919303
-0.2725376295498443
-0.5490812095500965
-0.8075949294340162
-0.5400662794919303
-0.5400662794919303
-1.0661086493179361
-0.5400662794919303
-0.7071067811865468
-0.7278419329192343
-0.9999999999999989
-0.2725376295498443
-0.7368568629774005
-0.5400662794919303
-0.707106781186547
-0.2725376295498443
-0.5400662794919303
-0.5400662794919303
-0.7368568629774005
-0.8075949294340163
-0.2725376295498443
-3.3306690738754696e-16
-0.34327569600646013
-0.9999999999999993
-0.9999999999999987
-0.8075949294340163
-0.34327569600646013
-0.5400662794919303
-0.5400662794919303
-0.5490812095500965
-0.9999999999999993
-0.5400662794919303
-0.2725376295498443
-0.2725376295498443
-0.5400662794919303
-0.2725376295498443
-0.5400662794919303
-0.9999999999999998
-0.35229062606462636
-0.5400662794919303
-0.5400662794919303
-0.5400662794919303
-0.9999999999999989
-0.707106781186547
-0.9999999999999993
-0.5400662794919303
-0.7368568629774005
-0.9999999999999991
0.004005950450407969
-0.2725376295498443
-0.2725376295498443
-0.9999999999999989
-0.9999999999999991
-1.0661086493179361
-0.5490812095500965
-0.5400662794919303
-0.5400662794919303
-0.5400662794919303
-0.9999999999999996
-0.9999999999999991
0.004005950450407969
-0.5310513494337641
-0.5400662794919303
-0.5490812095500965
-0.5400662794919303
-0.5400662794919303
-0.5400662794919303
-0.8075949294340163
-0.5400662794919303
-0.8075949294340162
-0.7368568629774005
-0.5400662794919303
-0.8075949294340163
-0.5400662794919303
-0.5400662794919303
-0.9999999999999993
-0.3342607659482939
-0.9999999999999993
-0.2725376295498443
-0.9999999999999989
-0.7458717930355667
-0.5310513494337641
-0.5400662794919303
-0.5400662794919303
-0.34327569600646013
-0.5400662794919303
-0.5400662794919303
-0.5400662794919303
-0.5400662794919303
-0.2725376295498443
-0.9999999999999991
-0.8075949294340163
-0.5400662794919303
-0.7368568629774005
-0.707106781186547
-0.5400662794919303
-0.2725376295498443
-0.5400662794919303
-0.8075949294340163
-0.7368568629774005
-0.9999999999999992
-0.7071067811865468
-0.35229062606462636
-0.5400662794919303
-0.2725376295498443
-0.7278419329192343
-0.2725376295498443
-0.8075949294340163
-0.5490812095500964
-0.5400662794919303
-0.9999999999999996
-0.34327569600646013
-0.5310513494337641
-0.5400662794919303
-0.9999999999999991
-0.5400662794919303
-0.7071067811865469
-0.5400662794919303
-0.7071067811865472
-0.7458717930355667
-0.9999999999999996
-0.5400662794919303
-0.8075949294340163
0.004005950450407969
-0.9999999999999996
-0.5400662794919303
-0.9999999999999989
-0.5400662794919303
-0.7368568629774005
-0.8075949294340162
-0.7368568629774005
-0.7368568629774005
-0.9999999999999993
-0.5400662794919303
-0.8075949294340163
-0.5400662794919303
-0.5400662794919303
-0.9999999999999996
-0.8075949294340162
-0.5400662794919303
-0.7071067811865471
-0.2725376295498443
-0.5400662794919303
-0.8075949294340163
-0.9999999999999992
-0.34327569600646013
-0.9999999999999991
-0.9999999999999998
-0.5400662794919303
-0.9999999999999996
-0.8075949294340163
-0.5400662794919303
-0.5310513494337641
1.87469972832732e-33
-1.0661086493179361
-0.9999999999999991
-0.9999999999999993
-0.5400662794919303
-0.5400662794919303
-0.2725376295498443
-0.2725376295498443
-0.5400662794919303
-0.9999999999999991
-0.8075949294340162
-0.5400662794919303
-0.5400662794919303
-0.8075949294340162
-0.2725376295498443
-0.9999999999999993
-0.5490812095500965
-0.5400662794919303
-0.5400662794919303
-0.5400662794919303
-0.5400662794919303
-0.2725376295498443
-0.5490812095500964
-0.5310513494337641
-0.8075949294340162
-0.7368568629774005
-0.5490812095500964
-0.34327569600646013
-0.5400662794919303
-0.2725376295498443
-0.9999999999999989
-0.8075949294340162
-0.34327569600646013
-0.2725376295498443
-0.9999999999999991
-0.9999999999999992
-0.2725376295498443
-1.0661086493179361
-0.2725376295498443
-0.9999999999999993
-0.34327569600646013
-0.2725376295498443
-0.5490812095500965
-0.5400662794919303
-0.5310513494337641
-0.5400662794919303
-0.5400662794919303
-0.8075949294340163
-0.7071067811865469
-0.5400662794919303
-0.7071067811865469
-0.5310513494337641
-0.35229062606462636
-0.5490812095500965
-0.8075949294340163
-0.2725376295498443
-0.34327569600646013
-0.5400662794919303
-0.9999999999999996
-0.5400662794919303
-0.8075949294340162
-0.2725376295498443
-0.5400662794919303
-0.8075949294340162
-0.5400662794919303
-0.8075949294340163
-0.5310513494337641
-0.2725376295498443
-0.34327569600646013
-0.5400662794919303
-0.7071067811865469
-0.7368568629774005
-0.9999999999999991
-0.7071067811865472
-0.5400662794919303
-0.5400662794919303
-0.5400662794919303
-0.5400662794919303
-0.5400662794919303
-0.9999999999999996
-0.9999999999999991
-0.5400662794919303
-0.7368568629774005
-0.5400662794919303
-0.5400662794919303
-0.9999999999999993
-0.34327569600646013
-0.2725376295498443
-0.8075949294340162
-0.5400662794919303
-0.7368568629774005
-0.5490812095500965
-0.9999999999999996
-0.5400662794919303
-0.34327569600646013
-0.5400662794919303
-0.2725376295498443
-0.5400662794919303
-0.5400662794919303
-0.5400662794919303
-0.5310513494337641
-0.5400662794919303
-0.9999999999999989
-0.9999999999999992
-0.5400662794919303
-0.5400662794919303
-0.7368568629774005
-0.2725376295498443
-0.8075949294340163
-0.8075949294340163
-0.7368568629774005
-0.5490812095500965
-0.5400662794919303
-0.7458717930355667
-0.5400662794919303
-0.34327569600646013
-0.8075949294340163
-0.8075949294340163
-0.2725376295498443
-0.34327569600646013
-0.35229062606462636
-0.7071067811865469
1.6653345369377348e-16
-0.5400662794919303
-0.3342607659482939
-0.2725376295498443
-0.9999999999999998
-0.5400662794919303
-0.7071067811865476
-0.2725376295498443
-0.8075949294340163
-0.5400662794919303
-0.5400662794919303
-0.5400662794919303
-0.5400662794919303
-0.5400662794919303
-0.5400662794919303
-0.2725376295498443
-0.5400662794919303
-0.5400662794919303
-0.5400662794919303
-0.5400662794919303
-0.5400662794919303
-1.0
-0.2725376295498443
-0.9999999999999996
-0.5310513494337641
-0.34327569600646013
-0.5400662794919303
-0.9999999999999991
-0.2725376295498443
-0.5400662794919303
-0.5400662794919303
-0.5400662794919303
-0.5400662794919303
-0.5400662794919303
-0.5310513494337641
-0.5400662794919303
-0.5310513494337641
-0.5310513494337641
-0.8075949294340162
-0.707106781186547
-0.5400662794919303
-0.34327569600646013
-0.9999999999999996
-0.8075949294340162
-0.5400662794919303
-0.5400662794919303
-0.5400662794919303
-0.7368568629774005
-0.8075949294340162
-0.5400662794919303
-0.9999999999999992
-0.2725376295498443
-0.9999999999999991
-0.2725376295498443
-0.5400662794919303
-0.7071067811865469
-0.7071067811865474
-0.5400662794919303
-0.9999999999999996
-0.5400662794919303
-0.9999999999999991
-0.5400662794919303
-0.5400662794919303
-0.5400662794919303
-0.5400662794919303
-0.9999999999999993
-0.34327569600646013
-0.2725376295498443
-0.5400662794919303
-0.5490812095500965
-1.0661086493179361
-0.5400662794919303
-0.7368568629774005
-0.5490812095500965
-0.5490812095500965
-0.5400662794919303
-0.5400662794919303
-0.5400662794919303
-0.9999999999999989
-0.5400662794919303
-0.7458717930355667
-0.9999999999999991
-0.5310513494337641
-0.8075949294340163
-0.9999999999999992
-0.5400662794919303
-0.9999999999999996
-0.5400662794919303
-0.2725376295498443
-0.5400662794919303
-0.5400662794919303
-0.9999999999999991
-0.7071067811865468
-0.8075949294340162
-0.5310513494337641
-0.5400662794919303
-0.7368568629774005
-0.8075949294340162
-0.7368568629774005
-0.2725376295498443
-0.34327569600646013
-0.9999999999999992
-0.2725376295498443
-0.5400662794919303
-0.5400662794919303
-0.34327569600646013
-0.5400662794919303
-0.5400662794919303
-0.9999999999999991
-0.9999999999999991
-0.8075949294340162
-0.5490812095500964
-0.5490812095500964
-0.8075949294340163
-0.5400662794919303
-0.5400662794919303
-0.5400662794919303
-0.8075949294340162
-0.7458717930355667
-0.8075949294340163
-0.2725376295498443
-0.7368568629774005
-0.5400662794919303
-0.5400662794919303
-0.5490812095500965
-0.5400662794919303
-0.9999999999999996
-0.9999999999999996
-0.5400662794919303
-0.5310513494337641
-0.9999999999999993
-0.8075949294340163
-0.5400662794919303
-0.5400662794919303
-0.8075949294340162
-0.2725376295498443
-0.9999999999999996
-0.34327569600646013
-0.5400662794919303
-0.9999999999999992
-0.9999999999999996
-0.9999999999999993
-0.7368568629774005
-0.8075949294340163
-0.7278419329192343
-0.5400662794919303
-0.9999999999999998
-0.8075949294340162
-0.5400662794919303
-0.5400662794919303
-0.7368568629774005
-0.7368568629774005
-0.2725376295498443
-0.35229062606462636
-0.7368568629774005
-0.5400662794919303
-0.5400662794919303
-0.9999999999999993
-0.7368568629774005
-0.5400662794919303
-0.34327569600646013
-0.5400662794919303
-0.9999999999999989
-0.5490812095500965
-0.5400662794919303
-0.7278419329192343
-0.5400662794919303
-0.9999999999999998
-0.5400662794919303
-0.5400662794919303
-1.0661086493179361
-0.7278419329192343
-0.8075949294340163
-0.5400662794919303
-0.9999999999999989
-0.2725376295498443
-0.34327569600646013
-0.35229062606462636
-0.5400662794919303
-0.5310513494337641
-0.5490812095500965
-0.5490812095500965
-0.2725376295498443
-0.7368568629774005
-0.5400662794919303
-0.9999999999999991
-0.7368568629774005
-0.9999999999999996
-0.7458717930355667
-0.8075949294340163
-0.5400662794919303
-0.5400662794919303
-0.9999999999999996
-0.5400662794919303
-0.5490812095500964
-0.7071067811865467
-0.2725376295498443
-0.5400662794919303
-0.5310513494337641
-0.5400662794919303
-0.8075949294340162
-0.9999999999999996
-0.5400662794919303
-0.34327569600646013
-0.5400662794919303
-1.0661086493179361
-1.0661086493179361
-0.9999999999999989
-0.5490812095500964
-0.8075949294340162
-0.5400662794919303
-0.9999999999999993
-0.7278419329192343
-0.8075949294340163
-0.9999999999999996
-0.2725376295498443
-1.0661086493179361
-0.9999999999999987
-1.0661086493179361
-1.0661086493179361
-0.9999999999999993
-0.5490812095500965
-0.8075949294340163
-1.0661086493179361
-0.9999999999999993
-1.0661086493179361
-1.0661086493179361
-0.8075949294340163
-1.0661086493179361
-1.0661086493179361
-1.0661086493179361
-1.0661086493179361
-0.5400662794919303
-1.0661086493179361
-0.5400662794919303
-1.0661086493179361
-0.9999999999999996
-0.8075949294340163
-0.5490812095500965
-0.8075949294340163
-0.8075949294340163
-1.0661086493179361
-0.5400662794919303
-0.5400662794919303
-0.5490812095500964
-0.9999999999999993
-0.9999999999999991
-0.5400662794919303
-0.3342607659482939
-0.8075949294340162
-0.2725376295498443
-0.5400662794919303
-0.9999999999999993
-0.8075949294340163
-1.0661086493179361
-0.8075949294340163
-1.0661086493179361
-1.0661086493179361
-1.0661086493179361
-0.9999999999999996
-0.5400662794919303
-0.7368568629774005
-1.0661086493179361
-0.8075949294340163
-0.9999999999999991
-0.5400662794919303
-0.9999999999999992
-1.0661086493179361
-0.5400662794919303
-1.0661086493179361
-0.5490812095500964
-0.7368568629774005
-1.0661086493179361
-0.5400662794919303
-0.8075949294340163
-0.9999999999999989
-1.0661086493179361
-0.9999999999999989
-1.0661086493179361
-0.5490812095500965
-0.8075949294340162
-0.8075949294340163
-0.2725376295498443
-0.5490812095500964
-1.0661086493179361
-0.5400662794919303
-0.8075949294340163
-0.5490812095500965
-0.9999999999999991
-0.9999999999999991
-1.0661086493179361
-0.5400662794919303
-1.0661086493179361
-0.9999999999999991
-0.8075949294340163
-0.9999999999999993
-0.2725376295498443
-0.9999999999999992
-1.0661086493179361
-0.8075949294340162
-1.0661086493179361
-0.5400662794919303
-0.9999999999999996
-0.7368568629774005
-0.9999999999999992
-0.5400662794919303
-0.8075949294340162
-1.0661086493179361
-0.5400662794919303
-0.9999999999999996
-0.7071067811865471
-0.2725376295498443
-0.9999999999999991
-0.2725376295498443
-0.9999999999999993
-0.34327569600646013
-1.0661086493179361
-0.5400662794919303
-0.5400662794919303
-1.0661086493179361
-0.9999999999999992
-0.5490812095500965
-1.0661086493179361
-1.0661086493179361
-0.9999999999999989
-1.0661086493179361
-1.0661086493179361
-0.9999999999999989
-0.9999999999999992
-0.9999999999999989
-0.5490812095500964
-0.2725376295498443
-0.8075949294340163
-0.7071067811865471
-0.8075949294340163
-0.5400662794919303
-0.5490812095500965
-1.0661086493179361
-1.0661086493179361
-1.0661086493179361
-0.9999999999999991
-0.7368568629774005
-1.0661086493179361
-0.9999999999999996
-1.0661086493179361
-0.5400662794919303
-0.7278419329192343
-0.2725376295498443
-0.8075949294340162
-0.9999999999999992
0.004005950450407969
-0.5310513494337641
-0.5400662794919303
-0.9999999999999992
-1.0661086493179361
-1.0661086493179361
-0.5400662794919303
-0.5400662794919303
-0.8075949294340162
-0.9999999999999992
-1.0661086493179361
-0.7368568629774005
-0.5400662794919303
-0.9999999999999996
-0.8075949294340162
-0.9999999999999991
-0.2725376295498443
-1.0661086493179361
-1.0661086493179361
-0.7368568629774005
-0.5490812095500965
-0.8075949294340163
-0.9999999999999993
-1.0661086493179361
-0.9999999999999989
-0.8075949294340162
-0.8075949294340163
-1.0661086493179361
-0.5490812095500964
-1.0661086493179361
-1.0661086493179361
-0.5400662794919303
-0.707106781186547
-0.9999999999999991
-0.5400662794919303
-0.2725376295498443
-1.0661086493179361
-1.0661086493179361
-0.9999999999999991
-1.0661086493179361
-0.9999999999999991
-1.0661086493179361
-0.9999999999999992
-0.9999999999999996
-0.9999999999999993
-0.9999999999999992
-0.8075949294340162
-0.9999999999999993
-0.9999999999999993
-0.7278419329192343
-0.9999999999999996
-0.2725376295498443
-0.9999999999999992
-0.9999999999999993
-0.8075949294340163
-1.0661086493179361
-0.8075949294340163
-0.5400662794919303
-0.34327569600646013
-0.9999999999999993
-0.2725376295498443
-0.9999999999999991
-0.9999999999999989
-0.9999999999999993
-0.5490812095500964
-0.8075949294340163
-0.8075949294340163
-0.7458717930355667
-0.9999999999999989
-0.5490812095500964
-0.9999999999999991
-1.0661086493179361
-0.2725376295498443
-0.9999999999999991
-0.9999999999999987
-0.5490812095500964
-0.9999999999999993
-0.9999999999999991
-0.9999999999999991
-0.9999999999999993
-0.9999999999999991
-0.5490812095500964
-0.5400662794919303
-0.9999999999999992
-0.2725376295498443
-0.9999999999999991
-0.5400662794919303
-0.9999999999999993
-0.2725376295498443
-0.9999999999999993
-0.5400662794919303
-1.0661086493179361
-0.5400662794919303
-0.7278419329192343
-0.9999999999999989
-1.0661086493179361
-0.34327569600646013
-0.5400662794919303
-0.2725376295498443
-0.9999999999999991
-0.5490812095500964
-0.8075949294340162
-0.9999999999999991
-0.9999999999999989
-0.8075949294340163
-0.9999999999999993
-0.9999999999999991
-1.0661086493179361
-0.9999999999999996
-0.9999999999999991
-1.0661086493179361
-1.0661086493179361
-0.5400662794919303
-0.9999999999999993
-0.5400662794919303
-0.9999999999999992
-0.7368568629774005
-0.9999999999999989
-0.9999999999999991
-0.9999999999999991
-0.2725376295498443
-0.9999999999999989
-1.0661086493179361
-0.8075949294340163
-0.9999999999999989
-0.5400662794919303
-0.8075949294340163
-0.5400662794919303
-0.9999999999999993
-0.9999999999999996
-1.0661086493179361
-0.7458717930355667
-0.9999999999999993
-0.9999999999999989
-0.5400662794919303
-0.9999999999999991
-0.9999999999999998
-0.35229062606462636
-0.9999999999999993
-1.0661086493179361
-0.2725376295498443
-0.5490812095500965
-0.9999999999999996
-0.3342607659482939
-0.9999999999999991
-0.9999999999999997
-0.2725376295498443
-0.9999999999999993
-1.0661086493179361
-0.7368568629774005
-1.0661086493179361
-0.5400662794919303
-0.3342607659482939
-0.5400662794919303
-0.9999999999999996
-0.9999999999999989
-0.9999999999999993
-0.8075949294340162
-0.2725376295498443
-0.9999999999999996
-0.5400662794919303
-0.9999999999999996
-0.9999999999999996
-0.9999999999999989
-0.9999999999999991
-0.9999999999999993
-0.9999999999999989
-0.9999999999999993
-0.9999999999999996
-0.8075949294340163
-0.9999999999999991
-0.9999999999999992
-1.0661086493179361
-0.9999999999999991
-0.5490812095500964
-0.9999999999999991
-0.5400662794919303
-0.8075949294340163
-0.2725376295498443
-0.2725376295498443
-0.2725376295498443
-0.9999999999999993
-0.9999999999999996
-0.5310513494337641
-0.5400662794919303
-0.8075949294340162
-0.9999999999999991
-0.7368568629774005
-0.7368568629774005
-1.0661086493179361
-0.5490812095500964
-0.5400662794919303
-0.5400662794919303
-0.9999999999999993
-0.9999999999999992
-1.0661086493179361
-0.8075949294340162
-0.8075949294340162
-0.5400662794919303
-0.3342607659482939
-0.8075949294340163
-0.2725376295498443
-0.8075949294340163
-0.9999999999999991
-0.9999999999999996
-0.9999999999999993
-0.9999999999999992
-0.9999999999999993
-0.5400662794919303
-0.9999999999999992
-0.9999999999999992
-0.9999999999999996
-1.0661086493179361
-0.9999999999999996
-0.5490812095500965
-0.9999999999999993
-0.2725376295498443
-0.9999999999999992
-0.5400662794919303
-1.0661086493179361
-0.9999999999999993
-1.0661086493179361
-0.9999999999999993
-0.9999999999999993
-0.8075949294340162
-0.9999999999999991
-1.0661086493179361
-0.7368568629774005
-0.9999999999999989
-0.9999999999999991
-0.9999999999999991
-0.9999999999999993
-1.0661086493179361
-0.9999999999999993
-0.9999999999999992
-0.8075949294340163
-0.9999999999999989
-0.5400662794919303
-0.2725376295498443
-0.9999999999999991
-0.8075949294340163
-0.9999999999999996
-0.5400662794919303
-0.5490812095500965
-0.2725376295498443
-0.34327569600646013
-0.7071067811865464
-0.5400662794919303
-0.9999999999999993
-0.9999999999999993
-0.34327569600646013
-0.9999999999999993
-0.9999999999999996
-0.9999999999999993
-0.9999999999999996
-0.2725376295498443
-0.9999999999999993
-1.0661086493179361
-0.2725376295498443
-0.9999999999999992
-0.8075949294340162
-0.9999999999999996
-0.9999999999999993
-0.2725376295498443
-0.9999999999999987
-1.0661086493179361
-0.2725376295498443
-0.9999999999999993
-0.9999999999999996
-0.9999999999999991
-0.9999999999999993
-0.9999999999999991
-0.9999999999999991
-0.9999999999999993
-2.7755575615628914e-16
-1.0661086493179361
-0.9999999999999992
-1.0661086493179361
-0.5400662794919303
-0.7368568629774005
-0.2725376295498443
-0.8075949294340162
-0.9999999999999991
-0.3342607659482939
-1.0661086493179361
-0.9999999999999987
-0.2725376295498443
-0.34327569600646013
-0.9999999999999989
-0.8075949294340162
-0.9999999999999996
-1.0661086493179361
-0.2725376295498443
-0.5400662794919303
-1.0661086493179361
-0.3342607659482939
-0.8075949294340163
-0.5490812095500965
-0.8075949294340162
-0.8075949294340163
-0.9999999999999992
-0.5490812095500964
-0.9999999999999991
-0.7071067811865469
-1.0661086493179361
-0.8075949294340162
-1.0661086493179361
-0.9999999999999993
-0.5400662794919303
-0.9999999999999992
-0.9999999999999993
-0.9999999999999993
-0.5400662794919303
-0.9999999999999989
-0.7368568629774005
-0.9999999999999993
-0.7368568629774005
-0.9999999999999989
-0.9999999999999991
-0.8075949294340163
-0.9999999999999993
-0.9999999999999993
-0.8075949294340163
-0.2725376295498443
-0.2725376295498443
-0.9999999999999993
-1.0661086493179361
-0.5400662794919303
-0.5310513494337641
-0.9999999999999991
-0.2725376295498443
-0.8075949294340162
-0.3342607659482939
-0.9999999999999996
-0.9999999999999993
-0.9999999999999991
-6.661338147750939e-16
-0.8075949294340162
-0.8075949294340162
-0.2725376295498443
-1.0661086493179361
-0.9999999999999991
-0.9999999999999993
-0.5490812095500965
-0.7368568629774005
-0.8075949294340162
-0.8075949294340162
