-1.0495878313249327
-0.5511675119658833
-0.5504987860062271
-1.0523662563832865
-1.0486153511699705
-0.009690935175471982
-0.5526256295671212
-1.0504909532969195
-1.050800225111453
-0.5457359195041821
-0.5488363213325769
-1.0491406670562111
-1.0488426364181096
-0.7964020456334697
-0.7958478016597823
-1.051807328756001
-1.0503472020274367
-0.71497223370499
-0.8029264423666552
-1.0496283518387455
-1.0540002760545215
-0.7989804380761016
-0.7966968986134222
-1.0499912764210615
-1.049290176145277
-1.0508319279822105
-1.042740220981238
-1.0372909552396066
-1.0373999018135982
-1.0336900737784456
-0.7939060017997062
-0.7966334858716967
-1.0494916657549762
-1.0554159569021133
-0.72458631864564
-0.7998222231670226
-1.0474795583808265
-1.0485015295283848
-0.7985354677178288
-0.7986458922864281
-1.0500042038450625
-1.0509791909514754
-1.053681098430527
-0.9772704547419901
-0.9764759146780886
-1.0502033673398796
-1.0521633585659693
-1.0185117831681783
-0.9727320572879604
-1.0565611756235673
-1.0350137054679007
-0.9729006062326495
-0.9757151601915901
-1.0503781469810924
-1.0494032432927538
-1.0483559493836965
-1.0529647761939174
-1.0517479875862896
-1.0515222045412702
-1.0505789445141265
-1.0509589063013896
-0.9755229608867744
-0.9791498466086722
-1.0496697102647414
-1.0509582318023618
-1.020149220328582
-0.9688756821993836
-1.0475546119659411
-1.034207868810334
-0.9789917077133303
-0.9806692240886643
-1.0500020029344037
-1.0492122923596177
-1.0501172709925395
-1.0481464176256807
-1.0283219111125474
-1.0296583383909064
-1.0480453215708971
-1.0481414769327624
-1.048822434376897
-1.0215184926032739
-1.0534415398412322
-1.0407864742369803
-1.0328291689910443
-1.034412435297583
-1.0478987923102225
-1.0521425838306413
-1.0493180230665282
-1.052043448855497
-1.0528526373769078
-1.0464932781037415
-1.0502837232910505
-1.0477652806767213
-1.0522682825694185
-1.0524640047967795
-1.0398076276038442
-1.0492712962798156
-1.0404668099507373
-1.0452939439456557
-1.045214502539644
-1.048575988609553
-1.0499394975225151
-1.052236586698871
-1.050251067666202
-1.0501709829698844
-1.047519758853427
-1.0506646934038617
-1.0533811207132062
-1.0479969989548994
-1.0482995780493964
-1.0352322042817064
-1.0521008429459895
-1.038638623109949
-1.0498567322535002
-1.0524238173099276
-1.0526755524063316
-1.0462630306048486
-1.051610112340403
-1.0493658450198566
-1.0470584225813537
-1.049436802824446
-1.0479681784940387
-1.0554109047902795
-1.0496886213389243
-1.0499078332909138
-1.0430339784252385
-1.053729118798062
-1.0417645975847294
-1.0495601548170468
-1.0512287387683055
-1.0536783064389148
-1.0501385603909568
-1.0524004904140063
-1.0544689835531003
-1.0534354759808573
-1.0497165656786707
-1.0527939044964512
-1.053601604815163
-1.0520798907970859
-1.0447958599063134
-1.0391055815741788
-1.0515662851718883
-1.038740028413406
-1.048398027517862
-1.0509719589296138
-1.0497525939528816
-1.0535579620604343
-1.05050758704258
-1.0475294596178075
-1.0492773079308384
