-1.781810844253197
-0.23958865649985095
-1.3139716251124502
-0.19679863987435053
-1.3661523350745015
-1.791072707095192
-1.3422593890058907
-1.3216406445853812
-1.3191106257249237
-1.350001525567123
-1.3432808846637003
-1.3831365409572476
-1.3170468694273012
-1.3383760767214123
-1.7870064690892329
-1.7824402107437871
-1.3769645328438027
-1.786000798110568
-0.19536499127239215
-1.3182417363235523
-1.7946431862891596
-1.3836454652708665
-1.3755234728600698
-0.1906215555539469
-1.7918290155748762
-1.7879450222982554
-0.7858353855598006
-0.9735771203473051
-1.5141196161347468
-1.6712502359548935
-0.24078396517648076
-1.3065947743789317
-0.19458043021167315
-1.3718155968714856
-1.7929158598035626
-1.3399786507184699
-1.3263713594938837
-1.317008911250079
-1.3372761073956259
-1.3474888881314213
-1.3842175571870006
-1.3175625955758008
-1.3396778031609198
-1.7888095951142748
-1.7908479889385196
-1.376317084661907
-1.7943011070103236
-0.20249178233282605
-1.3106957752302928
-1.796270432716782
-1.377148042418912
-1.3748574124002018
-0.19234822367348847
-1.790817601087767
-1.7854294107087307
-1.0002337496991456
-1.5894265815704838
-1.5536163585306655
-0.9885242309506165
-1.7868573565880461
-1.5756355237105408
-1.7940074840129983
-0.9904881452867973
-1.5648021098912221
-1.5566207253991449
-1.5461062902989808
-1.7869391451454628
-1.5649566138813775
-1.5740338098539206
-1.5758453942322976
-1.0033785360948961
-1.5712270358054305
-1.5753889765695166
-1.5427028337336854
-1.5697932917938666
-1.7865795560647086
-1.7877460106095802
-1.7962283063362237
-1.7811219889621215
-1.5916527600566068
-1.000849754984248
-1.7935123990889732
-0.990120656752935
-1.5645262549801948
-1.549328177774425
-1.7925550346612722
-1.5764605189521608
-1.5882585869853068
-0.9874252569411679
-1.5610579601598658
-1.5933739835914995
-1.561156559542476
-1.7843263924996404
-1.7845533544296013
-1.785074346219308
-1.5567549909005176
-1.718836720000785
-1.71961955196744
-1.5565520801130615
-1.7942122374779501
-1.7164333570768529
-1.7839964201090055
-1.5563230128842818
-1.7182714090566795
-1.7269295759542864
-1.7183793422793379
-1.78915572917856
-1.7251823826780401
-1.7298420308366005
-1.7246215750988947
-1.556698187925269
-1.7270810431625438
-1.7188946684628144
-1.7274723470487314
-1.7230447285190678
-1.7860280768938699
-1.794352108530393
-1.7832592683428845
-1.789297694525918
-1.7233752857454119
-1.5642856324158023
-1.7931781899269859
-1.5468842456038505
-1.7178930104234995
-1.7283452638115677
-1.7844327328219753
-1.7339737406880347
-1.7329657474442208
-1.5626022576292553
-1.727707114155829
-1.7348591380677085
-1.7251519171109484
-1.7892560537028024
-1.7793530197285712
-1.7886279560091611
-1.726669069000183
-1.7771268224401802
-1.7737426275880308
-1.732805933765887
-1.785972594075966
-1.7587201803079595
-1.7820173176671457
-1.741694414742611
-1.7623164270104192
-1.775245473928893
-1.7804382323349497
-1.7896023902786329
-1.7680698992713872
-1.7745777532225624
-1.7793161338501666
-1.73255185965751
-1.7742764648877885
-1.7737153615114107
-1.770461968846371
-1.7749676015136289
-1.798777201087093
-1.7907546833043813
-1.7880357093280836
-1.7848799705090326
-1.7779999965980149
-1.7343263494613266
-1.7864175301507397
-1.7290456833954575
-1.7687227721848677
-1.7670514907231816
-1.7859439073323067
-1.771737397596718
-1.772030235447173
-1.7357394884730537
-1.7703178882326696
-1.772788083291681
-1.7712032831067348
-1.771063036917408
-1.789698508660234
-1.789666596147668
-1.7478289538833034
-1.7772453640148638
-1.7911316323470734
-1.7731823507024962
-1.7381668423931849
-1.7772078331796832
-1.7621297788001393
-1.725309372869464
-1.7881648073923961
-1.7669687911022103
-1.7820952538540997
-1.7266799390362342
-1.7732729915534822
-1.7775216339225297
-1.7820395336219752
-1.789507837220716
-1.7728452815740359
-1.7770632399226196
-1.7736867548179975
-1.7288106088934514
-1.7738783073824274
-1.7694304080639824
-1.7750216326938764
-1.769830902609039
-1.7778299351764084
-1.7851025433123175
-1.785838657908893
-1.7782888988366021
-1.775301919941629
-1.7127309911641528
-1.7889796342906152
-1.7334452410980035
-1.7608622648141354
-1.7672339290820864
-1.7854445871649576
-1.7738626819745562
-1.7718673145879622
-1.7305679733669512
-1.7651268554991384
-1.7785530459247882
-1.7811693414133927
-1.7872800143113396
-1.78434768681618
-1.7808516658142448
-1.7777357244789602
-1.7892862124326103
-1.7920766691766736
-1.7698058714165046
-1.7852929628702048
-1.7849411000662931
-1.7922401660948672
-1.773186253679808
-1.7814157409861893
-1.7854469428510362
-1.7801560667291176
-1.7899417772073156
-1.7814979636402564
-1.7750031484182323
-1.789780920845827
-1.7685208764831177
-1.7750212150113112
-1.7897557678219775
-1.7790887489344307
-1.7870678504752977
-1.783365985855435
-1.7845158815268354
-1.7877302715673469
-1.7851209679667464
-1.7752539552362363
-1.7713864976282192
-1.7912218770699915
-1.767111307986151
-1.7786604069012728
-1.7871139826048794
-1.7845711542230733
-1.7796303112045566
-1.7825659026995906
-1.7732520925067397
-1.7851272556716107
-1.7872579159652877
-1.786778461160367
-1.7863052597777085
-1.7931441431618498
-1.7841270949010943
-1.7827333423030094
-1.7968206235207633
-1.7977214129185204
-1.7800899094645077
-1.7942479946347794
-1.7814439745283321
-1.792023667949398
-1.7853330134605643
-1.7883435237768512
-1.7877204433163016
-1.7892987574219874
-1.7895673204068205
-1.77804143033459
-1.785027206373118
-1.7788972385727715
-1.7921415201659947
-1.7891545264827626
-1.7965158715868004
-1.7915336819259748
-1.7978715931927642
-1.7973955315846821
-1.7838861610519223
-1.7901749587617588
-1.7973941934405517
-1.7849146413103825
-1.7859511703937496
-1.7853331682416111
-1.781790214315314
-1.7899159745160456
-1.7890955103459139
-1.793052196978932
-1.788868642790056
-1.7868893625673856
-1.7868730109563997
-1.7865374162580214
-1.7891583582342347
-1.7834706804947902
-1.7816679435637246
-1.7822752663118235
-1.7849283110842329
-1.7867661122719198
-1.7941316450649152
-1.7933721411416745
-1.7867834239382026
-1.7863825650768517
-1.7803916509054667
-1.7918131083212103
-1.7861965124140822
-1.7884598879658
-1.792146123141178
-1.7916564422599748
-1.7858993006774035
-1.788635846933973
-1.7895932397429766
-1.787105863235357
-1.7866118686826231
-1.78499982379403
-1.7796513622770362
-1.7786347620484029
-1.7884909405147165
-1.7934244004089877
-1.781887580348605
-1.7907011107963253
-1.7926590885237066
-1.790999519396271
-1.7799503279817976
-1.7877813653817
-1.7821339178747406
-1.7918787670385345
-1.7968781660150643
-1.7847372465661089
-1.7889623357273905
-1.7855105173990378
-1.7820585206605253
-1.791489378269175
-1.7861407735027897
-1.7863437373411077
-1.7968604373100283
-1.7850786122594853
-1.7899932022405804
-1.7869710254553133
-1.7898154129236952
-1.782512139348846
-1.787257424165217
-1.7869063816272135
-1.777440521394814
-1.7911548570153468
-1.7884652772522207
-1.7857946577423256
-1.7863700713279047
-1.7811453619202309
-1.7858030407956182
-1.7839950371606677
-1.7901147159604618
-1.7793127946821163
-1.7876738389904043
-1.7905902014691124
-1.7895851818233135
-1.7872378984227386
-1.7874259195177369
-1.7886362428677722
-1.7827058990307671
-1.780344874089029
-1.7850371301492625
-1.7876590032767028
-1.7865361265954793
-1.7902645361535787
-1.7875680038574737
-1.7837203536395438
-1.7882243751528486
-1.7936707691168374
-1.7915728419155763
-1.7881364623438512
-1.7866611771531171
-1.7817599101532478
-1.7837543758309446
-1.7945387650435123
-1.7868223615672822
-1.7883130429756593
-1.793285183817965
