-1.4917644873002383
-0.433344466151256
-0.43334446615125577
-0.7860394437627514
-0.707106781186547
-0.7743480372904068
-0.7587821139643658
-0.7984085399572326
-0.7155660025596376
-0.43334446615125577
-0.7275957726536071
-0.4284682884621931
-0.4284676923086359
-0.7396255427475766
-0.43334446615125577
-0.7587821139643659
-0.433344466151256
-0.9999999999999993
-0.7275957726536071
-0.495715781833166
-1.021847079155958
-0.7275957726536071
-1.021847079155958
-1.026723575731772
-0.37097178352973836
-0.7155660025596376
-1.026723575731772
-0.6964099761792488
-0.42846769230863535
-0.42846769230863535
-1.0218473564227646
-0.7587821139643658
-0.6376279113518761
-1.0218470791559582
-0.9999999999999992
-0.7001707049250324
-0.4284679695754421
-0.7275957726536071
-0.7275957726536071
-1.026723575731772
-0.7071067811865469
-0.7275957726536071
-0.7155660025596376
-0.7984081524113498
-1.0218470791559584
-0.7587815691279653
-1.7333016504126246
-1.0218473564227648
-0.43334446615125577
-0.7587821139643659
-0.7743477600236004
-1.0218470791559584
-0.7860394437627515
-0.7275957726536071
-0.7275957726536071
-0.7275957726536071
-1.0267235757317719
-1.0267235757317719
-0.7910833593820035
-0.4955494108425842
-0.4284679695754421
-0.7071067811865469
-0.404408429387503
-0.495715781833166
-0.7275957726536071
-0.6964099761792488
-0.7708118840583355
-0.7275957726536071
-0.4284682468422484
-0.7275957726536071
-0.4999999999999992
-0.404408429387503
-1.4971509356679995
-1.4971512815939372
-0.7587815691279653
-0.7155660025596375
-0.7191549858445808
-0.8173935230036994
-0.7743480372904068
-0.45252750976338135
-0.7587815691279653
-0.06828039234527938
-0.4214856406354732
-1.1442882201263143
-0.6964094313428483
-1.026723575731772
-1.0267235757317719
-0.7792525135768437
-1.0218470791559582
-0.9999999999999986
-0.7275957726536071
-0.6964099761792488
-0.7275957726536071
-0.7275957726536071
-0.7587821139643659
-0.7587821139643659
-0.42846824684224827
-1.143946074923688
-0.19302575758831453
-0.7275957726536071
-0.3709725959357331
-0.05154415521337441
-0.7275957726536071
-0.7275957726536071
-0.40440842938750327
-0.707106781186547
-0.8484115815478687
-1.026723575731772
-0.7275957726536071
-0.43334446615125577
-0.4284676923086359
-0.7587815691279653
-1.0218470791559582
-1.0322780313658249
-0.7275957726536071
-0.6691521015444626
-0.7396255427475766
-0.7396260875839771
-0.07560557292050851
-0.6688137379228378
-1.6152264660032811
-1.1272104339453406
-0.7155660025596375
-0.7587821139643658
-0.6377980223035148
-0.7275957726536071
-0.7708113392219349
-0.7275957726536071
-1.4971512815939372
-0.6964099761792488
-0.7155660025596376
-0.7984085399572324
-0.42846824684224827
-0.495884886702963
-0.7860394437627518
-0.7275957726536071
-0.48351617805436425
-0.7984085399572323
-0.07560557292050851
-0.495715781833166
-0.43334446615125577
-0.07089649538813281
-0.7155660025596375
-1.0218470791559584
-1.0267235757317719
-0.7275957726536071
-1.0218470791559584
-0.6689843636142736
-1.0218470791559582
-1.026723575731772
-1.026723575731772
-0.7275957726536071
-0.9999999999999989
-0.791083359382003
-0.4284679695754421
-1.0218470791559584
-0.45252750976338135
-0.4284676506886913
-0.7550208403821818
-0.7587815691279653
-0.7467517990339959
-1.026723575731772
-0.6689843636142736
-0.7623182671964374
-0.404407854454499
-0.42846769230863535
-1.1442882201263145
-0.4957171487727732
-0.7743480372904068
-0.7084397462732183
-0.7899679104387242
-0.7984081524113498
-0.7396255427475766
-0.43822068546026327
-0.6964094313428483
-1.0218473564227646
-0.6964094313428484
-0.428467394642438
-0.4284679695754423
-0.4044074669086165
-0.7275957726536071
-0.6652236348684901
-1.0218470791559582
-0.433344466151256
-1.144288607672197
-0.6447536228018947
-0.7396255427475766
-0.4284679695754423
-0.9047919990074802
-0.7863778073843763
-0.8924232903588817
-1.026723575731772
-0.4284679695754421
-0.7071067811865465
-1.0218470791559582
-0.7275957726536071
-0.9164837243665762
-0.9999999999999992
-0.7743483145572131
-0.7275957726536071
-0.9164836827466315
-0.7275957726536071
-0.7743483145572131
-0.7587821139643658
-0.6689846825010246
-0.433344466151256
-0.7275957726536071
-0.7275957726536071
-0.8416242638160782
-0.8924232903588818
-0.7396255427475766
-0.6688137379228378
-0.40440842938750327
-0.7740058234286488
-0.4333441888844495
-0.7587821139643659
-1.0218473564227646
-0.7275957726536071
-1.0275766484950823
-0.7396255427475765
-0.7862068628061896
-0.7155660025596376
-0.6377980223035148
-0.7396255427475766
-1.0267235757317719
-1.0267235757317719
-0.7587815691279653
-0.7084397462732184
-0.7071067811865474
-0.4214856406354732
-0.7275957726536071
-0.8416242638160782
-0.4333441888844496
-0.7275957726536071
-0.4284676923086359
-0.7275957726536071
-0.7071067811865469
-1.0218473564227648
-0.433344466151256
-0.7275957726536071
-0.7275957726536071
-0.6808435080168074
-0.7275957726536071
-0.6843796612488787
-0.7396260875839772
-1.026723575731772
-0.433344466151256
-0.8484117388383866
-0.7275957726536071
-1.0218473564227646
-0.6689846825010246
-0.05154458437920173
-1.0267235757317719
-0.7275957726536071
-0.6688137379228378
-0.7779381403447546
-0.8053908002380697
-1.0218470791559584
-1.0218470791559584
-0.7396255427475765
-0.4333441888844495
-0.7587821139643658
-0.433344466151256
-1.026723575731772
-0.7587821139643658
-0.7275957726536071
-0.7813303662303761
-0.4284679695754421
-0.45252750976338135
-0.7961273166211995
-0.7275957726536071
-0.4284682468422484
-0.7275957726536071
-0.404407854454499
-0.4333441888844496
-0.7587815691279653
-0.7984085399572322
-0.7071067811865468
-0.43334446615125577
-0.7587815691279653
-0.7396255427475766
-0.7587821139643659
-0.4333441888844496
-1.0218473564227646
-0.7275957726536071
-0.075604976766951
-0.6932116417324017
-0.7779381403447546
-0.7587821139643659
-0.9999999999999991
-0.6843796612488787
-0.7587815691279653
-0.7275957726536071
-1.026723575731772
-1.0218470791559584
-0.6964099761792488
-1.615226466003281
-1.0218473564227646
-1.026723575731772
-0.4333441888844495
-1.615226466003281
-0.6689843636142736
-0.38317275424814773
-0.7275957726536071
-0.7587821139643659
-0.4284679695754423
-0.4333441888844496
-0.7275957726536071
-1.026723575731772
-0.7587821139643658
-0.43822068546026327
-0.7813303662303757
-0.7275957726536071
-0.07560557292050851
-0.9047919990074802
-0.6447532352560122
-0.7275957726536071
-1.1389021176844916
-0.7275957726536071
-0.9091585437913471
-1.0218470791559584
-0.7587821139643659
-0.6964094313428483
-1.0267235757317719
-0.7275957726536071
-0.7275957726536071
-0.44520333328698325
-1.615226466003281
-1.3877787807814463e-17
-0.6379663050701043
-0.7863778073843762
-0.7275957726536071
-0.7587821139643659
-0.4382206854602636
-1.0218470791559582
-0.7743480372904068
-0.7743477600236005
-0.428467394642438
-0.7275957726536071
-0.433344466151256
-0.6255970515851056
-1.0218473564227648
-0.7396255427475766
-0.9164836827466315
-1.0218473564227648
-0.4284679695754423
-1.0218470791559582
-0.7155660025596376
-0.6377980223035148
-0.09234061774529878
-0.37097178352973836
-0.7275957726536071
-0.7708113392219349
-1.026723575731772
-0.6964099761792488
-1.0218470791559582
-0.7275957726536071
-0.47658762488432416
-0.428467394642438
-0.6964094313428484
-0.7587815691279653
-0.7550210663318313
-0.7467523438703965
-0.7275957726536071
-0.6964099761792488
-0.7899679104387242
-0.7001704789753829
-0.7275957726536071
-0.7275957726536071
-0.7548531024519927
-0.7587821139643659
-0.7084392014368177
-1.1389021176844918
-0.7396255427475766
-0.4284682468422484
-0.433344466151256
-1.1272104339453404
-0.4284679695754421
-0.6964099761792488
-1.0218470791559584
-0.07560557292050851
-0.9999999999999997
-0.4284679695754421
-0.7813303662303757
-1.026723575731772
-1.5025373840357599
-0.7275957726536071
-0.4284670070965557
-1.0218473564227648
-1.2623637920815407
-0.7275957726536071
-0.7587821139643659
-0.43351160792788757
-0.7275957726536071
-1.2674077077007924
-1.143946074923688
-0.7275957726536071
-1.0267235757317719
-0.7708113392219349
-0.4957171487727732
-0.7984085399572326
-0.7587821139643659
-0.8173935230036993
-0.7672218111005911
-0.49571714877277356
-0.9999999999999992
-0.7396249979111761
-0.7275957726536071
-0.4333441888844496
-0.43334446615125577
-0.3709725959357331
-0.7860394437627515
-0.7275957726536071
-0.7587815691279653
-0.4382206854602636
-1.144288607672197
-0.7155660025596376
-0.433344466151256
-0.7275957726536071
-0.7275957726536071
-0.7863783823173803
-0.4284679695754423
-0.7155660025596375
-1.0218473564227646
-0.7467523438703962
-0.43334446615125577
-0.7275957726536071
-0.06828039234527938
-0.6964099761792488
-0.4284679695754421
-0.9999999999999996
-0.06828022535754918
-0.7155660025596376
-1.0267235757317719
-0.7084397462732183
-0.7275957726536071
-0.7275957726536071
-0.6688137379228379
-0.433344466151256
-1.0218470791559584
-0.7863778073843762
-1.0267235757317719
-0.6964094313428484
-0.7860394437627514
-0.7275957726536071
-1.615226466003281
-1.2623637920815407
-1.026723575731772
-1.0267235757317719
-0.7984081524113499
-1.0267235757317719
-1.026723575731772
-0.4284676923086359
-1.0218473564227646
-0.6964094313428483
-0.40440842938750327
-0.7743480372904068
-0.7708113392219348
-0.7275957726536071
-0.7155660025596375
-0.7071067811865474
-0.4284679695754421
-1.026723575731772
-0.6377988860266663
-0.7155660025596376
-0.7587815691279653
-0.7587821139643659
-0.8173935230036994
-0.7708118840583353
-0.7587821139643659
-1.0218470791559584
-1.1512708679530346
-0.7275957726536071
-0.7587821139643659
-0.7396255427475765
-0.4333441888844496
-0.9999999999999993
-0.7275957726536071
-0.4333441888844496
-0.7275957726536071
-0.4284679695754421
-1.497150935667999
-0.7275957726536071
-0.6964099761792488
-0.4044084293875031
-0.6964094313428483
-0.4957171487727735
-0.7743477600236005
-0.7396260875839771
-0.6067799637593456
-1.1272110300988978
-0.7396255427475766
-0.6964099761792488
-0.6964094313428484
-0.6964094313428483
-0.6964094313428483
-0.637626978969593
-0.7626560346645047
-0.433344466151256
-0.4284679695754421
-0.7548531024519927
-1.7333016504126246
-1.974838813525011
-0.7743480372904068
-0.4284676506886911
-1.7386880987803854
-0.7275957726536071
-0.6255972088756235
-0.42846769230863535
-1.6152264660032811
-0.7860394437627515
-0.7587821139643659
-1.0275766484950823
-0.8924234989665568
-1.974838813525011
-0.1043671811912702
-0.6377980223035148
-1.7333016504126249
-1.6152264660032811
-1.974838813525011
-1.4917644873002387
-0.7914259337504569
-0.8924234989665568
-0.7003384428552215
-1.0267235757317719
-1.0275762193292548
-1.4917651791521143
-1.6152264660032811
-1.0218470791559584
-1.6152264660032811
-1.974838813525011
-1.7386880987803852
-1.0218473564227646
-1.7333016504126249
-1.7386880987803852
-0.7623182671964374
-1.5025373840357603
-0.08031362513349982
-1.7386880987803854
-1.0275762193292548
-1.7386880987803852
-1.974838813525011
-1.974838813525011
-0.421485640635473
-1.4917644873002387
-0.7572711245297963
-1.974838813525011
-0.07560557292050851
-1.4971509356679995
-1.5025373840357603
-1.7333019963385625
-0.79840815241135
-1.0275762193292548
-1.2623637920815407
-1.7333016504126249
-1.974838813525011
-1.974838813525011
-1.4917651791521143
-1.0275762193292548
-1.7333019963385625
-1.974838813525011
-1.974838813525011
-1.7386880987803854
-1.7333016504126246
-1.7333016504126249
-0.6964099761792488
-1.245285618354684
-1.7333016504126249
-1.974838813525011
-0.7155660025596375
-0.7743477600236004
-1.7386880987803852
-1.974838813525011
-1.4917644873002387
-1.4917651791521143
-1.026723575731772
-1.974838813525011
-1.7333019963385625
-1.4917651791521143
-1.2674077077007924
-1.0275762193292548
-1.7333016504126246
-0.7672227434828741
-1.7386880987803854
-1.4917648332261766
-1.7333016504126249
-1.7386880987803854
-1.974838813525011
-0.06828039234527938
-1.7333019963385625
-1.7333016504126249
-0.4284679695754421
-0.9999999999999989
-1.7333019963385625
-1.7333019963385625
-1.4917648332261766
-1.262363750461596
-1.7333016504126246
-1.7333019963385625
-1.0267235757317719
-1.7333016504126246
-1.7386880987803852
-1.7333019963385625
-1.2623637504615959
-1.6152264660032811
-1.7333019963385625
-1.7333016504126246
-0.6964094313428483
-1.7333019963385625
-1.974838813525011
-0.4214850444819158
-1.7333019963385625
-0.4284682468422484
-0.433344466151256
-1.0218470791559584
-1.974838813525011
-1.7333016504126246
-1.7333016504126246
-0.7396249979111761
-1.7333016504126246
-1.6152264660032811
-1.0218470791559584
-1.7333019963385625
-1.5025373840357603
-1.2623637504615959
-1.4917644873002383
-1.026723575731772
-1.7333019963385625
-1.026723575731772
-1.974838813525011
-1.6152264660032811
-0.7743477600236004
-1.269346398288316
-1.974838813525011
-0.7275957726536071
-0.6928732781107768
-1.245285618354684
-0.7743477600236004
-0.7071067811865466
-1.0267235757317719
-0.8053908002380697
-1.4917651791521143
-0.7275957726536071
-1.491765179152114
-1.021847079155958
-1.974838813525011
-0.7275957726536071
-1.0218470791559582
-1.974838813525011
-1.7333016504126246
-1.0218473564227648
-0.433344466151256
-0.6377988860266663
-0.6964099761792488
-0.433344466151256
-0.6688137379228378
-0.7587815691279653
-0.49571714877277356
-1.974838813525011
-1.974838813525011
-0.4333441888844495
-1.6152264660032811
-0.6964099761792488
-1.7333016504126249
-1.7333019963385625
-0.3709717835297384
-1.6152264660032811
-0.08501543717006976
-1.4917651791521143
-1.7333016504126249
-1.0267235757317719
-1.2674077077007924
-1.2674077077007924
-1.4917644873002387
-1.4971512815939372
-1.0267235757317719
-1.5025373840357603
-0.5079174589842089
-0.4333441888844496
-0.7743483145572132
-0.8053908002380701
-0.7275963174900077
-1.974838813525011
-0.8924232903588819
-0.7862068628061896
-1.6152264660032811
-0.9164836827466314
-1.0218473564227646
-1.7386880987803854
-0.7914259337504569
-0.7984085399572322
-1.7333019963385625
-0.7275957726536071
-1.2623637920815407
-1.269346398288316
-1.974838813525011
-1.0218473564227648
-0.4044084293875031
-1.2674077077007924
-0.404408429387503
-1.4917644873002383
-1.974838813525011
-1.4917644873002387
-0.051545347520489115
-1.0267235757317719
-1.974838813525011
-0.42846769230863535
-1.7333016504126246
-1.2623637920815407
-1.6152264660032811
-1.7386880987803854
-1.5025373840357603
-1.026723575731772
-0.7587815691279653
-0.7275957726536071
-0.06828039234527938
-1.269346398288316
-1.2452865604341794
-1.7333016504126246
-1.7386880987803854
-1.7386880987803854
-1.974838813525011
-1.0218470791559584
-1.0267235757317719
-1.7333016504126249
-0.4958832008766041
-1.0267235757317719
-1.026723575731772
-1.7386880987803854
-1.6152264660032811
-0.44520329166703876
-0.7623182671964372
-1.974838813525011
-1.7333016504126246
-1.974838813525011
-1.0218473564227646
-1.974838813525011
-0.433344466151256
-0.45252750976338135
-0.7587821139643659
-1.7333016504126249
-1.0218470791559582
-1.615226466003281
-1.2452865604341794
-0.42846769230863535
-1.026723575731772
-1.0267235757317719
-1.4917648332261766
-0.7910833593820035
-1.0218470791559582
-0.7984085399572318
-0.7862071816929406
-0.433344466151256
-0.7587821139643659
-1.974838813525011
-0.7860394853826959
-1.6152264660032811
-1.974838813525011
-1.7333016504126246
-1.615226466003281
-0.08031405429932714
-1.6152264660032811
-1.6152264660032811
-1.6152264660032811
-1.7386880987803854
-0.7813309623839333
-1.5025373840357603
-1.0218470791559584
-0.7860394437627515
-1.026723575731772
-0.7792525135768437
-1.262363750461596
-1.0218470791559582
-0.7550208403821818
-1.974838813525011
-1.0218473564227646
-1.0267235757317719
-1.7333016504126246
-1.6152264660032811
-1.1272104339453404
-0.43351220408144475
-0.7155660025596376
-1.7333016504126249
-0.7275957726536071
-0.7984085399572326
-1.0469279633504558
-0.06828039234527938
-1.245285618354684
-1.6152264660032811
-0.4284679695754423
-1.245285618354684
-0.9999999999999992
-1.0267235757317719
-1.2623637920815407
-0.7155660025596376
-0.7984085399572326
-0.7155660025596375
-1.2623637920815407
-1.7333019963385625
-1.974838813525011
-1.7333016504126246
-1.021847079155958
-1.2623637920815407
-1.144288607672197
-1.0218473564227646
-0.6843802060852794
-1.0218470791559584
-1.4917644873002383
-0.7914259337504569
-1.4971509356679995
-1.4971512815939372
-0.02277706990747841
-0.7275957726536071
-1.7333016504126246
-1.7333016504126246
-1.0218470791559582
-1.974838813525011
-1.245285618354684
-0.7275957726536071
-0.7155660025596375
-1.2452865604341794
-1.974838813525011
-0.7984085399572322
-0.7860394021428065
-1.2623637920815407
-1.2623637504615959
-1.0275766484950823
-0.7467517990339959
-0.7275957726536071
-0.43334446615125577
-1.4917644873002383
-1.0218470791559582
-1.974838813525011
-0.7550208403821818
-0.6688137379228378
-1.7333016504126246
-1.269346398288316
-1.026723575731772
-0.7275957726536071
-1.7333019963385625
-1.7333016504126246
-1.269346398288316
-0.4284679695754423
-0.7275957726536071
-1.6152264660032811
-1.7386880987803854
-1.0218470791559584
-0.4284676923086359
-0.3709717835297384
-0.8053911461640074
-0.6964094313428483
-1.7333016504126246
-0.6964094313428483
-1.6152264660032811
-1.6152264660032811
-0.3535533905932734
-1.974838813525011
-1.974838813525011
-1.7333016504126249
-1.615226466003281
-0.7572695862967436
-1.7333016504126246
-0.7572695862967436
-0.7743480372904068
-0.49571714877277356
-1.0267235757317719
-0.6964099761792488
-0.8924234989665568
-1.0218470791559584
-1.245285618354684
-0.8924234989665568
-1.245285618354684
-0.421485640635473
-0.7275957726536071
-0.7084397462732184
-0.0897172492066397
-1.974838813525011
-1.245285618354684
-0.8924234989665568
-0.42846824684224827
-0.7910833593820035
-1.974838813525011
-1.4917644873002383
-1.0218470791559582
-1.269346398288316
-1.6152264660032811
-1.7333016504126246
-1.7333016504126249
-0.8053908002380694
-1.7333019963385625
-0.7860394437627514
-1.7386880987803854
-0.6964094313428483
-1.974838813525011
-1.245285618354684
-0.42846769230863535
-1.021847079155958
-1.4917648332261764
-0.4333441888844496
-0.7572695862967439
-0.7155660025596376
-1.269346398288316
-0.9999999999999987
-0.4382206854602636
-0.45252808469638517
-0.7001704789753829
-1.1272110300988978
-1.6152264660032811
-1.0267235757317719
-1.0218470791559584
-0.7572695862967439
-1.4917644873002383
-0.7572695862967436
-0.43334446615125577
-1.974838813525011
-1.0218473564227648
-1.974838813525011
-1.974838813525011
-1.0218470791559582
-0.4284679695754423
-1.7333019963385625
-0.06828039234527938
-1.7333019963385625
-1.2452865604341794
-1.7333016504126246
-1.974838813525011
-1.7386880987803854
-1.974838813525011
-1.5025373840357603
-1.6152264660032811
-1.4971512815939372
-1.7333016504126246
-0.7587821139643658
-1.2623637920815407
-0.8924232903588819
-1.0218470791559582
-1.974838813525011
-1.974838813525011
-1.245285618354684
-0.9999999999999993
-1.6152264660032811
-1.974838813525011
-0.4284679695754421
-1.2623637504615959
-1.7333016504126246
-0.7572695862967439
-1.026723575731772
-1.974838813525011
-1.4971509356679995
-0.4333441888844496
-0.37097259593573295
-1.7333016504126249
-0.4333441888844496
-1.615226466003281
-0.6567830053499818
-1.2623637920815407
-1.7333016504126246
-1.974838813525011
-1.4917644873002387
-1.2623637920815407
-0.7071067811865472
-1.615226466003281
-1.7333019963385625
-0.7708113392219349
-1.615226466003281
-1.615226466003281
-1.7333016504126249
-1.7386880987803854
-0.7396260875839772
-1.021847079155958
-1.0218470791559584
-1.974838813525011
-1.7333016504126246
-1.262363750461596
-0.8484114242573506
-1.974838813525011
-1.4917644873002383
-1.974838813525011
-1.2623637920815407
-1.269346398288316
-0.6964099761792488
-1.0218470791559584
-0.7984085399572325
-1.046927963350456
-0.8053908002380701
-0.08031405429932714
-1.7333016504126249
-1.7333016504126246
-1.269346398288316
-1.7333016504126246
-1.6152264660032811
-1.7386880987803854
-0.7275957726536071
-1.4917644873002383
-1.615226466003281
-0.7275957726536071
-1.7386880987803854
-1.7333016504126246
-1.245285618354684
-1.2452865604341794
