-1.0520607328916733
-0.5452005516036271
-0.5488982528718136
-1.046867815897942
-1.0530615640535492
-0.01484713539554422
-0.547819861173372
-1.054328538938319
-1.0535312138830155
-0.5483520366766858
-0.5457178327110978
-1.0486012103753408
-1.0526017714014082
-0.794338580028362
-0.7951965469886335
-1.0510194678419398
-1.0524757736220494
-0.3579095129715592
-0.802445203903152
-1.051844445196618
-1.0450212220686328
-0.7974480567542448
-0.8014208264305184
-1.0537309754589965
-1.05210059611476
-1.056052139025172
-1.049390712327829
-1.052437568645691
-1.0524641569871716
-1.0531472849424437
-0.7986483886604516
-0.7988185856437781
-1.0519576827574604
-1.0523339032220131
-0.35064951483868123
-0.7975036397622808
-1.0517140175951005
-1.0500772545643886
-0.8043828238259567
-0.7917659601444058
-1.0470606617009446
-1.0525835036175313
-1.0498485056913984
-0.9700043261696281
-0.9738787155799782
-1.0498629837355422
-1.049423580152192
-0.8857213452558759
-0.9771457189653953
-1.0523590173612147
-1.0408650153133656
-0.9774163441353519
-0.9715899815929406
-1.0522083643191738
-1.054068500861949
-1.0537231001468288
-1.0250227494028459
-1.0292698300003293
-1.0541413465361948
-1.0514571679694193
-0.9953847210995193
-1.0216296788813046
-1.0515042007969242
-1.0378103531009897
-1.0308402388849687
-1.0285130324590488
-1.0506959928153328
-1.0465877540031356
-1.052958819960128
-1.0437106044291342
-1.0480547095093875
-1.0498899405352584
-1.052063802923237
-1.0342256015149391
-1.034194291310929
-1.0496591403794562
-1.0372827388855959
-1.048068527054924
-1.0471281354372564
-1.0502287283103109
-1.053835301381282
-1.0517897144705213
-1.0506191589871474
-1.0467617963585407
-1.0512948218746367
-1.0483015941160454
-1.037277214111934
-1.039206462006455
-1.0526630074409866
-1.0436628833172936
-1.0483748362493677
-1.0518927958134563
-1.0463333903282743
-1.0545231789848128
-1.054093315960569
-1.0491639799517116
-1.0499477240846171
-1.0520512649581022
-1.0538205000880447
-1.0398362118109028
-1.040939404607544
-1.050890010572151
-1.0362977417661294
-1.0497040869230982
-1.0498485126916086
-1.0497370101646948
-1.0494163965473537
-1.05099217379271
-1.0521225670124155
-1.0482702667037336
-1.0494132290972957
-1.0526300147817362
-1.0389206702929064
-1.0447248951015138
-1.0556718921977477
-1.0390320371923936
-1.0549287239958887
-1.053211274764702
-1.054462259194118
-1.051298646615421
-1.0563523011562783
-1.0495237198756682
-1.0509044294067325
-1.048961409175817
-1.0472559692462555
-1.0503521497205655
-1.0483361341875574
-1.054838876117747
-1.0514917532500736
-1.0432738188468138
-1.04204775751194
-1.052605237892048
-1.0371793622944083
-1.05467396765428
-1.048132315039983
-1.0562549496320859
-1.0576320190512638
-1.0509330934546484
