0.0,0.0,0.0,0.0,0.0,0.0,0.0,0.0,0.0,0.0,0.0,0.0
3.141592653589793,0.0,0.0,0.0,0.0,0.0,0.0,0.0,0.0,0.0,0.0,0.0
0.0,3.141592653589793,0.0,0.0,0.0,0.0,0.0,0.0,0.0,0.0,0.0,0.0
0.0,0.0,3.141592653589793,0.0,0.0,0.0,0.0,0.0,0.0,0.0,0.0,0.0
0.0,0.0,0.0,3.141592653589793,0.0,0.0,0.0,0.0,0.0,0.0,0.0,0.0
0.0,0.0,0.0,0.0,3.141592653589793,0.0,0.0,0.0,0.0,0.0,0.0,0.0
0.0,0.0,0.0,0.0,0.0,3.141592653589793,0.0,0.0,0.0,0.0,0.0,0.0
0.0,0.0,0.0,0.0,0.0,0.0,3.141592653589793,0.0,0.0,0.0,0.0,0.0
0.0,0.0,0.0,0.0,0.0,0.0,0.0,3.141592653589793,0.0,0.0,0.0,0.0
0.0,0.0,0.0,0.0,0.0,0.0,0.0,0.0,3.141592653589793,0.0,0.0,0.0
0.0,0.0,0.0,0.0,0.0,0.0,0.0,0.0,0.0,3.141592653589793,0.0,0.0
0.0,0.0,0.0,0.0,0.0,0.0,0.0,0.0,0.0,0.0,3.141592653589793,0.0
0.0,0.0,0.0,0.0,0.0,0.0,0.0,0.0,0.0,0.0,0.0,3.141592653589793
1.5707963267948966,0.0,0.0,0.0,0.0,0.0,3.141592653589793,0.0,0.0,0.0,0.0,0.0
0.0,1.5707963267948966,0.0,0.0,0.0,0.0,3.141592653589793,0.0,0.0,0.0,0.0,0.0
0.0,0.0,1.5707963267948966,0.0,0.0,0.0,3.141592653589793,0.0,0.0,0.0,0.0,0.0
0.0,0.0,0.0,1.5707963267948966,0.0,0.0,3.141592653589793,0.0,0.0,0.0,0.0,0.0
0.0,0.0,0.0,0.0,1.5707963267948966,0.0,3.141592653589793,0.0,0.0,0.0,0.0,0.0
0.0,0.0,0.0,0.0,0.0,1.5707963267948966,3.141592653589793,0.0,0.0,0.0,0.0,0.0
0.0,0.0,0.0,0.0,0.0,0.0,4.71238898038469,0.0,0.0,0.0,0.0,0.0
0.0,0.0,0.0,0.0,0.0,0.0,3.141592653589793,1.5707963267948966,0.0,0.0,0.0,0.0
0.0,0.0,0.0,0.0,0.0,0.0,3.141592653589793,0.0,1.5707963267948966,0.0,0.0,0.0
0.0,0.0,0.0,0.0,0.0,0.0,3.141592653589793,0.0,0.0,1.5707963267948966,0.0,0.0
0.0,0.0,0.0,0.0,0.0,0.0,3.141592653589793,0.0,0.0,0.0,1.5707963267948966,0.0
0.0,0.0,0.0,0.0,0.0,0.0,3.141592653589793,0.0,0.0,0.0,0.0,1.5707963267948966
0.0,0.0,0.0,0.0,0.0,0.0,1.5707963267948966,0.0,0.0,0.0,0.0,0.0
0.0,0.0,0.0,0.0,0.0,0.0,3.1049470303480478,0.0,0.0,0.0,0.0,0.0
0.0,0.0,0.0,0.0,0.0,0.0,3.1232698419689204,0.0,0.0,0.0,0.0,0.0
0.0,0.0,0.0,0.0,0.0,0.0,3.132431247779357,0.0,0.0,0.0,0.0,0.0
0.0,0.0,0.0,0.0,0.0,0.0,3.137011950684575,0.0,0.0,0.0,0.0,0.0
1.5707963267948966,0.0,0.0,0.0,0.0,0.0,3.141592653589793,0.0,0.0,0.0,0.0,0.0
0.0,1.5707963267948966,0.0,0.0,0.0,0.0,3.141592653589793,0.0,0.0,0.0,0.0,0.0
0.0,0.0,1.5707963267948966,0.0,0.0,0.0,3.141592653589793,0.0,0.0,0.0,0.0,0.0
0.0,0.0,0.0,1.5707963267948966,0.0,0.0,3.141592653589793,0.0,0.0,0.0,0.0,0.0
0.0,0.0,0.0,0.0,1.5707963267948966,0.0,3.141592653589793,0.0,0.0,0.0,0.0,0.0
0.0,0.0,0.0,0.0,0.0,1.5707963267948966,3.141592653589793,0.0,0.0,0.0,0.0,0.0
0.0,0.0,0.0,0.0,0.0,0.0,4.71238898038469,0.0,0.0,0.0,0.0,0.0
0.0,0.0,0.0,0.0,0.0,0.0,3.141592653589793,1.5707963267948966,0.0,0.0,0.0,0.0
0.0,0.0,0.0,0.0,0.0,0.0,3.141592653589793,0.0,1.5707963267948966,0.0,0.0,0.0
0.0,0.0,0.0,0.0,0.0,0.0,3.141592653589793,0.0,0.0,1.5707963267948966,0.0,0.0
0.0,0.0,0.0,0.0,0.0,0.0,3.141592653589793,0.0,0.0,0.0,1.5707963267948966,0.0
0.0,0.0,0.0,0.0,0.0,0.0,3.141592653589793,0.0,0.0,0.0,0.0,1.5707963267948966
0.0,0.0,0.0,0.0,0.0,0.0,1.5707963267948966,0.0,0.0,0.0,0.0,0.0
0.7853981633974483,0.0,0.0,0.0,0.0,0.0,1.5707963267948966,0.0,0.0,0.0,0.0,0.0
0.0,0.7853981633974483,0.0,0.0,0.0,0.0,1.5707963267948966,0.0,0.0,0.0,0.0,0.0
0.0,0.0,0.7853981633974483,0.0,0.0,0.0,1.5707963267948966,0.0,0.0,0.0,0.0,0.0
0.0,0.0,0.0,0.7853981633974483,0.0,0.0,1.5707963267948966,0.0,0.0,0.0,0.0,0.0
0.0,0.0,0.0,0.0,0.7853981633974483,0.0,1.5707963267948966,0.0,0.0,0.0,0.0,0.0
0.0,0.0,0.0,0.0,0.0,0.7853981633974483,1.5707963267948966,0.0,0.0,0.0,0.0,0.0
0.0,0.0,0.0,0.0,0.0,0.0,2.356194490192345,0.0,0.0,0.0,0.0,0.0
0.0,0.0,0.0,0.0,0.0,0.0,1.5707963267948966,0.7853981633974483,0.0,0.0,0.0,0.0
0.0,0.0,0.0,0.0,0.0,0.0,1.5707963267948966,0.0,0.7853981633974483,0.0,0.0,0.0
0.0,0.0,0.0,0.0,0.0,0.0,1.5707963267948966,0.0,0.0,0.7853981633974483,0.0,0.0
0.0,0.0,0.0,0.0,0.0,0.0,1.5707963267948966,0.0,0.0,0.0,0.7853981633974483,0.0
0.0,0.0,0.0,0.0,0.0,0.0,1.5707963267948966,0.0,0.0,0.0,0.0,0.7853981633974483
0.0,0.0,0.0,0.0,0.0,0.0,0.7853981633974483,0.0,0.0,0.0,0.0,0.0
0.39269908169872414,0.0,0.0,0.0,0.0,0.0,1.5707963267948966,0.0,0.0,0.0,0.0,0.0
0.0,0.39269908169872414,0.0,0.0,0.0,0.0,1.5707963267948966,0.0,0.0,0.0,0.0,0.0
0.0,0.0,0.39269908169872414,0.0,0.0,0.0,1.5707963267948966,0.0,0.0,0.0,0.0,0.0
0.0,0.0,0.0,0.39269908169872414,0.0,0.0,1.5707963267948966,0.0,0.0,0.0,0.0,0.0
0.0,0.0,0.0,0.0,0.39269908169872414,0.0,1.5707963267948966,0.0,0.0,0.0,0.0,0.0
0.0,0.0,0.0,0.0,0.0,0.39269908169872414,1.5707963267948966,0.0,0.0,0.0,0.0,0.0
0.0,0.0,0.0,0.0,0.0,0.0,1.9634954084936207,0.0,0.0,0.0,0.0,0.0
0.0,0.0,0.0,0.0,0.0,0.0,1.5707963267948966,0.39269908169872414,0.0,0.0,0.0,0.0
0.0,0.0,0.0,0.0,0.0,0.0,1.5707963267948966,0.0,0.39269908169872414,0.0,0.0,0.0
0.0,0.0,0.0,0.0,0.0,0.0,1.5707963267948966,0.0,0.0,0.39269908169872414,0.0,0.0
0.0,0.0,0.0,0.0,0.0,0.0,1.5707963267948966,0.0,0.0,0.0,0.39269908169872414,0.0
0.0,0.0,0.0,0.0,0.0,0.0,1.5707963267948966,0.0,0.0,0.0,0.0,0.39269908169872414
0.0,0.0,0.0,0.0,0.0,0.0,1.1780972450961724,0.0,0.0,0.0,0.0,0.0
0.19634954084936207,0.0,0.0,0.0,0.0,0.0,1.5707963267948966,0.0,0.0,0.0,0.0,0.0
0.0,0.19634954084936207,0.0,0.0,0.0,0.0,1.5707963267948966,0.0,0.0,0.0,0.0,0.0
0.0,0.0,0.19634954084936207,0.0,0.0,0.0,1.5707963267948966,0.0,0.0,0.0,0.0,0.0
0.0,0.0,0.0,0.19634954084936207,0.0,0.0,1.5707963267948966,0.0,0.0,0.0,0.0,0.0
0.0,0.0,0.0,0.0,0.19634954084936207,0.0,1.5707963267948966,0.0,0.0,0.0,0.0,0.0
0.0,0.0,0.0,0.0,0.0,0.19634954084936207,1.5707963267948966,0.0,0.0,0.0,0.0,0.0
0.0,0.0,0.0,0.0,0.0,0.0,1.7671458676442586,0.0,0.0,0.0,0.0,0.0
0.0,0.0,0.0,0.0,0.0,0.0,1.5707963267948966,0.19634954084936207,0.0,0.0,0.0,0.0
0.0,0.0,0.0,0.0,0.0,0.0,1.5707963267948966,0.0,0.19634954084936207,0.0,0.0,0.0
0.0,0.0,0.0,0.0,0.0,0.0,1.5707963267948966,0.0,0.0,0.19634954084936207,0.0,0.0
0.0,0.0,0.0,0.0,0.0,0.0,1.5707963267948966,0.0,0.0,0.0,0.19634954084936207,0.0
0.0,0.0,0.0,0.0,0.0,0.0,1.5707963267948966,0.0,0.0,0.0,0.0,0.19634954084936207
0.0,0.0,0.0,0.0,0.0,0.0,1.3744467859455345,0.0,0.0,0.0,0.0,0.0
0.09817477042468103,0.0,0.0,0.0,0.0,0.0,1.5707963267948966,0.0,0.0,0.0,0.0,0.0
0.0,0.09817477042468103,0.0,0.0,0.0,0.0,1.5707963267948966,0.0,0.0,0.0,0.0,0.0
0.0,0.0,0.09817477042468103,0.0,0.0,0.0,1.5707963267948966,0.0,0.0,0.0,0.0,0.0
0.0,0.0,0.0,0.09817477042468103,0.0,0.0,1.5707963267948966,0.0,0.0,0.0,0.0,0.0
0.0,0.0,0.0,0.0,0.09817477042468103,0.0,1.5707963267948966,0.0,0.0,0.0,0.0,0.0
0.0,0.0,0.0,0.0,0.0,0.09817477042468103,1.5707963267948966,0.0,0.0,0.0,0.0,0.0
0.0,0.0,0.0,0.0,0.0,0.0,1.6689710972195777,0.0,0.0,0.0,0.0,0.0
0.0,0.0,0.0,0.0,0.0,0.0,1.5707963267948966,0.09817477042468103,0.0,0.0,0.0,0.0
0.0,0.0,0.0,0.0,0.0,0.0,1.5707963267948966,0.0,0.09817477042468103,0.0,0.0,0.0
0.0,0.0,0.0,0.0,0.0,0.0,1.5707963267948966,0.0,0.0,0.09817477042468103,0.0,0.0
0.0,0.0,0.0,0.0,0.0,0.0,1.5707963267948966,0.0,0.0,0.0,0.09817477042468103,0.0
0.0,0.0,0.0,0.0,0.0,0.0,1.5707963267948966,0.0,0.0,0.0,0.0,0.09817477042468103
0.0,0.0,0.0,0.0,0.0,0.0,1.4726215563702154,0.0,0.0,0.0,0.0,0.0
0.04908738521234052,0.0,0.0,0.0,0.0,0.0,1.5707963267948966,0.0,0.0,0.0,0.0,0.0
0.0,0.04908738521234052,0.0,0.0,0.0,0.0,1.5707963267948966,0.0,0.0,0.0,0.0,0.0
0.0,0.0,0.04908738521234052,0.0,0.0,0.0,1.5707963267948966,0.0,0.0,0.0,0.0,0.0
0.0,0.0,0.0,0.04908738521234052,0.0,0.0,1.5707963267948966,0.0,0.0,0.0,0.0,0.0
0.0,0.0,0.0,0.0,0.04908738521234052,0.0,1.5707963267948966,0.0,0.0,0.0,0.0,0.0
0.0,0.0,0.0,0.0,0.0,0.04908738521234052,1.5707963267948966,0.0,0.0,0.0,0.0,0.0
0.0,0.0,0.0,0.0,0.0,0.0,1.6198837120072371,0.0,0.0,0.0,0.0,0.0
0.0,0.0,0.0,0.0,0.0,0.0,1.5707963267948966,0.04908738521234052,0.0,0.0,0.0,0.0
0.0,0.0,0.0,0.0,0.0,0.0,1.5707963267948966,0.0,0.04908738521234052,0.0,0.0,0.0
0.0,0.0,0.0,0.0,0.0,0.0,1.5707963267948966,0.0,0.0,0.04908738521234052,0.0,0.0
0.0,0.0,0.0,0.0,0.0,0.0,1.5707963267948966,0.0,0.0,0.0,0.04908738521234052,0.0
0.0,0.0,0.0,0.0,0.0,0.0,1.5707963267948966,0.0,0.0,0.0,0.0,0.04908738521234052
0.0,0.0,0.0,0.0,0.0,0.0,1.521708941582556,0.0,0.0,0.0,0.0,0.0
0.02454369260617026,0.0,0.0,0.0,0.0,0.0,1.5707963267948966,0.0,0.0,0.0,0.0,0.0
0.0,0.02454369260617026,0.0,0.0,0.0,0.0,1.5707963267948966,0.0,0.0,0.0,0.0,0.0
0.0,0.0,0.02454369260617026,0.0,0.0,0.0,1.5707963267948966,0.0,0.0,0.0,0.0,0.0
0.0,0.0,0.0,0.02454369260617026,0.0,0.0,1.5707963267948966,0.0,0.0,0.0,0.0,0.0
0.0,0.0,0.0,0.0,0.02454369260617026,0.0,1.5707963267948966,0.0,0.0,0.0,0.0,0.0
0.0,0.0,0.0,0.0,0.0,0.02454369260617026,1.5707963267948966,0.0,0.0,0.0,0.0,0.0
0.0,0.0,0.0,0.0,0.0,0.0,1.5953400194010667,0.0,0.0,0.0,0.0,0.0
0.0,0.0,0.0,0.0,0.0,0.0,1.5707963267948966,0.02454369260617026,0.0,0.0,0.0,0.0
0.0,0.0,0.0,0.0,0.0,0.0,1.5707963267948966,0.0,0.02454369260617026,0.0,0.0,0.0
0.0,0.0,0.0,0.0,0.0,0.0,1.5707963267948966,0.0,0.0,0.02454369260617026,0.0,0.0
0.0,0.0,0.0,0.0,0.0,0.0,1.5707963267948966,0.0,0.0,0.0,0.02454369260617026,0.0
0.0,0.0,0.0,0.0,0.0,0.0,1.5707963267948966,0.0,0.0,0.0,0.0,0.02454369260617026
0.0,0.0,0.0,0.0,0.0,0.0,1.5462526341887264,0.0,0.0,0.0,0.0,0.0
0.0,0.0,0.0,0.0,0.0,0.0,1.5679781149597656,0.0,0.0,0.0,0.0,0.0
0.0,0.0,0.0,0.0,0.0,0.0,1.569387220877331,0.0,0.0,0.0,0.0,0.0
0.0,0.0,0.0,0.0,0.0,0.0,1.5700917738361138,0.0,0.0,0.0,0.0,0.0
0.0,0.0,0.0,0.0,0.0,0.0,1.5704440503155053,0.0,0.0,0.0,0.0,0.0
0.02454369260617026,0.0,0.0,0.0,0.0,0.0,1.5707963267948966,0.0,0.0,0.0,0.0,0.0
0.0,0.02454369260617026,0.0,0.0,0.0,0.0,1.5707963267948966,0.0,0.0,0.0,0.0,0.0
0.0,0.0,0.02454369260617026,0.0,0.0,0.0,1.5707963267948966,0.0,0.0,0.0,0.0,0.0
0.0,0.0,0.0,0.02454369260617026,0.0,0.0,1.5707963267948966,0.0,0.0,0.0,0.0,0.0
0.0,0.0,0.0,0.0,0.02454369260617026,0.0,1.5707963267948966,0.0,0.0,0.0,0.0,0.0
0.0,0.0,0.0,0.0,0.0,0.02454369260617026,1.5707963267948966,0.0,0.0,0.0,0.0,0.0
0.0,0.0,0.0,0.0,0.0,0.0,1.5953400194010667,0.0,0.0,0.0,0.0,0.0
0.0,0.0,0.0,0.0,0.0,0.0,1.5707963267948966,0.02454369260617026,0.0,0.0,0.0,0.0
0.0,0.0,0.0,0.0,0.0,0.0,1.5707963267948966,0.0,0.02454369260617026,0.0,0.0,0.0
0.0,0.0,0.0,0.0,0.0,0.0,1.5707963267948966,0.0,0.0,0.02454369260617026,0.0,0.0
0.0,0.0,0.0,0.0,0.0,0.0,1.5707963267948966,0.0,0.0,0.0,0.02454369260617026,0.0
0.0,0.0,0.0,0.0,0.0,0.0,1.5707963267948966,0.0,0.0,0.0,0.0,0.02454369260617026
0.0,0.0,0.0,0.0,0.0,0.0,1.5462526341887264,0.0,0.0,0.0,0.0,0.0
