-1.8613551069385403
-0.126830036528147
-0.28587800989378725
-1.410615819288763
-1.4217561427003371
-1.8555298185114009
-1.8540565266947313
-1.3109959790186498
-0.2394366984729311
-1.3820619997318193
-1.4154069347847793
-1.8628613600475274
-1.8624291695676938
-1.861200807447856
-1.3432705853703255
-1.3902770835078848
-1.3995749564297957
-1.4260558213584211
-1.8590797708299744
-1.859449227731249
-0.12434504977337552
-1.8660770507880646
-1.8607923695861976
-1.3923772020777605
-1.4194459621909679
-1.8657837184984436
-1.870303410790709
-1.8604457001063297
-1.8549326288000012
-1.342174012684603
-1.4016340787658153
-1.8705416025244523
-1.8631554064036056
-1.8694198145607537
-1.8556789928556237
-1.8595754234561188
-1.8580207444971373
-1.8553186894608813
-0.12816471820515835
-0.27387757208241115
-1.4060455237872433
-1.4124221377010104
-1.8536168864649778
-1.8594053365955898
-1.3213127484640648
-0.2423899304709129
-1.386921724777257
-1.4201166771441418
-1.858372744584138
-1.8615798205351037
-1.8565898077205603
-1.3404518198707238
-1.3885620159922234
-1.397228109886664
-1.4245502264040342
-1.8626533857880423
-1.8589697419395896
-0.12337330531169655
-1.8589677345167326
-1.8571866825492132
-1.3859337909590528
-1.4156083623685258
-1.861418113944172
-1.8578793566879002
-1.866074215834685
-1.8617819253465182
-1.341943020641637
-1.4028726469677457
-1.8652467835753983
-1.8614905256247087
-1.8589684257726513
-0.9881511688096412
-1.0647506939757228
-1.6238629838111331
-1.6396058398222844
-1.8686214195043966
-1.8551307345645391
-1.864656376673659
-1.8644109770290747
-1.5856912316143912
-1.05503807246923
-1.62612972690799
-1.635677114699563
-1.8580265771331066
-1.86127474629106
-1.860952186143268
-1.8595395902055514
-1.5944821903918358
-1.6221617635511627
-1.628754042507609
-1.6469069521615247
-1.866219965173401
-1.8651587787609405
-1.8661329514689768
-1.8614496641545304
-0.988891897409812
-1.8606339216833954
-1.8638040346836848
-1.8663947662696079
-1.6372179353153093
-1.638642333082629
-1.8645778280278895
-1.8620164946976434
-1.86610589867839
-1.8683845947205544
-1.6030765278515955
-1.6264173095050691
-1.8606466106482873
-1.8667995307251237
-1.8546753635570243
-1.6046869239092936
-1.6347353470753956
-1.7989908927061382
-1.7917382416161391
-1.8578071535362666
-1.8618348145678723
-1.8637936816481564
-1.8613531839814759
-1.784386575929822
-1.6290226931114966
-1.794510353552261
-1.7966788945857488
-1.859626063884869
-1.8612200656948614
-1.8605575133559116
-1.8730804132128425
-1.794250913716275
-1.7919182981146973
-1.7993167083705788
-1.794065829815549
-1.865306732785394
-1.8616300098848457
-1.851505713019323
-1.8609317397877807
-1.601146565823018
-1.8582585148090724
-1.8703630641392779
-1.862817977087869
-1.7842165159948653
-1.7928648430335117
-1.8654475032712827
-1.8607342670029312
-1.8535449011323437
-1.8647713184930228
-1.77356441750231
-1.8030643408621438
-1.865669478078964
-1.85651039416509
-1.8629197016475405
-1.8494531055688088
-1.8639427268544329
-1.8693615756673836
-1.8608192504333598
-1.6026715889880292
-1.613054925836499
-1.7958716346881876
-1.7983121501531738
-1.8654131525668403
-1.8523632827333367
-1.8651114695781783
-1.8696708736873977
-1.7839053850846796
-1.6243241417166214
-1.7900267875527798
-1.801010426324382
-1.8666907714485321
-1.8615619948299311
-1.8564289709940365
-1.8535912701127135
-1.789159274869623
-1.7910514382049803
-1.7861915621021147
-1.8035541108291178
-1.8697983939405298
-1.8627457508433705
-1.8561114624133417
-1.86760385081576
-1.60515893100004
-1.8641740658470947
-1.8637197738727624
-1.8598516336922035
-1.8022907099789651
-1.801098827823503
-1.8615815450932134
-1.8695628487201523
-1.8592215527191729
-1.8634353464631674
-1.7912299143272459
-1.8023548380369316
-1.860802851140221
-1.8680303721986067
-1.852767084629915
-1.789897398461187
-1.8026522426000495
-1.8303310700733957
-1.8376509730107262
-1.8597228847699052
-1.8669462293981907
-1.864608035574409
-1.8633096807357172
-1.8327698319913783
-1.7984101167470503
-1.8429366925066661
-1.8505698052989334
-1.8628258674551763
-1.8614618490723225
-1.8663136668149947
-1.8601297900747908
-1.8396333449359128
-1.8443086982983345
-1.8421965530827586
-1.8443211221400897
-1.8694575890046885
-1.8614997316856772
-1.8658514120444216
-1.8710050644945904
-1.8025722708787533
-1.857004817885064
-1.8555196945442884
-1.86498891076352
-1.8391363833906076
-1.836959695725394
-1.8630305323133827
-1.8592793376000043
-1.8621384448808853
-1.8564973085100576
-1.8365310227177787
-1.8396273981038083
-1.8654885246734094
-1.852246492781911
-1.8678307134257697
-1.849418432583157
-1.8535641368265683
-1.8481148602269002
-1.8620857288691375
-1.858383171822132
-1.8638168180575454
-1.8581127369111607
-1.8625075929770558
-1.85753593311163
-1.8432122354751828
-1.8480257254251118
-1.8580260281410608
-1.8567235891289529
-1.8701274554811695
-1.860798169328472
-1.8631906503333389
-1.8561722135140712
-1.8610354198562107
-1.8570332877478113
-1.860717117544343
-1.861108525251736
-1.8606470243612416
-1.8675171950822997
-1.862953930886105
-1.8430662420956487
-1.8570391033439926
-1.8536809969643155
-1.8649617760208264
-1.8506394049241268
-1.8498237311842112
-1.8557633452683986
-1.8709885888010171
-1.8645828361692254
-1.868601128436313
-1.853847773395863
-1.8572052290390666
-1.8698975949906649
-1.8581271140394917
-1.8598069623646838
-1.8588017883260086
-1.8552970922352636
-1.8555782671658723
-1.8508705781900137
-1.8562748842179428
-1.8633976475474712
-1.8608349792198169
-1.8580753186413363
-1.8556154287917017
-1.8561656881443132
-1.8571023392510786
-1.8601914301564544
-1.868677558813606
-1.863374788788434
-1.866258689036933
-1.8468458014149345
-1.8577479587379944
-1.8597657406183974
-1.8580180810782307
-1.857084168603576
-1.8567269147443315
-1.858874175790573
-1.8628603410077584
-1.8586415280793518
-1.849664310716928
-1.8656602667955777
-1.8637264186023064
-1.8569694092777809
-1.8577819148557229
-1.848924107786251
-1.8587721906934065
-1.860043328598138
-1.8586434975717576
-1.8578450807793998
-1.860003312515002
-1.8637648069292991
-1.8622414328341141
-1.8629181351726865
-1.8524460853630034
-1.8659158883732032
-1.8592480320273324
-1.8611220611959045
-1.8540934607558324
-1.8578451555749003
-1.855988377383826
-1.859973645494893
-1.8667528841283374
-1.8615992640757537
-1.8621468098355098
-1.8636525049704193
-1.8602041345393827
-1.8511840743885708
-1.8582652899631973
-1.861395496774084
-1.8609617583487892
-1.867160494624226
-1.8634237165498795
-1.8591553627674497
-1.8600542683155779
-1.862576589390471
-1.8556921448575987
-1.8614203999034458
-1.8557891699011506
-1.8538681440863445
-1.8649547155007102
-1.8601410318192007
-1.8579600640705962
-1.860135806278811
-1.8580674675648008
-1.8576488901004886
-1.8704018011620223
-1.856187361021485
-1.8601976603518318
-1.8607387866186953
-1.855576683813654
-1.8613398253907119
-1.8630673092095118
-1.8579913554203422
-1.8559618975934224
-1.8680906841174607
-1.865002613480496
-1.8531750578109762
-1.8640769472504966
-1.8645856401147718
-1.8621878786209305
-1.860223110097938
-1.8554911393653528
-1.8614173686056648
-1.863797053472504
-1.8509040163958907
-1.8651373857919507
-1.8493666443198382
-1.857988810101032
-1.857411307002961
-1.8665100440943707
-1.8623421388025623
-1.8606491011719637
-1.8576923471722997
-1.8625630345597628
-1.8615996012374234
-1.8665450869437943
-1.8653831055490622
-1.8610241643525072
-1.8546041967875897
-1.8633235549472822
-1.8623163381961676
-1.8630812086200093
-1.8671137156183963
-1.863309921208419
-1.8610015055265774
-1.8580743450409765
-1.8606964766923177
-1.8645578691202966
-1.8702137942033552
-1.8633446629494923
-1.8591285090956697
-1.858901997814587
