-1.4917644873002383
-0.7155660025596375
-0.7275952278172066
-0.4333441888844496
-0.6964094313428483
-0.433344466151256
-0.6964099761792488
-0.7275957726536071
-0.433344466151256
-0.7623182671964374
-0.7863778073843762
-1.0218473564227646
-0.7275957726536071
-1.0218473564227646
-1.615226466003281
-0.4284679695754421
-0.7116331408071311
-0.7275957726536071
-0.7275957726536071
-0.37097259593573306
-0.7672227434828741
-0.9091585437913468
-1.2693463982883162
-0.7275957726536071
-0.4333441888844495
-0.37097178352973836
-1.0218470791559582
-0.6964099761792488
-0.4284679695754423
-0.7743477600236005
-0.6447532352560122
-0.7863787698632628
-0.7587815691279653
-0.8484115815478687
-0.7587815691279653
-0.7275957726536071
-0.4333441888844495
-1.0218470791559582
-0.7275957726536071
-0.7275957726536071
-1.0218470791559582
-0.433344466151256
-0.433344466151256
-0.7587821139643659
-0.9999999999999992
-0.7236673059776345
-0.7001707049250324
-0.6964099761792488
-0.7396255427475766
-0.8295944937221087
-0.6688137379228378
-0.7275963174900077
-1.0267235757317719
-0.433344466151256
-1.021847079155958
-1.0218470791559584
-0.4333441888844496
-0.433344466151256
-1.0275762193292548
-0.4333441888844496
-0.8107772486058307
-0.7984085399572322
-0.7275957726536071
-1.0218470791559584
-0.6964099761792488
-0.7275957726536071
-0.9999999999999993
-0.7587815691279653
-0.7862071816929406
-0.4525275097633812
-0.7275957726536071
-0.7550208403821818
-0.7275957726536071
-0.7275957726536071
-0.6808435080168074
-0.7587821139643659
-1.0218470791559584
-0.7862068628061896
-0.7275957726536071
-0.7587815691279653
-0.7587821139643658
-0.4333441888844495
-0.7779381403447546
-0.6688137379228378
-0.6964099761792488
-0.40440842938750327
-1.0218470791559582
-1.0218473564227646
-0.43334446615125577
-0.6928732781107769
-0.7071067811865474
-0.8173935230036993
-0.7155660025596376
-0.4333441888844495
-0.3711395214599274
-0.7155660025596375
-0.6843802060852794
-0.7275957726536071
-0.43334446615125577
-0.40440842938750327
-1.2623637920815407
-1.026723575731772
-0.7275957726536071
-1.0218473564227646
-0.7275957726536071
-0.6964094313428484
-0.7813309623839333
-0.45252750976338135
-0.404408429387503
-0.7275957726536071
-0.7275957726536071
-0.7862071816929406
-0.7813303662303761
-1.0218473564227646
-0.4044084293875031
-0.7275957726536071
-0.4284679695754421
-1.245285618354684
-1.026723575731772
-0.43334446615125577
-1.0267235757317719
-1.026723575731772
-1.021847079155958
-1.0218473564227646
-0.4044084293875031
-0.43334446615125577
-0.4333441888844496
-0.4284682468422484
-1.1389021593044362
-0.6964099761792488
-0.43334446615125577
-0.9999999999999996
-0.7275957726536071
-0.9999999999999997
-0.6843796612488787
-0.7550208403821818
-0.7396255427475766
-0.7275957726536071
-1.0218470791559584
-0.6964099761792488
-1.0218470791559584
-1.0218473564227648
-0.9999999999999993
-1.0218473564227648
-0.7587821139643658
-0.7275957726536071
-0.7551920410066217
-0.3709717835297384
-0.7275957726536071
-0.7275957726536071
-0.4284676923086359
-0.4333441888844495
-1.1512708679530346
-1.0267235757317719
-0.7275957726536071
-0.7275957726536071
-0.5511956885424194
-0.433344466151256
-1.0218473564227646
-0.7275963174900075
-0.7275957726536071
-0.7275957726536071
-0.7001707049250324
-0.7743483145572132
-0.7587821139643659
-0.791083401001948
-0.9999999999999992
-0.7860394021428069
-1.4971509356679995
-1.0218470791559584
-0.4284679695754421
-0.6964094313428484
-1.0218470791559584
-0.7275957726536071
-1.0218470791559584
-0.7587815691279653
-0.7548536472883933
-0.6964099761792488
-0.7587821139643658
-0.4958832008766041
-0.49571714877277356
-1.0218470791559582
-1.245285618354684
-1.0218473564227646
-0.6377988860266663
-0.6964094313428483
-0.43334446615125577
-0.4333441888844496
-0.9091585437913471
-0.9999999999999989
-0.7587821139643658
-0.07560557292050851
-1.7333019963385625
-0.6808435080168074
-0.45252750976338135
-1.0218470791559584
-0.7275957726536071
-0.6377988860266663
-1.0218470791559582
-0.7862071816929406
-0.7275957726536071
-1.0218473564227646
-0.7275957726536071
-0.7396255427475766
-0.7396249979111761
-0.7275957726536071
-0.4284679695754423
-0.7275957726536071
-1.0218473564227646
-0.7813303662303757
-0.404408429387503
-1.1442882201263145
-1.026723575731772
-0.4214856406354732
-0.7275957726536071
-0.433344466151256
-1.0218470791559584
-0.42846824684224827
-0.5944103227284642
-0.43334446615125577
-1.0267235757317719
-0.7275957726536071
-0.6377980223035148
-0.7860394437627513
-0.7813303662303757
-0.7275957726536071
-0.7275957726536071
-0.6691521015444626
-0.4284679695754421
-1.0218470791559584
-0.6691526463808632
-0.4284679695754421
-0.8173926592805478
-1.0275762193292552
-0.7275957726536071
-0.7862071816929406
-0.433344466151256
-0.6531938647745205
-0.6964099761792488
-0.43334446615125577
-1.026723575731772
-0.7275957726536071
-0.9091589313372296
-0.7467517990339959
-0.7275957726536071
-0.43351220408144475
-0.06828039234527938
-1.0267235757317719
-0.7275957726536071
-0.49588488670296216
-0.6689843636142736
-0.8295943364315906
-1.6152264660032811
-0.404408429387503
-0.8053908002380701
-1.0218473564227646
-0.7984085399572322
-1.0267235757317719
-1.026723575731772
-0.4284679695754423
-0.9047919990074801
-1.0218470791559582
-0.4284679695754421
-0.7708113392219348
-1.4971512815939372
-0.4525275097633812
-0.7275957726536071
-0.7071067811865471
-0.7743483145572131
-0.7587821139643658
-0.6964099761792488
-0.7155660025596376
-0.6964094313428484
-0.7275957726536071
-0.7587821139643658
-0.8173926592805478
-0.7275957726536071
-0.6964094313428483
-0.4333441888844495
-0.6808435080168074
-1.0218473564227646
-0.7084392014368179
-0.45252808469638517
-1.0218470791559584
-0.7275952278172064
-0.7155660025596375
-1.0218473564227646
-1.0218470791559582
-1.0218470791559582
-0.7779381403447546
-0.7084397462732184
-0.7275957726536071
-0.8173926592805478
-0.6964094313428484
-0.7275957726536071
-1.026723575731772
-1.026723575731772
-0.6759399641126534
-1.4971512815939372
-0.6255972088756235
-1.0218470791559584
-0.6964099761792488
-0.7275957726536071
-0.7587815691279653
-0.9999999999999991
-0.7275957726536071
-0.6964094313428483
-0.4284676506886911
-0.7275957726536071
-0.7071067811865471
-0.4284679695754423
-0.6843796612488787
-1.143946074923688
-0.6964094313428483
-0.8295944937221086
-0.7708113392219349
-0.7396249979111761
-0.9999999999999992
-0.7275957726536071
-0.433344466151256
-0.7743480372904068
-0.4284679695754421
-0.7587821139643658
-0.7275957726536071
-0.6964094313428484
-0.6689846825010246
-0.4333441888844496
-1.0218470791559584
-0.7396255427475766
-0.433344466151256
-0.43334446615125577
-0.6689843636142736
-0.7984081524113499
-1.0267235757317719
-1.1272104339453406
-1.0218470791559584
-0.79840815241135
-1.0218470791559584
-1.0218470791559584
-0.4284679695754421
-0.6964099761792488
-0.6376268216790749
-0.7863778073843763
-1.0267235757317719
-0.7275957726536071
-0.9999999999999987
-0.7860394437627514
-0.6379663050701043
-0.7587815691279653
-0.7275957726536071
-0.4284679695754421
-0.6808435080168074
-1.245285618354684
-0.7275957726536071
-0.9999999999999997
-0.8924232903588821
-0.7275957726536071
-0.433176728221067
-0.7275952278172064
-0.7275957726536071
-0.4284679695754423
-0.9047919990074802
-0.45252750976338135
-0.6999996615911106
-0.7275957726536071
-0.4333441888844495
-0.7467517990339959
-0.09234061774529878
-0.6964099761792488
-0.7860394437627514
-0.7914259337504574
-0.07560557292050851
-1.1512708679530346
-0.7984085399572326
-0.6689843636142736
-0.7275957726536071
-0.43334446615125577
-0.4284679695754421
-0.7275957726536071
-1.021847079155958
-0.7396255427475766
-0.6964094313428484
-0.7914255045846301
-0.6964094313428483
-0.6689846825010246
-0.7914259337504569
-0.6964094313428484
-0.7275957726536071
-0.49554836278972814
-0.42846769230863535
-0.433344466151256
-0.7396260875839771
-0.7863778073843763
-1.0218470791559582
-0.6964099761792488
-0.6377980223035148
-0.9999999999999992
-1.0218470791559584
-0.7155660025596375
-0.7587815691279653
-0.7910834010019479
-0.6688131629898337
-0.07560557292050851
-1.026723575731772
-0.7275957726536071
-0.7071067811865468
-0.6688131629898337
-0.7071067811865466
-1.2674077077007924
-0.4284679695754423
-0.4284679695754421
-0.6255970515851055
-0.7275957726536071
-0.06828039234527938
-0.7984085399572318
-0.7467517990339959
-0.7984085399572324
-0.09966536915470026
-0.7813309623839332
-0.7813309623839333
-0.7071067811865467
-1.0267235757317719
-0.7467517990339958
-0.7155660025596375
-0.4333441888844496
-0.433344466151256
-0.7191549858445808
-0.7275957726536071
-1.6152264660032811
-0.6843802060852794
-0.6964094313428483
-0.6531938647745205
-1.026723575731772
-0.7396255427475766
-0.9999999999999993
-0.7275957726536071
-1.5025373840357603
-0.7275957726536071
-1.0267235757317719
-0.6531938647745205
-1.026723575731772
-0.7860394437627515
-0.7275957726536071
-0.7275957726536071
-0.6964094313428483
-1.026723575731772
-1.1272104339453406
-0.4382206854602636
-0.8172257850735104
-0.6689843636142736
-0.09234061774529878
-0.9999999999999989
-0.9999999999999991
-1.026723575731772
-1.144288607672197
-0.7275957726536071
-0.6964099761792488
-0.7779381403447546
-1.0218470791559582
-0.7743483145572132
-0.3709717835297384
-0.4331767282210668
-0.4455454368696651
-0.7275957726536071
-0.7984085399572326
-0.7587821139643659
-0.7275957726536071
-0.6377988860266663
-0.791083359382003
-0.6879688018243401
-0.7813309623839333
-0.9999999999999992
-0.6964094313428483
-0.8484115815478686
-1.7333019963385625
-0.7275957726536071
-0.9091585437913469
-0.9999999999999992
-0.7860394437627516
-0.6964094313428483
-0.7587821139643659
-1.1389021593044364
-0.7587821139643659
-0.7155660025596375
-0.07089649538813281
-0.7984085399572326
-0.4284679695754423
-0.8924234989665568
-0.4333441888844495
-0.7275957726536071
-1.026723575731772
-0.7587815691279653
-0.7587821139643658
-0.7860394437627518
-0.5079181194911828
-0.7984081524113499
-0.6688137379228378
-0.7587815691279653
-0.7587815691279653
-0.7191549858445808
-0.7914255045846301
-1.0218470791559582
-0.7003384428552213
-0.7743480372904068
-1.7333019963385625
-1.0267235757317719
-1.7333019963385625
-0.8053911461640074
-1.6152264660032811
-1.269346398288316
-0.9999999999999992
-0.7813303662303761
-0.7587815691279653
-0.433344466151256
-1.6152264660032811
-1.4917644873002387
-0.6691521015444626
-0.09966536915470026
-1.7333019963385625
-1.7333019963385625
-1.6152264660032811
-0.43334446615125577
-0.7572711245297963
-0.7984085399572326
-1.6152264660032811
-1.7333019963385625
-0.7275957726536071
-1.4971509356679995
-1.7333019963385625
-0.7550208403821818
-1.2623637504615959
-0.8924232903588819
-1.2623637504615959
-1.4917651791521143
-0.42846824684224827
-1.7333019963385625
-1.2623637504615959
-1.7333019963385625
-1.4971509356679995
-1.7333019963385625
-0.7984085399572326
-0.8053908002380694
-1.4917651791521143
-1.6152264660032811
-0.6964099761792488
-1.7333019963385625
-1.2452865604341794
-0.4382206854602636
-0.9999999999999996
-1.026723575731772
-1.974838813525011
-1.5025373840357603
-1.974838813525011
-1.7333016504126246
-0.9999999999999989
-1.974838813525011
-1.974838813525011
-0.7275963174900075
-1.7386880987803852
-1.974838813525011
-0.4284676923086359
-0.7155660025596375
-1.7386880987803852
-1.974838813525011
-1.7333016504126246
-1.0218470791559584
-1.974838813525011
-0.7275957726536071
-1.974838813525011
-1.974838813525011
-1.974838813525011
-0.9999999999999992
-1.974838813525011
-0.022774685293248997
-1.0322780313658249
-1.5025373840357603
-1.974838813525011
-1.7333016504126249
-1.974838813525011
-1.974838813525011
-1.974838813525011
-1.974838813525011
-0.6964094313428483
-0.7396255427475765
-1.974838813525011
-1.974838813525011
-1.5025373840357603
-1.7333016504126246
-1.4917644873002383
-1.7333016504126246
-1.974838813525011
-1.7333016504126249
-1.7386880987803852
-1.2623637504615959
-1.026723575731772
-1.7386880987803852
-1.974838813525011
-1.7386880987803852
-1.7386880987803854
-0.7587815691279653
-1.974838813525011
-1.7386880987803852
-1.974838813525011
-1.974838813525011
-1.7333019963385625
-0.7275957726536071
-1.974838813525011
-0.9999999999999996
-1.7386880987803854
-1.7333019963385625
-1.974838813525011
-1.7333019963385625
-0.7396255427475765
-1.615226466003281
-1.7386880987803854
-0.4284679695754423
-1.491765179152114
-1.974838813525011
-1.4917644873002383
-1.7386880987803852
-1.974838813525011
-1.7333016504126249
-1.974838813525011
-1.7386880987803852
-1.026723575731772
-1.974838813525011
-1.974838813525011
-1.974838813525011
-1.974838813525011
-1.974838813525011
-1.974838813525011
-0.6843802060852794
-1.7333016504126249
-0.7984085399572326
-1.7386880987803852
-0.07089589923457562
-1.974838813525011
-1.974838813525011
-1.7333016504126249
-0.7860394853826962
-1.974838813525011
-1.974838813525011
-1.974838813525011
-1.974838813525011
-1.7386880987803854
-1.2693463982883162
-1.974838813525011
-1.7386880987803852
-1.0218470791559584
-1.974838813525011
-1.7333019963385625
-1.7333016504126249
-1.2623637920815407
-1.4917648332261766
-1.2674077077007924
-1.0267235757317719
-1.974838813525011
-1.7333016504126249
-1.491765179152114
-1.974838813525011
-1.7333016504126246
-1.245285618354684
-1.7333016504126249
-1.5025373840357603
-1.974838813525011
-1.974838813525011
-0.42846769230863535
-1.974838813525011
-1.974838813525011
-1.7333016504126249
-0.495884886702963
-1.7333019963385625
-1.262363750461596
-1.4971509356679995
-1.7333016504126246
-1.974838813525011
-1.2623637920815407
-0.7275957726536071
-1.974838813525011
-1.0275766484950823
-1.974838813525011
-0.6843802060852794
-1.2623637504615959
-1.974838813525011
-1.974838813525011
-1.2693463982883162
-0.9999999999999993
-1.974838813525011
-1.974838813525011
-1.7386880987803852
-1.974838813525011
-0.8053908002380701
-1.4971509356679993
-1.974838813525011
-1.974838813525011
-1.2674077077007924
-1.0218473564227646
-0.6964099761792488
-1.7333016504126249
-1.974838813525011
-1.4917648332261766
-1.974838813525011
-1.615226466003281
-1.026723575731772
-1.974838813525011
-1.7386880987803854
-1.974838813525011
-1.6152264660032811
-1.974838813525011
-0.7914259337504574
-1.7333016504126249
-1.974838813525011
-1.974838813525011
-1.026723575731772
-1.7333016504126249
-1.974838813525011
-1.7333016504126249
-1.7333019963385625
-1.7333016504126246
-1.2623637920815407
-1.7333016504126249
-1.245285618354684
-0.9999999999999992
-0.4284676923086359
-1.7386880987803852
-1.615226466003281
-1.026723575731772
-1.974838813525011
-1.974838813525011
-0.7572695862967436
-1.4971509356679993
-1.0218470791559584
-1.7386880987803852
-1.974838813525011
-1.7386880987803852
-0.4284676923086359
-1.974838813525011
-1.974838813525011
-0.4284676923086359
-1.0218470791559584
-1.7333019963385625
-1.615226466003281
-1.615226466003281
-1.2693463982883162
-1.7333016504126246
-1.974838813525011
-1.7386880987803852
-1.245285618354684
-1.615226466003281
-1.974838813525011
-1.7333019963385625
-1.974838813525011
-1.4917644873002383
-1.491765179152114
-1.974838813525011
-1.7333016504126249
-0.9091585437913468
-1.7386880987803854
-1.0218473564227648
-1.974838813525011
-1.974838813525011
-1.7333016504126249
-1.1389021593044364
-1.7333019963385625
-1.7333019963385625
-1.7333016504126246
-0.7275957726536071
-1.974838813525011
-1.491765179152114
-0.45252750976338135
-1.7333019963385625
-1.7386880987803852
-0.7275957726536071
-1.5025373840357603
-1.7333016504126246
-1.0267235757317719
-1.974838813525011
-1.974838813525011
-1.615226466003281
-1.7333016504126246
-1.0218470791559584
-1.7333016504126246
-1.7386880987803852
-1.974838813525011
3.3306690738754696e-16
-1.974838813525011
-1.0218470791559584
-0.7275957726536071
-1.974838813525011
-1.7333016504126249
-1.7333019963385625
-1.7333019963385625
-1.974838813525011
-0.4382206854602636
-0.4284679695754421
-1.7333019963385625
-1.7333016504126249
-1.615226466003281
-1.974838813525011
-1.0218470791559584
-1.7386880987803852
-1.7386880987803854
-0.19302575758831453
-1.7386880987803852
-0.7910833593820035
-1.974838813525011
-1.615226466003281
-1.7386880987803852
-0.7396255427475765
-0.42846769230863535
-1.5025373840357603
-0.7984085399572326
-0.916483724366576
-1.7333016504126249
-1.0275766484950823
-0.7587815691279653
-1.6152264660032811
-1.6152264660032811
-0.6377988860266663
-0.8053908002380701
-1.5025373840357603
-1.1389021593044364
-1.974838813525011
-1.026723575731772
-1.4971512815939372
-1.7386880987803852
-1.7333016504126246
-1.615226466003281
-1.7333016504126249
-0.6964099761792488
-1.974838813525011
-1.7333016504126246
-1.2623637920815407
-1.2623637920815407
-0.7914259337504574
-1.4971509356679993
-1.4917648332261766
-1.974838813525011
-1.974838813525011
-1.615226466003281
-1.7386880987803852
-1.7333019963385625
-0.7155660025596375
-1.7333019963385625
-1.7333016504126249
-1.615226466003281
-0.7743477600236005
-0.404408429387503
-1.2674077077007924
-1.615226466003281
-1.0218470791559582
-1.974838813525011
-1.974838813525011
-0.7275957726536071
-1.7386880987803852
-0.7860394853826959
-1.026723575731772
-1.0218470791559582
-1.269346398288316
-1.7386880987803852
-1.615226466003281
-0.7572695862967439
-0.7862071816929406
-1.7333019963385625
-1.245285618354684
-1.615226466003281
-1.7386880987803852
-1.0267235757317719
-0.433344466151256
-0.7984085399572326
-1.7333016504126246
-1.615226466003281
-0.7572695862967436
-0.4284679695754423
-1.0218470791559582
-0.6379663050701043
-1.7386880987803852
-1.7386880987803854
-1.4917648332261764
-1.7333019963385625
-1.4971509356679993
-0.4284682468422484
-0.7743483145572131
-1.2623637920815407
-1.7386880987803852
-1.974838813525011
-1.7386880987803852
-1.5025373840357603
-1.974838813525011
-1.0218470791559582
-1.615226466003281
-1.615226466003281
-0.3709725959357331
-0.9047919990074802
-1.6152264660032811
-0.99880674940913
-1.5025373840357603
-1.0218470791559584
-1.974838813525011
-0.6376269789695931
-1.974838813525011
-1.7333016504126249
-1.0218470791559582
-1.5025373840357603
-1.615226466003281
-1.974838813525011
-1.0267235757317719
-1.615226466003281
-0.7572695862967436
-1.6152264660032811
-0.7275957726536071
-0.7813303662303761
-0.7984085399572322
-1.615226466003281
-1.245285618354684
-0.7074646991416407
-1.615226466003281
-1.615226466003281
-0.7813309623839332
-0.4382206854602636
-0.7275957726536071
-1.026723575731772
-0.8053911461640078
-1.7333016504126246
-1.974838813525011
-1.4917644873002383
-0.66522363486849
-1.7333016504126249
-1.6152264660032811
-0.7275957726536071
-0.07560497676695133
-1.4917644873002383
-1.0218473564227648
-1.5025373840357603
-1.7333019963385625
-1.6152264660032811
-1.974838813525011
-0.7813303662303757
-1.0218470791559584
-0.7860394853826962
-1.7333019963385625
-1.491765179152114
-1.0218470791559582
-1.7333016504126246
-1.4971509356679993
-1.974838813525011
-1.7386880987803852
-1.7333016504126249
-1.974838813525011
-1.0218470791559584
-0.9999999999999991
-1.974838813525011
-1.7386880987803852
-1.615226466003281
-1.615226466003281
-1.7386880987803854
-1.7333016504126249
-0.7743477600236005
-1.245285618354684
-1.0218470791559584
-1.4971512815939372
-1.974838813525011
-0.7984085399572326
-1.0218473564227648
-1.974838813525011
-1.2623637920815407
-0.7743483145572132
-1.974838813525011
-1.615226466003281
-1.4917648332261766
-1.4917644873002383
-1.7386880987803854
-1.4917644873002387
-1.974838813525011
-0.7572711245297963
-1.7386880987803852
-0.7587815691279653
-1.7333016504126249
-0.051544584379201286
-1.0218470791559582
-1.615226466003281
-1.7333019963385625
-0.404408429387503
-1.7333016504126249
-1.7333019963385625
-1.7333016504126249
-1.974838813525011
-1.6152264660032811
-1.615226466003281
-0.9999999999999992
-1.0267235757317719
-0.7587815691279653
-1.974838813525011
-0.7275957726536071
-1.7386880987803852
-1.974838813525011
-1.026723575731772
-1.615226466003281
-1.974838813525011
-1.245285618354684
