-1.0527801531606873
-0.5478486012698159
-0.5499184333530979
-1.0509117588470887
-1.0491092632260353
-0.010343145962817046
-0.5485245635672232
-1.0482777213483132
-1.0554059016799173
-0.5471634462402437
-0.5488190722974514
-1.0522387424003878
-1.0538499638392116
-0.7933889784702282
-0.8044352463841447
-1.0568456775486232
-1.0505361294634894
-0.7187246755380284
-0.7929021596007173
-1.0458889588416025
-1.050247705594267
-0.8004875976321708
-0.7977050800011728
-1.050761032595065
-1.0514767223339083
-1.0480003612419468
-1.0387648575124464
-1.0403020091138562
-1.041389367868088
-1.0357496276474776
-0.7968743240413934
-0.8065662411427978
-1.0497731078565595
-1.0486963329880339
-0.7204563697674373
-0.7952603459813439
-1.0521524514311702
-1.0467843863379906
-0.8049863365388583
-0.7908089417812882
-1.057480677509775
-1.051221937991459
-1.0446862450339442
-0.9762384312107809
-0.980322335170845
-1.0488693775953177
-1.053051143580999
-1.01835795188354
-0.9706888799101558
-1.0508496428940661
-1.0343618631387914
-0.9836805250092556
-0.9724499544726576
-1.0485317859825924
-1.0464405222425925
-1.0398914501998788
-1.0539170829025961
-1.0304294643484835
-1.031409726189448
-1.0522485335830525
-1.0499580541388829
-1.0664205807557838
-1.0230411419520289
-1.0498849164242654
-1.0414204694498006
-1.0313477318634316
-1.0311172339560926
-1.0509475574983715
-1.052777660209657
-1.0378496880299026
-1.0552621294098041
-1.0592331026397375
-1.0350153373032684
-1.0502707314618687
-1.0552169584099311
-1.0514917826252819
-0.9767213465492967
-1.0394126262818049
-1.050779875625962
-1.0610945607641755
-1.0372078499337802
-1.0328837756721734
-1.0529902741661432
-1.0567032352347505
-1.0622964047218972
-1.061318240317031
-1.0604892365994811
-1.0530668220100232
-1.0685321909788654
-1.051967837857719
-1.0590391871789437
-1.0711340699382443
-1.0727889061309566
-1.0336951818117919
-1.0486571187227025
-1.070175949408301
-1.0725050022870644
-1.0500949895134504
-1.0453045474992313
-1.0692638291718022
-1.0714339572372809
-1.0684319640449864
-1.0718057376715837
-1.0383993737693273
-1.0368389404811387
-1.035911086828606
-1.0591329313478444
-1.0491719169330105
-1.053365608802242
-1.0721028087704965
-1.0670076429679152
-1.0355415702266844
-1.0553105449036546
-1.0657093684565622
-1.0718003763110773
-1.0488766884946121
-1.0468213868190506
-1.066088308287192
-1.0745690273950677
-1.0665469531940286
-1.0683374153049454
-1.064573607091252
-1.0659664791290053
-1.0693300409053497
-1.0709148616243602
-1.0621998500527703
-1.063766466644772
-1.0714676593966097
-1.0698610764022414
-1.0679136855587306
-1.0684680339511226
-1.0692860156919652
-1.0714994874715909
-1.0518569179666521
-1.066650510991121
-1.0726441291125117
-1.0702306349252553
-1.0670481424810976
-1.0690735667381144
-1.073713745169159
-1.0672945232172053
-1.0732696969407032
-1.0699240996851007
-1.0698183689781904
-1.066794112847869
-1.0693686455486655
-1.065924042744695
-1.0718527634988784
-1.0651895775590954
-1.0661859226820194
-1.0731861933712086
-1.0706224913873472
-1.0732672726077666
-1.0701916618237042
-1.0714955617350947
-1.0721929696896404
-1.0731714162864832
-1.0755056989057676
-1.0671423367633233
-1.0701966999351173
-1.071073174356061
-1.0674830366165442
-1.0712669172808091
-1.0685252682056772
-1.0691451226238673
-1.072663168598799
-1.0693378500077448
-1.072330740516822
-1.07206962469725
-1.0661277822665247
-1.066661296714026
-1.0705244691564562
-1.0691872459671754
-1.0715070567429663
-1.071169885797829
-1.0718970807526351
-1.0674802898340743
-1.0723330324302132
-1.0739746313658032
-1.0656643037089069
-1.06980394635128
-1.0697551718589726
-1.0701151270361005
-1.0695199278805916
-1.0682037160497773
-1.0714753500798795
-1.0662876246177373
-1.065514718201977
-1.0732124896723176
-1.068016057986035
-1.0745019331246428
-1.0705420524483262
-1.0683601307037303
-1.0710308537674433
-1.0700878889885521
-1.0687871425267992
-1.0702207019145138
-1.0688142871632942
-1.071233779001153
-1.07183025431407
-1.0681956671163633
-1.0689253340215692
-1.0713973976761269
-1.067528616826849
-1.0746134808606989
