-1.4917644873002383
-0.6964094313428484
-1.0218473564227646
-0.4284679695754421
-0.07089649538813281
-0.7862071816929406
-0.637625889296792
-0.6689843636142736
-0.9047919990074804
-1.615226466003281
-0.07560557292050851
-0.6964094313428483
-1.0218470791559582
-0.7779381403447546
-0.7672218111005911
-0.6255972088756235
-0.6964099761792488
-0.9999999999999989
-1.0218473564227648
-0.43334446615125577
-0.7984081524113499
-0.7467517990339959
-1.0218473564227648
-0.7275957726536071
-0.7587821139643659
-1.143946074923688
-1.0218470791559584
-0.45252750976338135
-0.4284679695754421
-0.7587815691279653
-0.7860394437627515
-1.0218473564227646
-0.8173935230036994
-0.05154534752048898
-0.7708113392219349
-1.0218470791559584
-0.7813309623839332
-0.7275957726536071
-1.0218473564227646
-0.4284679695754421
-0.8924232903588821
-1.026723575731772
-0.7550210663318313
-0.7275957726536071
-0.7275957726536071
-0.9047919990074802
-0.40440842938750327
-1.245285618354684
-1.0267235757317719
-0.7587821139643659
-1.1389021593044364
-0.7708118840583353
-0.7275957726536071
-0.4382206854602636
-0.7587815691279653
-0.8107772486058309
-0.7862071816929406
-0.07089589923457484
-1.0218473564227648
-1.0218473564227646
-0.7587821139643659
-0.7275957726536071
-0.7587815691279653
-0.8172257850735104
-0.7275957726536071
-0.916483724366576
-0.42846769230863535
-0.7587815691279653
-0.7396260875839772
-0.7275957726536071
-1.615226466003281
-1.1442882201263145
-0.7155660025596376
-0.8173935230036997
-0.6377980223035148
-0.7315242393295797
-0.495715781833166
-0.7743480372904068
-0.9999999999999991
-0.7467517990339959
-1.0218473564227646
-0.433344466151256
-0.7587815691279653
-1.0218473564227648
-0.7587821139643659
-1.0267235757317719
-1.0218470791559582
-0.7587821139643659
-1.0218473564227646
-0.06828022535754918
-0.8295944937221086
-0.7155660025596376
-1.2674077077007924
-1.026723575731772
-0.7001704789753829
-0.4284679695754421
-0.4211425117334068
-0.43334446615125577
-0.9999999999999993
-0.7275957726536071
-0.7587821139643659
-0.4284682468422484
-0.7396255427475765
-0.7672227434828741
-0.7275957726536071
-0.7155660025596375
-0.7910833593820035
-0.7587815691279653
-1.026723575731772
-0.7275957726536071
-0.7396255427475766
-1.6152264660032811
-0.7743480372904068
-0.7862071816929406
-1.026723575731772
0.0
-0.7071067811865469
-0.7813303662303757
-0.43334446615125577
-0.4284679695754421
-0.791083359382003
-1.0218470791559584
-0.7587815691279653
-0.9999999999999996
-1.2623637504615959
-0.6928732781107769
-0.7275957726536071
-1.0267235757317719
-0.42846854450844635
-1.6152264660032811
-0.7275957726536071
-0.7587815691279653
-0.4333441888844495
-0.7275957726536071
-0.3709717835297384
-0.7275957726536071
-0.433344466151256
-0.7155660025596376
-0.6447532352560122
-1.2623637920815407
-0.7467523438703965
-0.7275957726536071
-0.7003378980188208
-1.0218470791559582
-0.6689843636142736
-0.48351410468212325
-0.08501543717006962
-1.0218473564227646
-0.7275957726536071
-0.43334446615125577
-0.4333441888844496
-0.43334446615125577
-1.0469279633504558
-0.7275957726536071
-0.5515880320829242
-0.7275957726536071
-1.026723575731772
-0.7550210663318313
-0.08501543717006976
-0.7899679104387242
-0.7984085399572326
-0.8173926592805478
-0.09234061774529878
-1.138902159304436
-0.7587815691279653
-1.0218470791559582
-0.916483724366576
-0.7396255427475765
-0.6689843636142736
-1.0218470791559582
-0.43334446615125577
-0.3709725959357331
-0.4284679695754421
-0.7396255427475765
-1.245285618354684
-0.4214850444819157
-0.7275957726536071
-0.916483724366576
-0.7155660025596376
-0.7587821139643659
-0.7396255427475765
-0.9999999999999989
-0.7275957726536071
-0.4284679695754421
-1.269346398288316
-0.7860394437627518
-0.7860394437627515
-0.7275957726536071
-1.0218470791559584
-0.7708113392219349
-0.433344466151256
-0.7275957726536071
-0.7587815691279653
-1.0218470791559582
-0.7862071816929406
-1.0218470791559582
-0.4333441888844496
-0.7275957726536071
-0.7275957726536071
-0.05154415521337441
-0.789967910438724
-0.7275957726536071
-0.06828022535754918
-1.0218470791559584
-1.0218470791559582
-0.7914255045846299
-0.43334446615125577
-0.433344466151256
-1.144288607672197
-0.7708113392219348
-0.707106781186547
-0.07089589923457562
-0.433344466151256
-1.026723575731772
-1.0218473564227646
-0.7155660025596375
-0.433344466151256
-1.7333016504126246
-0.7275957726536071
-1.0218470791559582
-0.7084397462732183
-1.021847079155958
-1.1512708679530343
-0.7275957726536071
-0.7275952278172066
-0.6964099761792488
-0.7863778073843762
-0.7275957726536071
-0.7275957726536071
-0.6928732781107769
-0.5944117999471478
-1.6152264660032811
-0.7084392014368179
-0.495715781833166
-1.4917648332261764
-0.66522363486849
-0.075604976766951
-1.0218470791559584
-1.0218473564227646
-0.6964099761792488
-0.4284679695754423
-0.4284676923086359
-0.4525284722422679
-0.08031405429932714
-0.6964094313428483
-0.7275957726536071
-0.7587815691279653
-1.269346398288316
-1.0218470791559584
-0.4284679695754421
-0.8172252402371099
-0.7275957726536071
-0.7587821139643659
-0.4999999999999993
-0.7275957726536071
-0.7862071816929406
-0.6964099761792488
-0.7587815691279653
-1.026723575731772
-0.999999999999999
-0.7275957726536071
-1.1512712138789725
-1.0218470791559582
-0.49571714877277356
-0.4333441888844495
-0.8173926592805478
-1.0218470791559582
-0.7862068628061896
-0.789967910438724
-0.9999999999999989
-0.7155660025596376
-1.2623637504615959
-1.262363750461596
-0.6067799637593455
-0.45252750976338135
-1.0218473564227646
-1.0218473564227648
-0.7275957726536071
-0.433512204081445
-0.6843796612488787
-1.2623637504615959
-1.0267235757317719
-0.6928732781107768
-1.0218470791559584
-0.7743483145572132
-0.4284676923086359
-0.7155660025596376
-1.1442882201263145
-0.6964094313428483
-0.6964094313428483
-0.37097178352973836
-1.0218470791559584
-0.7275957726536071
-0.07560557292050851
-0.9999999999999992
-0.7813303662303757
-0.6964099761792488
-0.08031405429932714
-0.7862071816929406
-1.0218473564227646
-0.7708118840583353
-1.6152264660032811
-1.0218470791559584
-0.4331767282210668
-0.7396255427475765
-0.7862071816929406
-0.7275957726536071
-1.2623637920815407
-0.4333441888844496
-0.43822068546026327
-1.1389021593044364
-0.7899679104387242
-0.07089709154168988
-1.0218470791559584
-0.4333441888844496
-0.7275957726536071
-0.8053911461640078
-0.4333441888844495
-0.9999999999999987
-1.0267235757317719
-0.7275957726536071
-0.433344466151256
-0.7860394437627514
-0.7743480372904068
-1.026723575731772
-0.7275957726536071
-0.9999999999999987
-0.433344466151256
-0.7813303662303757
-0.7396255427475765
-1.143946074923688
-0.433344466151256
-0.7587815691279653
-0.6964094313428483
-1.0218473564227646
-0.6964099761792488
-0.433344466151256
-0.9999999999999989
-0.7275957726536071
-1.143946074923688
-1.0267235757317719
-0.7899679104387242
-1.615226466003281
-0.7275957726536071
-0.9999999999999989
-0.6964099761792488
-0.7587815691279653
-0.433344466151256
-0.6843802060852794
-1.0267235757317719
-0.7587821139643658
-0.7275957726536071
-0.7587815691279653
-0.9999999999999984
-0.7587821139643658
-0.6964099761792488
-0.8416241065255601
-1.026723575731772
-0.7275963174900075
-0.6964094313428484
-0.7743480372904068
-0.7084392014368179
-1.0218470791559582
-0.7275957726536071
-0.7860394437627518
-0.4284679695754421
-0.7396255427475766
-0.637625889296792
-1.0218473564227646
-0.707106781186547
-0.4211434954328467
-0.7275957726536071
-0.7396255427475765
-0.7396255427475765
-0.7275957726536071
-0.7275957726536071
-0.9999999999999991
-1.1389021593044364
-1.0218470791559582
-0.6964094313428484
-0.6964099761792488
-0.4333441888844496
-0.7862071816929406
-0.37097259593573295
-0.7275957726536071
-0.7862071816929406
-0.7984081524113499
-0.49571714877277356
-0.6964094313428484
-0.7396255427475766
-0.4284679695754423
-0.4957171487727735
-0.7275957726536071
-0.6964099761792488
-0.6843796612488788
-0.7860394437627516
-0.7587815691279653
-1.0218473564227646
-0.9047925951610377
-1.0218470791559582
-0.433344466151256
-0.7275957726536071
-0.42846769230863535
-0.7396255427475766
-1.0218470791559582
-0.42846824684224827
-0.7275957726536071
-1.269346398288316
-1.0218470791559584
-1.0218470791559582
-0.9999999999999986
-1.026723575731772
-1.026723575731772
-0.4525284722422679
-1.0218473564227646
-0.9999999999999982
-0.6964099761792488
-0.6964099761792488
-1.0218470791559582
-0.7275957726536071
-0.7396255427475766
-0.7984085399572322
-0.7587821139643659
-0.9999999999999992
-1.615226466003281
-0.7984085399572318
-0.9999999999999987
-0.8173935230036994
-0.7396255427475765
-0.6808435080168074
-0.4284679695754421
-0.7550208403821819
-0.7275957726536071
-0.43334446615125577
-0.433344466151256
-0.7275957726536071
-1.0218473564227648
-0.7550208403821818
-0.6964094313428483
-0.4284679695754421
-0.6964094313428483
-0.7275957726536071
-0.43351220408144475
-0.7001704789753829
-0.7191549858445808
-1.0267235757317719
-0.4284679695754421
-0.7003378980188208
-1.026723575731772
-0.9164836827466315
-1.0218473564227646
-0.7708113392219348
-0.7396255427475765
-0.7275957726536071
-0.7548536472883933
-0.7275957726536071
-0.7275957726536071
-0.9091589313372294
-1.269346398288316
-0.7155660025596376
-1.0218470791559582
-0.7155660025596376
-0.7275957726536071
-1.143946074923688
-0.7001707049250324
-0.7155660025596376
-0.7275957726536071
-0.7275952278172064
-0.38317275424814773
-1.2623637504615959
-0.7396255427475765
-0.7587815691279653
-0.8053911461640074
-0.7708118840583355
-1.026723575731772
-0.7550208403821818
-0.3709717835297384
-0.6843796612488787
-0.9999999999999991
-0.5515880320829242
-0.433344466151256
-0.4333441888844495
-1.1389021176844916
-0.42846769230863535
-0.7155660025596376
-0.7275957726536071
-0.3709717835297384
-0.7275957726536071
-0.7275957726536071
-0.791083401001948
-0.7587821139643659
-0.9091585437913471
-0.7275957726536071
-0.4331767282210668
-0.4214850444819157
-0.7587821139643658
-0.48351617805436425
-1.0218473564227646
-1.615226466003281
-0.6808435080168074
-1.7333016504126246
-0.433176728221067
-0.06828039234527938
-0.9999999999999991
-1.7333016504126246
-1.7333016504126246
-0.6255972088756235
-0.40440842938750327
-0.7860394437627518
-0.4382206854602636
-0.7275957726536071
-1.0218470791559584
-0.7961273166212001
-1.7333016504126246
-0.6964099761792488
-0.7572695862967439
-1.2623637920815407
-1.7333016504126246
-1.7333016504126246
-1.7333016504126246
-1.021847079155958
-1.7333016504126246
-0.9999999999999991
-1.7333016504126246
-1.0218470791559582
-0.4284679695754421
-0.07089589923457562
-0.7572695862967439
-1.2623637920815407
-1.7333016504126246
-1.7333016504126246
-1.7333016504126246
-7.703719777548916e-34
-1.7333016504126246
-1.7333016504126246
-1.2623637920815407
-1.245285618354684
-0.02277741501225472
-1.2623637920815407
-1.245285618354684
-0.7587815691279653
-1.7333016504126246
-1.245285618354684
-0.7910833593820035
-1.0218473564227646
-0.9091585437913471
-0.7743480372904068
-1.7333016504126246
-1.2623637920815407
-1.7333016504126246
-1.7333016504126246
-1.7333016504126246
-0.9091585437913471
-0.9999999999999991
-1.4971512815939372
-0.49999999999999956
-0.40440842938750327
-1.7333016504126246
-1.026723575731772
-0.817564723628139
-1.2623637920815407
-1.615226466003281
-1.615226466003281
-1.615226466003281
-0.7572695862967439
-1.974838813525011
-1.2623637920815407
-1.615226466003281
-1.974838813525011
-1.974838813525011
-1.7386880987803854
-1.7386880987803854
-0.7275957726536071
-1.6152264660032811
-1.7386880987803854
-0.9999999999999996
-1.974838813525011
-1.974838813525011
-1.7386880987803854
-1.7386880987803852
-1.974838813525011
-1.2623637920815407
-1.7333016504126249
-1.7333016504126249
-1.7386880987803852
-1.491765179152114
-0.4284682468422484
-1.5025373840357603
-0.99880674940913
-1.0275766484950823
-1.7386880987803854
-1.974838813525011
-0.6843802060852793
-1.7386880987803854
-0.4455454368696651
-1.7386880987803854
-0.4382206854602636
-0.7587821139643658
-1.974838813525011
-1.7333016504126249
-1.974838813525011
-1.974838813525011
-1.6152264660032811
-1.7333016504126249
-1.7386880987803852
-1.7386880987803854
-0.0897172492066397
-1.974838813525011
-1.7386880987803854
-1.7386880987803854
-1.974838813525011
-1.6152264660032811
-1.7386880987803854
-1.4917644873002387
-1.4971512815939372
-1.7386880987803854
-1.2674077077007924
-1.7386880987803854
-1.974838813525011
-1.5025373840357603
-1.5025373840357603
-1.2674077077007924
-1.974838813525011
-0.7071067811865467
-1.0322780313658249
-1.974838813525011
-1.7386880987803854
-1.974838813525011
-1.7333016504126246
-1.0322780313658249
-1.7333019963385625
-0.791083401001948
-1.974838813525011
-1.0218470791559582
-0.7155660025596376
-1.7386880987803854
-1.7333019963385625
-1.7386880987803854
-1.4917644873002383
-0.7587815691279653
-1.7386880987803854
-0.7275957726536071
-1.5025373840357603
-0.9047919990074804
-1.7386880987803854
-1.4917644873002383
-0.7003384428552215
-1.7386880987803854
-1.5025373840357603
-1.7333019963385625
-1.974838813525011
-1.7386880987803854
-0.7813303662303761
-1.491765179152114
-1.4917644873002387
-1.026723575731772
-1.974838813525011
-1.7333016504126249
-0.42846769230863535
-1.262363750461596
-1.974838813525011
-1.974838813525011
-1.974838813525011
-1.7333016504126249
-1.974838813525011
-1.7333016504126249
-1.7386880987803854
-1.974838813525011
-1.974838813525011
-1.7386880987803854
-1.7333016504126249
-1.7386880987803854
-1.974838813525011
-1.6152264660032811
-1.974838813525011
-1.974838813525011
-1.4917644873002387
-1.974838813525011
-1.7333016504126249
-1.026723575731772
-1.974838813525011
-1.6152264660032811
-1.7386880987803854
-0.4284682468422484
-1.7333016504126249
-1.2674077077007924
-1.7386880987803854
-1.7386880987803854
-1.7333016504126249
-1.2674077077007924
-1.974838813525011
-1.5025373840357603
-1.2674077077007924
-1.0267235757317719
-1.7386880987803854
-1.021847079155958
-1.6152264660032811
-1.974838813525011
-0.7587821139643659
-1.615226466003281
-1.7386880987803854
-0.7914255045846299
-0.43822068546026327
-1.4917648332261764
-1.0218470791559582
-1.0218473564227648
-0.4284676923086359
-1.2623637920815407
-0.7396255427475766
-1.7386880987803852
-0.8053911461640074
-0.43334446615125577
-1.974838813525011
-0.7396255427475766
-1.615226466003281
-1.4917644873002383
-1.974838813525011
-0.7275957726536071
-1.0267235757317719
-1.2674077077007924
-1.2674077077007924
-1.6152264660032811
-1.5025373840357603
-1.974838813525011
-1.7386880987803854
-0.7860394853826959
-1.974838813525011
-1.4917648332261766
-0.49571578183316606
-0.7275957726536071
-1.7386880987803854
-1.974838813525011
-1.974838813525011
-1.4971509356679993
-1.974838813525011
-1.974838813525011
-0.7914259337504569
-0.7003384428552215
-0.7860394437627518
-0.7587815691279653
-1.0218473564227646
-1.6152264660032811
-1.974838813525011
-1.7386880987803854
-0.4284679695754421
-1.974838813525011
-1.4917648332261766
-1.974838813525011
-0.6843796612488787
-1.5025373840357599
-0.6964094313428483
-0.9047919990074804
-0.7275957726536071
-0.07089649538813281
-1.974838813525011
-1.2623637920815407
-1.974838813525011
-1.7333016504126246
-1.974838813525011
-1.974838813525011
-1.1442882201263145
-1.245285618354684
-1.974838813525011
-1.974838813525011
-0.7862068628061896
-1.974838813525011
-1.974838813525011
-0.9999999999999988
-0.7672227434828741
-1.2693463982883162
-1.7333016504126246
-1.1442882201263145
-0.4999999999999996
-0.07089589923457484
-1.7386880987803852
-1.4917648332261764
-1.4917648332261764
-1.0218470791559584
-0.7572695862967436
-0.43334446615125577
-1.615226466003281
-1.7333016504126246
-1.7333016504126249
-1.7386880987803854
-0.3803479267206775
-1.974838813525011
-1.7333016504126246
-0.08031448346515357
-1.7333016504126246
-1.7386880987803854
-1.2623637920815407
-1.4917644873002383
-1.7333016504126246
-1.5025373840357603
-1.7333016504126249
-0.09234061774529878
-1.7333016504126246
-1.4917644873002383
-1.5025373840357603
-0.7275957726536071
-0.09234061774529845
-1.6152264660032811
-1.615226466003281
-1.6152264660032811
-1.4917644873002383
-1.974838813525011
-0.07560497676695133
-1.5025373840357603
-1.0218473564227648
-1.2623637920815407
-1.7333016504126249
-1.4917644873002383
-1.2693463982883162
-0.9047919990074804
-0.4525280846963854
-1.974838813525011
-1.2674077077007924
-0.43822068546026327
-1.7386880987803854
-1.974838813525011
-1.6152264660032811
-1.4971512815939372
-1.7386880987803852
-1.615226466003281
-1.7333016504126246
-1.7333016504126246
-1.4917651791521143
-1.4971512815939372
-0.4957171487727735
-0.7275957726536071
-1.7333016504126246
-1.974838813525011
-0.9999999999999984
-1.7333016504126246
-1.7386880987803854
-0.7914259337504569
-0.6567833928958643
-1.026723575731772
-1.245285618354684
-1.974838813525011
-0.7155660025596376
-1.6152264660032811
-1.974838813525011
-1.974838813525011
-0.8107772486058303
-0.433344466151256
-0.7396255427475766
-1.6152264660032811
-0.43822068546026327
-0.7862068628061896
-1.7333016504126246
-1.2674077077007924
-1.7386880987803852
-1.026723575731772
-1.7333016504126246
-1.2623637920815407
-0.7396260875839772
-1.7333019963385625
-1.026723575731772
-0.051544584379201286
-1.6152264660032811
-0.9999999999999982
-0.4284679695754421
-1.7386880987803854
-0.4284679695754423
-1.0322780313658249
-1.026723575731772
-1.2623637920815407
-1.6152264660032811
-1.7386880987803854
-1.021847079155958
-1.262363750461596
-1.0218473564227646
-1.7386880987803854
-1.4917644873002383
-1.2623637920815407
-0.7587815691279653
-1.7333016504126246
-1.974838813525011
-1.974838813525011
-1.5025373840357603
-1.0218470791559584
-1.7386880987803854
-1.974838813525011
-0.7743483145572132
-0.495715781833166
-1.615226466003281
-0.08501586633589664
-1.7333019963385625
-1.7386880987803854
-0.7860394437627518
-1.262363750461596
-1.7386880987803854
-0.7743483145572132
-1.0218470791559582
-1.974838813525011
-1.6152264660032811
-0.7275957726536071
-0.7003378980188208
-1.0218470791559584
-0.051544584379201286
-0.7275957726536071
-1.6152264660032811
-1.7386880987803854
-0.7275957726536071
-0.49571578183316606
-0.7862071816929406
-1.0218470791559582
-0.7863787698632628
-0.7275957726536071
-0.07089649538813281
-0.7275957726536071
-0.4525275097633811
-1.0267235757317719
-1.026723575731772
-1.0218470791559584
-1.0218470791559582
-1.026723575731772
-1.4917644873002383
-1.0267235757317719
-1.026723575731772
-1.4917648332261764
-0.6691521015444626
-0.9091589313372296
-0.7275957726536071
-1.2623637504615959
-1.974838813525011
-0.37097178352973836
-1.974838813525011
-0.45252750976338135
-1.026723575731772
-0.9999999999999991
-1.026723575731772
-0.7587815691279653
-0.08501543717006962
-1.6152264660032811
-1.0218470791559584
-0.7813303662303757
-0.6689846825010246
-1.7386880987803854
-0.09234061774529878
-0.4382206854602636
-1.974838813525011
-0.08031448346515446
-1.6152264660032811
-1.7386880987803854
-0.4284676923086359
-1.974838813525011
-0.7275957726536071
-0.08501543717006962
-0.09234061774529845
-0.9999999999999983
-1.026723575731772
-0.7396255427475765
-0.7910833593820035
-1.245285618354684
-0.6688137379228379
-0.791083401001948
-0.07089649538813281
-0.4525275097633811
-0.7587815691279653
-0.6688127754439512
-1.7333016504126246
-0.7587821139643658
-1.974838813525011
-1.7386880987803854
-1.615226466003281
-0.7708113392219349
-0.6964094313428484
-0.7587821139643659
-1.4971512815939372
-1.1512708679530346
-1.7333016504126246
-0.9999999999999984
-1.2674077077007924
-1.0218470791559584
-1.615226466003281
-0.7275957726536071
-1.2623637920815407
-1.026723575731772
-0.7550208403821818
-1.497150935667999
-1.0267235757317719
-0.7155660025596375
-1.0218470791559584
-0.433344466151256
-1.7386880987803854
-0.433344466151256
-1.0267235757317719
-0.42846769230863535
-1.615226466003281
-1.026723575731772
-0.6964099761792488
-1.4917648332261766
-1.0267235757317719
-1.6152264660032811
-0.433344466151256
-0.7275957726536071
-1.974838813525011
-1.4917644873002383
