-1.8103656242698043
-0.14240210174166806
-1.3393319632644907
-0.2659541978839288
-1.81323719345118
-1.8134134830812392
-1.8188033199966873
-1.3397219751559768
-0.2824033945348948
-1.3399915377399063
-0.27361299210512174
-1.8166063334085927
-1.4361458433700618
-0.28236083616976393
-1.344837675852964
-1.4375394894536417
-1.3347441259739807
-1.81598984260474
-1.8108314045644762
-1.813784058505997
-0.14199034375900982
-1.4398977349385849
-1.8168979191962333
-1.4342377450994093
-1.4334021771498313
-1.3494819435259693
-1.3730515134252528
-1.8167189726604835
-1.814447049216395
-1.8142784676886823
-1.8641188345745303
-1.4021630136607905
-1.4128133130314284
-1.8638139903531603
-1.8569362569689545
-1.8606663630855516
-1.3200501639069973
-0.24642669732882558
-1.391400900780028
-1.4102576151972763
-1.8690248064108634
-1.8626576993331654
-1.867121434609487
-1.3465763322052124
-1.3912131689082394
-1.3993871415765478
-1.862466552232867
-1.8618294271076992
-1.8668648917062214
-0.13773264677096336
-0.28248166025990545
-1.865245254952422
-1.86477183155753
-1.4204680904317473
-1.8697347955528025
-1.359440125408895
-0.7111177699055812
-0.4542695388837391
-1.2684415185078466
-1.4001516228425428
-1.4102983593700802
-1.8661012677816249
-1.865997728322466
-1.862098589097822
-1.3221730325632353
-0.24303670465475988
-1.3841915512855194
-1.4176354500808852
-1.858211209319956
-1.8665533440092248
-1.8619546774839648
-1.3495961335398032
-1.3986265978794759
-1.3995605038403232
-1.8650204050953536
-1.8632167142652771
-1.8657830474191415
-0.14084219392880953
-0.29241162267160237
-1.8637129456926906
-1.8581279393401857
-1.4158932463649205
-1.8658548472501173
-0.9984878284662048
-1.6384990456940827
-1.6369231398514663
-1.8680955341284147
-1.8641371694630489
-1.8680078235935422
-1.5933421114444069
-1.063267404948225
-1.6242988574077128
-1.6377644392174442
-1.8633004120801875
-1.8642931450302833
-1.8611021864102182
-1.6139858664585094
-1.6286211360858913
-1.6318510484866233
-1.8589828866724032
-1.8594327451424038
-1.8655164975878957
-1.8659260407476235
-0.9897747831809934
-1.084042003652576
-1.8607362335787552
-1.8672226356218653
-1.8652331888494258
-1.8708349980853667
-1.8644336810653321
-1.6078020789615868
-1.6387227565352362
-1.8612106267861428
-1.866691755207383
-1.865082521276484
-1.8627202319746032
-1.859187054134021
-1.863083856514384
-1.8654675752590866
-1.005950656502863
-1.63654405026324
-1.6378138966224605
-1.8623211264648045
-1.862823843847956
-1.8697705865676348
-1.5938408870757643
-1.063719210934513
-1.6293607480656556
-1.6420666023892334
-1.857976972900113
-1.8655871154379586
-1.8659923855464613
-1.6141797191258787
-1.634800754196767
-1.63961577967202
-1.8706324719569407
-1.8607083920525977
-1.8619908373923009
-1.8625883816193642
-1.003188009761865
-1.0614724933246187
-1.8637632712784855
-1.8663648507321302
-1.870074472932749
-1.8602225993234813
-1.86206008952775
-1.6069628625707668
-1.642354983466638
-1.8566612266304872
-1.8698022868091
-1.8600719683243443
-1.6108555020271758
-1.8031712973538356
-1.7925339133299834
-1.8603929886347403
-1.8625310645137523
-1.8661590497992964
-1.7842229308788617
-1.6304609055889445
-1.787763723977943
-1.8033919198753119
-1.8587144202234755
-1.8701252452071901
-1.8683194079918586
-1.794588240153966
-1.7871727529948362
-1.7975187911731436
-1.8623773338929817
-1.8641896139046406
-1.862533630884787
-1.8595505426179004
-1.6081335865765234
-1.6181468354093553
-1.8656523476798528
-1.8552826306647274
-1.8650575067148067
-1.8677718045564518
-1.7925337390573675
-1.7876183303331894
-1.8607363160754353
-1.8629788380155006
-1.8617342724430788
-1.8646119979140732
-1.7997748713383948
-1.848848400717376
-1.850816734730989
-1.8606672821030745
-1.8635124746160807
-1.861651428698682
-1.8427871779881229
-1.8002712058670043
-1.8441118722916576
-1.849598527753944
-1.8667585352932328
-1.8665746898027096
-1.8642100425547519
-1.8452667094640203
-1.8468852090723145
-1.8488890014242352
-1.8614793258000604
-1.865968703427436
-1.8578540862176118
-1.8587182475228285
-1.801244669458353
-1.8057813307854247
-1.8689555722175324
-1.8624523587214106
-1.8677429936846635
-1.8704288912114346
-1.8425951959896558
-1.852649773603495
-1.8691837562382239
-1.868382721187966
-1.8684480739451208
-1.8699305553993129
-1.8451607643395358
-1.857690099966494
-1.8634811297875644
-1.8695577719090744
-1.871445814047791
-1.8633194143580938
-1.8612611726132822
-1.8477029160557117
-1.8599863957444236
-1.8587629250405924
-1.8617439552299297
-1.8672932582330404
-1.8613868478625597
-1.8544656226112695
-1.853811673004445
-1.8515031651948137
-1.867555822973297
-1.8659806704286583
-1.8631246068110963
-1.8648218134114412
-1.8498675445766972
-1.8491392304199716
-1.8705931065371681
-1.8645087539634202
-1.8603565555118036
-1.8615659587891153
-1.858837824627794
-1.8635560190731388
-1.8609889350190818
-1.8633277896258464
-1.8668117421072479
-1.8653560538727567
-1.8561668573660088
-1.8646425787409449
-1.869821763987784
-1.8658911264927276
-1.8433640539391563
-1.8610840718892676
-1.8568723339096145
-1.8625854140138505
-1.8589747926829723
-1.8678429862702668
-1.8576063568752075
-1.8439316426211418
-1.8560436100101847
-1.8668016003562453
-1.8676557089227188
-1.8592582026363065
-1.8666205216849923
-1.851714465295819
-1.865910051424636
-1.8528878213691262
-1.8639763846341
-1.8619453020306496
-1.8597348209457407
-1.8568120165823918
-1.8474035086357734
-1.846122607117655
-1.865823196155641
-1.8635295306558488
-1.8579298185079827
-1.8611275948620716
-1.859242055531146
-1.8520880259354782
-1.8599159027005543
-1.8616871998131017
-1.8622786071091952
-1.8616462134160883
-1.855668186005376
-1.868731965444543
-1.855135914323633
-1.8630251915970173
-1.8605155500491448
-1.864969839790716
-1.8592653416996439
-1.8569518348981569
-1.862182259035861
-1.8660007613336878
-1.8631942099889638
-1.8652812777195749
-1.8685215624653098
-1.8655508349112027
-1.862856472713743
-1.8645911886319229
-1.868749754708535
-1.864836402074388
-1.8647699814426102
-1.8701635763989848
-1.8676571171468632
-1.8520467820015427
-1.8723318116771726
-1.8663661684303168
-1.8747065451482063
-1.8648468120767152
-1.8552174592732382
-1.856885580672495
-1.8659815200331429
-1.8646977914902512
-1.8660443001658384
-1.8685960360418514
-1.8590388380757845
-1.854661605133603
-1.8712099285135677
-1.869317131641095
-1.848840483665827
-1.8635133608475836
-1.8701248118944687
-1.8732987613503196
-1.8605979680285218
-1.8615835365283304
-1.8714139921012622
-1.8559015621620027
-1.8628207664311192
-1.863656787038234
-1.8626976400867976
-1.8626254043921777
-1.8642429699579548
-1.864953410103857
-1.8631380345922195
-1.8682921437599362
-1.8655717123857125
-1.8594909395680932
-1.8730192373522008
-1.8638776278697722
-1.8520661855446305
-1.8630787171547207
-1.8634260149716975
-1.8707264194126147
-1.8708127099948553
-1.8665972901033427
-1.8759955110840714
-1.870466462459342
-1.8687897303648542
-1.8731120671908656
-1.8627433587678848
-1.8701828840792132
-1.8608962629669952
-1.859056483312418
-1.8620949818149657
-1.8711926749766665
-1.8643088128260956
-1.867211947194195
-1.8687500093687421
-1.8572735363273656
-1.8580237116328577
-1.8680017971152483
-1.8666371093379104
-1.8602713751614344
-1.8693909421176023
-1.8636927571723252
-1.8600459392761173
-1.8634912627156655
-1.8668393240853502
-1.86339982759327
-1.8700641610541442
-1.8605658123614783
-1.85889088945483
-1.8663318510320561
-1.8624708973624204
-1.8686894806243644
-1.862131973033728
-1.860940900549744
-1.8610243995719657
-1.8567698689489522
-1.8655778412179196
-1.8517698173925266
-1.8553933044099484
-1.8638847596471546
-1.8652143840551367
-1.859013625384626
-1.8675146405649876
-1.8593533060642715
-1.8619767263965126
-1.8650652287877274
-1.8665632791415296
-1.8653726816538625
-1.8655222618063894
-1.860532887893656
-1.8627461396649247
-1.8613747608761886
-1.8651824936071963
-1.8680556868523013
-1.8728127323863748
-1.8631808648403068
-1.8630019244652005
-1.861862805476868
-1.8639625977106566
-1.862721375646162
-1.8640011888691879
-1.8628131843995193
-1.859518005888714
-1.8665745660774031
-1.8610366457457714
-1.8582090457778855
-1.8563116698288997
-1.8617081711512917
-1.8595190922746276
-1.8594620581224404
-1.8554939617695032
-1.8637088759330926
-1.865263238923417
-1.8587816309595722
