-1.0661086493179361
-0.5400662794919303
-0.5490812095500965
-0.2725376295498443
-0.8075949294340163
-0.5400662794919303
-0.9999999999999991
-3.3306690738754696e-16
-0.9999999999999991
-0.9999999999999991
-0.9999999999999991
-0.5400662794919303
-0.7071067811865468
-0.5400662794919303
-0.7278419329192343
-0.8075949294340163
-1.0661086493179361
-0.9999999999999989
-0.9999999999999991
-0.5400662794919303
-0.5400662794919303
-0.9999999999999987
-0.9999999999999991
-0.9999999999999989
-0.5490812095500965
-0.5400662794919303
-0.5400662794919303
-0.7368568629774005
-0.9999999999999989
-0.7071067811865469
-0.9999999999999989
-0.9999999999999991
-0.8075949294340162
-0.7368568629774005
-0.9999999999999991
-0.5400662794919303
-0.9999999999999989
-0.9999999999999989
-0.34327569600646013
-0.5400662794919303
-0.9999999999999989
-0.9999999999999987
-0.9999999999999989
-0.9999999999999993
-0.8075949294340163
-0.5400662794919303
-0.7368568629774005
-0.5400662794919303
-0.8075949294340163
-0.5310513494337641
-0.5400662794919303
-0.5400662794919303
-0.9999999999999991
-0.5400662794919303
-0.3342607659482939
-0.3342607659482939
-0.5400662794919303
-0.5400662794919303
-0.2725376295498443
-0.9999999999999991
-0.2725376295498443
-0.9999999999999989
-0.5400662794919303
-0.9999999999999987
-0.7278419329192343
-0.9999999999999991
-0.2725376295498443
-0.9999999999999993
-0.7071067811865468
-0.5400662794919303
-0.9999999999999989
-0.9999999999999989
-0.8075949294340163
-0.7368568629774005
-0.9999999999999989
-0.8075949294340163
-0.5400662794919303
-0.7278419329192343
-0.2725376295498443
-0.5400662794919303
-0.5400662794919303
-0.5490812095500965
-0.7071067811865469
-0.5400662794919303
-0.9999999999999991
-1.0661086493179361
-0.5310513494337641
-0.9999999999999991
-0.9999999999999987
-0.8075949294340162
-0.2725376295498443
-0.9999999999999991
-0.8075949294340162
-0.5400662794919303
-0.34327569600646013
-0.9999999999999991
-0.9999999999999987
-0.34327569600646013
-0.9999999999999991
-0.9999999999999991
-0.9999999999999991
-0.8075949294340162
-0.5490812095500965
-0.7368568629774005
-0.5400662794919303
-0.9999999999999991
-0.2725376295498443
-0.34327569600646013
-0.8075949294340163
-0.5400662794919303
-0.9999999999999987
-0.5400662794919303
-0.9999999999999987
-0.7368568629774005
-0.7368568629774005
-0.9999999999999991
-0.7278419329192343
-0.9999999999999993
-0.7071067811865466
-0.9999999999999991
-0.5400662794919303
-0.9999999999999989
0.0
-0.2725376295498443
-0.9999999999999989
-0.9999999999999989
-0.2725376295498443
-0.5490812095500965
-0.9999999999999993
-1.0661086493179361
-0.8075949294340162
-0.5400662794919303
-0.9999999999999989
-0.9999999999999991
-0.5400662794919303
-0.5490812095500965
-0.9999999999999987
-0.9999999999999991
-0.34327569600646013
-1.0
-0.8075949294340163
-0.5400662794919303
-0.5400662794919303
-0.34327569600646013
-0.7071067811865468
-0.5400662794919303
-0.9999999999999987
-0.8075949294340162
-0.8075949294340162
-0.9999999999999989
-0.5400662794919303
-0.5400662794919303
-0.7278419329192343
-0.9999999999999989
-0.7368568629774005
-0.9999999999999987
-0.9999999999999991
-0.5400662794919303
-0.9999999999999989
-0.5400662794919303
-1.0661086493179361
-0.9999999999999991
-0.9999999999999989
-0.5400662794919303
-0.9999999999999993
-0.5400662794919303
-0.9999999999999991
-0.5400662794919303
-1.0661086493179361
-0.9999999999999987
-0.2725376295498443
-0.5310513494337641
-0.9999999999999991
0.004005950450407969
-0.5400662794919303
-0.5490812095500965
-0.9999999999999989
-0.9999999999999989
-0.9999999999999987
-0.2725376295498443
-0.5490812095500965
-0.9999999999999989
-0.5310513494337641
-0.2725376295498443
-0.7458717930355667
-0.2725376295498443
-0.5310513494337641
0.004005950450407969
-0.9999999999999989
-0.7368568629774005
-0.5400662794919303
-0.5400662794919303
-0.9999999999999989
-0.5400662794919303
-0.2725376295498443
-0.5400662794919303
-0.9999999999999991
-0.9999999999999991
-0.5310513494337641
-0.9999999999999989
-0.9999999999999989
-0.9999999999999991
-0.9999999999999989
-0.5400662794919303
-0.9999999999999987
-0.5400662794919303
-0.8075949294340162
-0.9999999999999989
-0.5400662794919303
-0.707106781186547
-0.9999999999999991
-0.5400662794919303
-0.5400662794919303
-0.7458717930355667
-0.9999999999999989
-0.7458717930355667
-0.8075949294340162
-0.9999999999999989
-0.8075949294340162
-0.2725376295498443
-0.9999999999999991
-0.49999999999999933
-0.9999999999999989
-0.5400662794919303
-0.5400662794919303
-0.707106781186547
-0.8075949294340162
-0.5400662794919303
-0.9999999999999991
-0.9999999999999989
-0.9999999999999989
-0.34327569600646013
-0.9999999999999992
-0.9999999999999993
-0.9999999999999991
-0.7368568629774005
-0.9999999999999987
-0.9999999999999989
-0.9999999999999989
-0.9999999999999993
-0.5400662794919303
-0.5490812095500965
-0.5400662794919303
-0.9999999999999991
-0.5400662794919303
-0.9999999999999987
-0.2725376295498443
-0.9999999999999989
-0.9999999999999989
-0.7368568629774005
-0.8075949294340163
-0.9999999999999989
-0.9999999999999989
-0.9999999999999989
-0.8075949294340162
-0.5400662794919303
-0.7278419329192343
-0.9999999999999987
-0.9999999999999991
-0.8075949294340162
-0.9999999999999989
-0.7278419329192343
-1.0661086493179361
-0.8075949294340163
-0.8075949294340163
-0.9999999999999989
-0.34327569600646013
-0.9999999999999991
-0.2725376295498443
-0.8075949294340163
-0.9999999999999989
-0.9999999999999989
-0.5400662794919303
-0.7368568629774005
0.0
-0.9999999999999989
-0.9999999999999989
-0.7368568629774005
-0.9999999999999991
-0.9999999999999989
-0.9999999999999989
-0.9999999999999989
-0.7368568629774005
-0.8075949294340163
-0.2725376295498443
-0.9999999999999987
-0.5490812095500964
-0.9999999999999987
-0.7278419329192343
-0.9999999999999987
-0.8075949294340162
-0.7071067811865467
-0.7071067811865468
3.3306690738754696e-16
-0.9999999999999991
-0.9999999999999991
-0.9999999999999987
-0.9999999999999991
-0.8075949294340163
-0.7278419329192343
-0.9999999999999991
-0.9999999999999987
-0.7278419329192343
-0.9999999999999989
-0.9999999999999987
-0.7368568629774005
-0.2725376295498443
-0.9999999999999989
-0.9999999999999989
-0.5400662794919303
-0.7368568629774005
-0.9999999999999987
-0.5400662794919303
-0.2725376295498443
-0.5400662794919303
-0.5400662794919303
-0.8075949294340163
-0.9999999999999991
-0.9999999999999987
-0.35229062606462636
-0.5400662794919303
-0.9999999999999991
-0.34327569600646013
-0.7071067811865472
-0.5400662794919303
-0.9999999999999991
-1.0661086493179361
-0.9999999999999991
-0.9999999999999987
-0.5400662794919303
-0.8075949294340163
-0.9999999999999991
-0.9999999999999991
-0.9999999999999987
-0.5490812095500965
-0.5400662794919303
-0.9999999999999991
-0.9999999999999987
-0.7368568629774005
-0.7071067811865467
-0.2725376295498443
-0.9999999999999987
-0.9999999999999987
-0.2725376295498443
-1.0661086493179361
-0.5400662794919303
-0.9999999999999998
-0.5310513494337641
-0.2725376295498443
-0.9999999999999991
-0.9999999999999993
2.7755575615628914e-16
-0.5400662794919303
-0.5400662794919303
-0.9999999999999989
-0.9999999999999991
-0.5400662794919303
-0.5400662794919303
-0.7368568629774005
-0.2725376295498443
-0.5400662794919303
-0.9999999999999991
-0.5400662794919303
-0.5400662794919303
-0.2725376295498443
-0.5490812095500965
-0.2725376295498443
-0.9999999999999991
-0.5400662794919303
-0.5310513494337641
-0.2725376295498443
-0.9999999999999991
-0.9999999999999991
-0.9999999999999987
-0.707106781186547
0.0
-0.9999999999999987
-1.0661086493179361
-0.7368568629774005
-0.5400662794919303
-0.8075949294340162
-0.9999999999999996
-0.5400662794919303
-0.9999999999999998
-0.9999999999999989
-0.9999999999999987
-0.8075949294340162
-0.8075949294340163
-0.9999999999999989
-0.3342607659482939
-0.8075949294340163
-0.5400662794919303
-0.8075949294340162
-0.9999999999999989
-0.5400662794919303
-0.9999999999999987
-0.9999999999999989
-0.9999999999999987
-0.9999999999999991
-0.7368568629774005
-0.9999999999999989
-0.9999999999999991
-0.5490812095500965
-0.5400662794919303
-0.9999999999999989
-0.8075949294340162
-0.8075949294340162
-0.34327569600646013
-0.9999999999999987
-0.5400662794919303
-0.9999999999999991
-0.5400662794919303
-0.5310513494337641
-0.2725376295498443
-0.5400662794919303
-0.9999999999999989
-0.8075949294340162
-1.0661086493179361
-0.9999999999999989
-0.2725376295498443
-0.5400662794919303
-0.8075949294340163
-0.5400662794919303
-0.9999999999999989
-0.4999999999999998
-1.0661086493179361
-0.5490812095500965
-0.9999999999999989
-0.8075949294340163
-0.5490812095500965
-0.5400662794919303
-0.9999999999999989
-0.9999999999999989
-0.9999999999999987
-0.9999999999999989
-0.8075949294340163
-0.7368568629774005
-0.7458717930355667
-0.707106781186547
-0.34327569600646013
-0.8075949294340163
-0.9999999999999989
-0.34327569600646013
-0.9999999999999987
-0.9999999999999991
-0.5400662794919303
-0.8075949294340162
-0.9999999999999991
-0.9999999999999989
-0.2725376295498443
-0.9999999999999993
-0.5400662794919303
-0.9999999999999989
-0.5310513494337641
-0.9999999999999989
-0.9999999999999987
-0.8075949294340162
-0.8075949294340162
-0.9999999999999989
-0.5400662794919303
-0.7071067811865469
-0.9999999999999991
-0.5310513494337641
-0.9999999999999991
-0.8075949294340163
-0.5490812095500964
0.004005950450407969
-0.9999999999999992
-0.5400662794919303
-1.0661086493179361
-0.2725376295498443
-0.5400662794919303
-0.5400662794919303
2.7755575615628914e-16
-0.9999999999999991
-0.7368568629774005
-0.5400662794919303
-0.9999999999999989
-0.5490812095500965
-0.9999999999999989
-0.5400662794919303
-0.9999999999999987
-0.9999999999999991
-0.5490812095500965
-0.5400662794919303
-0.9999999999999991
-0.9999999999999989
-0.2725376295498443
-0.7278419329192343
-0.9999999999999989
-0.5490812095500965
-0.5490812095500965
-0.9999999999999989
-0.9999999999999989
-0.9999999999999987
-0.5400662794919303
-0.9999999999999991
-0.2725376295498443
-0.2725376295498443
-0.3342607659482939
-0.9999999999999987
-0.5490812095500965
-0.8075949294340163
-0.9999999999999989
-0.7071067811865467
-1.0661086493179361
-0.9999999999999987
-0.2725376295498443
-0.5400662794919303
-0.7278419329192343
-0.9999999999999991
-1.0661086493179361
-1.0661086493179361
-0.5400662794919303
-0.9999999999999989
-0.5400662794919303
-0.9999999999999991
-0.9999999999999989
-0.8075949294340162
-0.8075949294340162
-0.9999999999999991
-0.5400662794919303
-0.9999999999999991
-0.9999999999999991
-0.34327569600646013
-1.0661086493179361
-0.9999999999999987
-0.9999999999999993
-0.9999999999999989
-0.5490812095500965
-0.8075949294340163
-1.0661086493179361
-0.9999999999999993
-0.9999999999999989
-0.5400662794919303
-0.9999999999999989
-0.9999999999999989
-0.9999999999999989
-0.5400662794919303
4.996003610813204e-16
-0.5400662794919303
-0.707106781186547
-0.9999999999999989
-0.5490812095500965
-0.8075949294340162
-0.34327569600646013
-1.0
-0.9999999999999991
-1.0661086493179361
-0.9999999999999989
-0.9999999999999991
6.661338147750939e-16
-0.5400662794919303
-1.0661086493179361
-0.8075949294340162
-0.8075949294340163
-0.9999999999999991
-0.9999999999999987
-0.8075949294340163
-0.9999999999999991
-0.9999999999999989
-0.9999999999999991
-1.0661086493179361
-0.5490812095500964
-0.7368568629774005
-0.9999999999999989
-0.9999999999999989
-0.34327569600646013
-0.9999999999999989
-0.8075949294340162
-0.8075949294340162
-0.5400662794919303
-0.8075949294340163
-0.9999999999999987
-0.5490812095500965
-0.9999999999999991
-0.5400662794919303
-1.0661086493179361
-0.9999999999999992
-1.0
-0.9999999999999989
-0.5400662794919303
-0.707106781186547
-1.0661086493179361
-0.2725376295498443
-0.5400662794919303
-0.2725376295498443
-0.7368568629774005
-1.0661086493179361
-1.0661086493179361
-0.9999999999999989
-0.9999999999999989
-1.0661086493179361
-0.5400662794919303
-1.0661086493179361
-0.5400662794919303
-0.9999999999999987
-1.0661086493179361
-0.5490812095500965
-0.7278419329192343
-1.0661086493179361
0.0
-0.9999999999999989
-0.9999999999999989
-1.0661086493179361
5.551115123125783e-17
-1.0661086493179361
-0.8075949294340162
-0.9999999999999991
-0.5400662794919303
-1.0661086493179361
-0.9999999999999991
-1.0661086493179361
-0.9999999999999987
-1.0661086493179361
-0.5400662794919303
-0.7368568629774005
-0.9999999999999992
-0.5490812095500965
-0.9999999999999989
-0.9999999999999989
-1.0661086493179361
-0.8075949294340162
-0.9999999999999987
-0.5400662794919303
-0.8075949294340163
-0.5400662794919303
-0.9999999999999991
-0.5310513494337641
-0.5400662794919303
-0.8075949294340163
-0.8075949294340163
-0.9999999999999989
-0.9999999999999989
-0.9999999999999987
-0.5310513494337641
-0.5400662794919303
-0.5310513494337641
-0.9999999999999991
-0.2725376295498443
-0.9999999999999987
-0.9999999999999989
-1.0661086493179361
-0.7368568629774005
-1.0661086493179361
-1.0661086493179361
-0.9999999999999991
-0.5400662794919303
-1.0661086493179361
-1.0661086493179361
-0.5490812095500965
-0.9999999999999987
-0.9999999999999987
-1.0661086493179361
-0.5400662794919303
-0.5400662794919303
-0.8075949294340163
-0.5310513494337641
-3.3306690738754696e-16
-1.0661086493179361
-0.9999999999999989
-0.5400662794919303
-0.9999999999999991
-0.5490812095500965
-1.0661086493179361
-0.34327569600646013
-0.8075949294340163
-0.9999999999999991
-0.2725376295498443
-0.8075949294340162
-1.0661086493179361
-0.2725376295498443
-1.0661086493179361
-0.5400662794919303
-0.9999999999999991
-0.2725376295498443
-0.9999999999999989
-1.0661086493179361
-1.0661086493179361
-0.9999999999999991
-0.9999999999999989
-0.2725376295498443
-0.2725376295498443
-1.0661086493179361
-0.5400662794919303
-1.0661086493179361
-0.9999999999999991
-0.9999999999999987
-0.8075949294340163
-0.9999999999999987
0.004005950450407969
-0.3342607659482939
-0.9999999999999989
-1.0661086493179361
-0.8075949294340163
-0.9999999999999989
-0.9999999999999989
-0.5490812095500965
-0.9999999999999989
-1.0661086493179361
-1.0661086493179361
-1.0661086493179361
-0.34327569600646013
-1.0661086493179361
-0.8075949294340162
-0.9999999999999998
-1.0661086493179361
-0.2725376295498443
-0.5400662794919303
-0.9999999999999989
-1.0661086493179361
-0.5400662794919303
-0.9999999999999989
-0.5400662794919303
-0.5490812095500964
-1.0661086493179361
-0.9999999999999989
-0.8075949294340163
0.0
-0.34327569600646013
-1.0661086493179361
-0.9999999999999989
-0.9999999999999987
-0.9999999999999991
-0.5310513494337641
-0.9999999999999989
-0.9999999999999989
-0.5400662794919303
-0.3342607659482939
-0.8075949294340163
-0.8075949294340162
-0.9999999999999989
-1.0661086493179361
-0.2725376295498443
-0.5310513494337641
-0.7278419329192343
-0.7368568629774005
-0.9999999999999989
-0.5490812095500964
-2.220446049250313e-16
-1.0661086493179361
-0.5490812095500964
-0.9999999999999987
-1.0661086493179361
-0.7278419329192343
-0.7278419329192343
-0.5400662794919303
-0.3342607659482939
-0.5400662794919303
-0.5310513494337641
-0.9999999999999989
-0.34327569600646013
-0.9999999999999989
-0.34327569600646013
-0.8075949294340163
-0.9999999999999987
-1.0661086493179361
-0.8075949294340163
-0.5400662794919303
-0.9999999999999987
-0.8075949294340162
-0.8075949294340163
-0.2725376295498443
-0.9999999999999991
-1.0661086493179361
-1.0661086493179361
-0.9999999999999991
-0.9999999999999989
-1.0661086493179361
-1.0661086493179361
-1.0661086493179361
-0.9999999999999989
-0.9999999999999989
-0.9999999999999987
-0.2725376295498443
-0.2725376295498443
-1.0661086493179361
-0.9999999999999993
-0.5400662794919303
-0.9999999999999989
-0.5400662794919303
-0.5400662794919303
-0.8075949294340163
-0.9999999999999987
-0.9999999999999991
-0.9999999999999987
-0.9999999999999991
-1.0661086493179361
-0.2725376295498443
-1.0661086493179361
-0.2725376295498443
-0.9999999999999991
-0.8075949294340163
-0.9999999999999987
-0.9999999999999991
-0.9999999999999991
-0.7368568629774005
-0.5400662794919303
-0.9999999999999992
-0.8075949294340163
-0.5400662794919303
-0.5310513494337641
-0.5400662794919303
-0.5400662794919303
-0.7278419329192343
-1.0661086493179361
-0.8075949294340163
-0.8075949294340163
-0.9999999999999987
-1.0661086493179361
-0.9999999999999992
-0.9999999999999992
0.004005950450407969
-0.9999999999999992
-0.9999999999999992
-1.0661086493179361
-0.9999999999999989
-0.9999999999999989
-1.0661086493179361
-1.0661086493179361
-0.8075949294340163
-0.9999999999999989
-0.2725376295498443
-0.2725376295498443
-1.0661086493179361
-0.34327569600646013
-0.9999999999999989
-0.9999999999999989
-0.9999999999999987
-0.9999999999999991
-0.9999999999999991
-0.9999999999999998
-1.0661086493179361
-0.5400662794919303
-0.3342607659482939
-1.0661086493179361
-0.9999999999999991
-0.5400662794919303
-0.9999999999999989
-0.34327569600646013
-1.0661086493179361
-1.0661086493179361
-0.5490812095500964
-1.0661086493179361
-0.5490812095500964
-0.9999999999999987
-0.7368568629774005
-0.5400662794919303
-0.9999999999999991
-0.9999999999999992
-0.707106781186547
-0.8075949294340163
-0.9999999999999989
-0.2725376295498443
-0.8075949294340162
-0.7368568629774005
-0.9999999999999987
-0.9999999999999991
-0.5310513494337641
-0.9999999999999987
-0.8075949294340162
-0.5400662794919303
-0.9999999999999991
-0.8075949294340162
-1.0661086493179361
-0.9999999999999993
-1.0661086493179361
-0.9999999999999987
-1.0661086493179361
-0.8075949294340163
-0.8075949294340163
-0.5400662794919303
-0.9999999999999991
-0.9999999999999989
-0.9999999999999989
-1.0661086493179361
-1.0661086493179361
-1.0661086493179361
-0.9999999999999987
-0.5400662794919303
-1.0661086493179361
-0.9999999999999991
-1.0661086493179361
-0.9999999999999987
-0.9999999999999989
-1.0661086493179361
-0.8075949294340162
-0.9999999999999991
-1.0661086493179361
-0.9999999999999987
-0.2725376295498443
-1.0661086493179361
-0.9999999999999989
-0.9999999999999987
-0.9999999999999987
-0.7368568629774005
-0.9999999999999991
-1.0661086493179361
-0.5310513494337641
-0.7368568629774005
-0.9999999999999987
-0.2725376295498443
-0.5400662794919303
-0.8075949294340163
-0.9999999999999991
-1.0661086493179361
-0.9999999999999989
-1.0661086493179361
-0.9999999999999991
-0.8075949294340162
-0.8075949294340163
-0.9999999999999989
-0.2725376295498443
-0.9999999999999987
-1.0661086493179361
-0.7368568629774005
-0.9999999999999989
-0.9999999999999989
-0.9999999999999991
-0.9999999999999989
-0.9999999999999989
-0.9999999999999991
-0.8075949294340163
-0.9999999999999989
-0.9999999999999991
-0.9999999999999987
-0.9999999999999991
-0.7458717930355667
-1.0661086493179361
-0.9999999999999989
-1.0661086493179361
0.004005950450407969
-0.8075949294340163
-0.9999999999999989
-0.8075949294340163
-0.34327569600646013
-0.5400662794919303
-1.0661086493179361
-0.8075949294340163
-1.0661086493179361
-1.0661086493179361
-0.2725376295498443
-0.9999999999999987
0.0
-1.0661086493179361
-0.9999999999999991
-0.2725376295498443
-1.0661086493179361
-0.9999999999999989
-1.0661086493179361
-1.0661086493179361
-0.9999999999999989
-0.9999999999999991
-0.7071067811865466
-0.9999999999999989
-0.9999999999999989
-0.9999999999999989
-0.9999999999999991
-0.9999999999999989
-1.0661086493179361
-0.9999999999999989
-0.5400662794919303
-0.7458717930355667
-1.0661086493179361
-1.0661086493179361
-0.5400662794919303
-0.5490812095500964
-0.5400662794919303
-0.5400662794919303
-0.9999999999999989
-0.9999999999999987
1.6653345369377348e-16
-1.0661086493179361
-0.9999999999999992
-0.2725376295498443
-0.9999999999999987
-0.34327569600646013
-3.3306690738754696e-16
-0.5400662794919303
-0.9999999999999991
-0.5400662794919303
-0.2725376295498443
-1.0661086493179361
-0.7368568629774005
-0.9999999999999987
-0.9999999999999987
-0.7458717930355667
-0.34327569600646013
-1.0661086493179361
-0.9999999999999991
-0.9999999999999991
-0.9999999999999987
-0.9999999999999991
-1.0661086493179361
-0.8075949294340163
-0.8075949294340163
-0.5490812095500965
-0.9999999999999991
-1.0661086493179361
-1.0661086493179361
