-1.0478982254377807
-0.5498659033834359
-0.5502931241981384
-1.0528191160541476
-1.049233074095156
-0.007628759728193046
-0.5459769564574211
-1.0506379102253924
-1.048736794292284
-0.5450256191266862
-0.5507697694263282
-1.0544441512461789
-1.0580634396958604
-1.0340663114512996
-1.0411243858909183
-1.0382231789202865
-1.0395750367817682
-0.5447015702274272
-0.5458780403126653
-1.049213596148531
-1.053591542592757
-0.008820795654644276
-0.548342409276512
-1.051590012104103
-1.0575707550108449
-0.5500907370973577
-0.5446310510373995
-1.055416325360349
-1.0521759659487582
-0.8007585914754755
-0.8009206383145642
-1.0505896118179066
-1.0515118846950955
-0.7151132311917927
-0.7952711664901879
-1.055710865299299
-1.0472809441808137
-0.7907579245921732
-0.7943308894993165
-1.0505861001181243
-1.0542949794066268
-1.05455238890454
-0.9742409900868901
-0.9753477917866955
-1.0531023001898698
-1.050605609273471
-1.015505526989874
-0.9693815653481416
-1.0539615045750574
-1.039715943850286
-0.9733711216058036
-0.9776019509162824
-1.0515293391446374
-1.055199944039128
-1.0516091388007935
-1.0320884243225619
-1.02901328641544
-1.0493212427259389
-1.0515956795054016
-1.0708224413845553
-1.0235219007534935
-1.0468471035800575
-1.0395046388494107
-1.0341667956396117
-1.0321192962813466
-1.0521759347400361
-1.0492241800342368
-1.0501926408265374
-1.0305748575300084
-1.0735850286081705
-1.048094370362074
-1.0509154786359678
-1.06283669770619
-1.0720872185665473
-1.0207266103616215
-1.0591179648784672
-1.0632758510353175
-1.0704543984806332
-1.0524923508328277
-1.046629991224927
-1.0774088177046643
-1.0727052055312638
-1.0673468309943734
-1.0470769726277354
-1.072513307675351
-1.0669805607488636
-1.0650754292454232
-1.047872453843988
-1.0526571898786405
-1.069323567385038
-1.068182739692362
-1.0191475682477122
-1.0537416630150944
-1.0666232729435727
-1.0709048834044765
-1.0469375592142538
-1.04521845494422
-1.0698301040321931
-1.067813435000788
-1.071996699397259
-1.0686684044008066
-1.0589521836559905
-1.071333358852397
-1.0684489980420522
-1.0503290992461949
-1.062219214827136
-1.0744711967932845
-1.068823966927044
-1.067526645169782
-1.0645307400463746
-1.075220745104402
-1.0692070579554331
-1.0630861605058255
-1.0736600961937057
-1.0689789835814705
-1.0683178159464264
-1.0720467190533651
-1.073543979430848
-1.0717044647876726
-1.0671318972585988
-1.0701614371626662
-1.0677344942574454
-1.0697264316083044
-1.0677811340488668
-1.0734638985268592
-1.0653079614423848
-1.0680498853495872
-1.0722970517734656
-1.0723959477171507
-1.0707510139109064
-1.0645380208545956
-1.0726010674457573
-1.06713431583075
-1.0701299913312294
-1.0673384798124965
-1.068205061839952
-1.0741793864285032
-1.0702859573167536
-1.066357717093751
-1.0654963570070466
-1.0690292742773175
-1.070673794416184
-1.0717247246447987
-1.0691448655845466
-1.0688493661064074
-1.0740487814134103
-1.0681582134262328
-1.0684521794925308
-1.073680474469957
-1.068816679487949
-1.070952093276221
-1.068630217002086
-1.068190201337152
-1.0706681754319085
-1.072975657079974
-1.0715442501858947
-1.073882975828198
-1.075577383203625
-1.0699645682046732
-1.0714305607487427
