-1.4917644873002383
-0.7743480372904068
-0.4333441888844495
-0.42846769230863535
-0.433344466151256
-0.07560557292050851
-0.3709725959357331
-1.0218470791559584
-0.09966579832052713
-1.0218470791559582
-0.4284679695754423
-0.6688127754439512
-0.7587815691279653
-0.43334446615125577
-0.7155660025596376
-0.6377980223035148
-0.6567833928958643
-0.3709717835297384
-0.7862068628061896
-0.6964099761792488
-0.6379663050701043
-0.7275957726536071
-0.7275957726536071
-0.38317275424814773
-0.4284679695754421
-0.433344466151256
-0.6932116417324017
-0.7623182671964372
-1.0218470791559584
-0.7275957726536071
-1.0267235757317719
-0.08501586633589708
-1.0218473564227648
-0.4284679695754423
-0.7984081524113499
-1.0267235757317719
-1.0267235757317719
-0.7275957726536071
-0.7275957726536071
-0.7862068628061896
-0.4284679695754423
-0.7275957726536071
-0.5636210088248914
-0.6964094313428483
-0.6379657602337038
-0.4525275097633811
-0.7862071816929406
-0.4333441888844496
-0.6964094313428484
-0.7396255427475766
-0.7275957726536071
-0.7587815691279653
-0.6964099761792488
-1.1512708679530346
-0.6689843636142736
-0.7275957726536071
-1.0218470791559584
-0.7743480372904068
-0.6964094313428483
-0.6964099761792488
-0.7813303662303757
-0.7191556879714993
-0.9999999999999992
-0.7155660025596376
-0.6964094313428484
-0.7275957726536071
-0.7587815691279653
-0.4284679695754421
-0.08031405429932714
-0.7743477600236004
-1.0218470791559584
-0.07560497676695133
-0.7587815691279653
-0.7275957726536071
-1.0267235757317719
-0.7275957726536071
-0.7275957726536071
-0.4284679695754423
-0.9999999999999993
-0.3587708128113291
-0.999999999999999
-0.7587821139643659
-1.0218470791559584
-0.4284679695754423
-1.0267235757317719
-0.6689843636142736
-0.7623182671964372
-0.06828039234527938
-0.999999999999999
-0.7275957726536071
-1.0218470791559584
-0.789967910438724
-0.6531938647745207
-0.06828022535754918
-0.6019328055394159
-1.0218473564227648
-0.8416242638160781
-0.7860394437627516
-0.7275957726536071
-0.7587815691279653
-0.7396255427475766
-1.0218470791559584
-0.999999999999999
-5.551115123125783e-17
-0.4284676506886913
-0.4284682884621931
-1.4971512815939372
-0.8053911461640078
-0.7275957726536071
-0.7001707049250324
-0.7587815691279653
-0.7275957726536071
-1.0267235757317719
-0.9999999999999989
-1.245285618354684
-0.7275957726536071
-0.4284679695754421
-0.7275957726536071
-0.6377988860266663
-0.7236673059776344
-0.8924234989665569
-0.6689846825010246
-0.7396255427475765
-1.026723575731772
-0.9047919990074804
-0.7275957726536071
-0.7275957726536071
-0.4284679695754421
-0.7275957726536071
-1.0218470791559584
-0.8173926592805478
-1.1272104339453404
-1.0218470791559584
-0.7587821139643659
-0.7155660025596375
-0.433344466151256
-0.4525275097633811
-0.7071067811865472
-0.9999999999999991
-0.8173926592805478
-1.1512708679530346
-0.7743480372904068
-0.6932121865688022
-1.0218473564227648
-0.7275957726536071
-0.7550208403821818
-0.6689843636142736
-0.433344466151256
-0.495715781833166
-1.615226466003281
-0.7275957726536071
-0.7275957726536071
-0.09966536915470026
-0.6688137379228379
-1.026723575731772
-0.6964099761792488
-0.7587821139643658
-0.999999999999999
-0.6928732781107768
-0.8924234989665569
-0.7860394437627516
-0.4284679695754421
-0.7275957726536071
-1.0267235757317719
-1.1272104339453406
-0.7984085399572326
-1.0267235757317719
-0.7275957726536071
-0.7743480372904068
-1.0218473564227648
-1.2693463982883162
-1.0267235757317719
-0.7860394437627515
-0.7003378980188208
-0.7587815691279653
-0.7623182671964374
-0.6964099761792488
-0.6689846825010246
-0.8104383100512019
-0.9164837243665762
-0.4284679695754423
-0.433344466151256
-0.7548531024519927
-0.7275957726536071
-0.7587815691279653
-0.35877091878469014
-0.4284679695754423
-0.7275957726536071
-0.7587815691279653
-0.48351617805436425
-0.9999999999999994
-1.4917648332261764
-1.026723575731772
-0.7275957726536071
-0.6688131629898337
-1.245285618354684
-0.4284679695754421
-1.026723575731772
-0.4284679695754421
-0.7860390562168689
-0.6689846825010246
-0.66522363486849
-1.615226466003281
-0.4044084293875031
-0.7275957726536071
-0.7071067811865469
-1.2623637504615959
-0.6255972088756235
-0.6964099761792488
-0.7275957726536071
-1.0218470791559582
-1.026723575731772
-1.0218470791559582
-0.7550210663318313
-0.3709717835297384
-0.4957171487727732
-1.0218470791559584
-1.0218470791559582
-0.786038898926351
-0.7587815691279653
-0.42846739464243827
-0.7275957726536071
-0.9999999999999991
-0.7396255427475765
-0.4284679695754421
-0.4284679695754423
-0.49999999999999956
-0.38317275424814773
-0.7001704789753829
-0.7587815691279653
-0.433344466151256
-0.7275957726536071
-0.4284679695754421
-0.6689843636142736
-1.0275766484950823
-1.0218473564227646
-0.7275957726536071
-0.6928732781107769
-0.7275957726536071
-0.6964099761792488
-0.8173926592805478
-0.9999999999999992
-0.07560557292050851
-1.0267235757317719
-1.0218470791559584
-0.7743480372904068
-0.9999999999999993
-0.7275957726536071
-0.6808435080168074
-0.6964094313428484
-0.37097259593573295
-0.7813309623839333
-0.6689843636142736
-0.6689843636142736
-1.0218470791559584
-1.0218473564227646
-0.7860394437627514
-0.4525275097633812
-0.7862071816929406
-0.7914259337504569
-0.9999999999999993
-0.11901711317590069
-0.7071067811865469
-0.7984085399572324
-0.9999999999999991
-0.9999999999999994
-1.0218473564227646
-0.789967910438724
-0.3587708128113291
-1.026723575731772
-0.7275957726536071
-1.0218473564227648
-0.7275957726536071
-0.9091585437913471
-0.6255970515851056
-0.6964094313428483
-0.43334446615125577
-0.6964099761792488
-0.44520333328698325
-1.0218470791559582
-0.4284679695754421
-0.7275957726536071
-0.4284679695754423
-0.07089709154169
-0.791083401001948
-0.7396255427475766
-0.7275957726536071
-0.6689846825010246
-0.7275952278172066
-0.7001707049250324
-0.45252750976338135
-0.37097178352973836
-0.66522363486849
-0.7899679104387242
-0.6689843636142736
-0.7275957726536071
-0.6689843636142736
-0.7862068628061896
-0.6964094313428483
-1.0
-0.4333441888844496
-1.0218470791559584
-0.7275957726536071
-0.7275957726536071
-0.7275957726536071
-0.9999999999999982
-1.026723575731772
-0.7708118840583355
-0.7275957726536071
-0.9999999999999993
-0.433344466151256
-0.6377980223035148
-0.433344466151256
-1.0218470791559582
-0.6964099761792488
-0.7275957726536071
-0.7813309623839333
-0.7275952278172066
-0.7275957726536071
-0.8053908002380701
-0.4284676923086359
-0.43334446615125577
-0.4214850444819157
-1.026723575731772
-0.9999999999999987
-1.0218473564227648
-0.6688127754439513
-0.7275957726536071
-1.0267235757317719
-0.7275957726536071
-0.8104383100512019
-0.9999999999999989
-0.7572711245297963
-0.7910834010019479
-0.7587821139643659
-0.49588488670296216
-0.7275957726536071
-0.7548536472883933
-0.6377980223035148
-0.4284682468422484
-0.7001704789753829
-1.1512708679530346
-0.08031448346515357
-0.9999999999999991
-1.0267235757317719
-1.026723575731772
-0.7550210663318313
-0.4284679695754421
-1.0218470791559582
-0.4284679695754421
-1.026723575731772
-0.7275957726536071
-0.7275957726536071
-0.7587821139643659
-0.7743483145572131
-0.433344466151256
-0.7396249979111761
-1.0267235757317719
-0.7275957726536071
-1.2674077077007924
-1.0218470791559584
-1.0218473564227646
-1.026723575731772
-0.404408429387503
-1.026723575731772
-0.7396255427475765
-0.7275957726536071
-1.0218470791559582
-0.7743480372904068
-0.7275957726536071
-0.44520333328698336
-0.9999999999999989
-0.7275957726536071
-0.7984085399572326
-0.7275957726536071
-0.7587821139643659
-0.7862071816929406
-1.0218470791559582
-0.4284682884621931
-1.0218470791559584
-1.0218473564227646
-0.7275957726536071
-0.6964094313428484
-0.6688137379228378
-1.0218470791559582
-0.6964094313428484
-0.7743480372904068
-0.786039831308634
-0.6964099761792488
-0.7813309623839333
-1.2623637920815407
-0.4214856406354732
-0.7587821139643659
-0.9999999999999991
-0.9999999999999992
-0.495715781833166
-0.7275957726536071
-1.0218470791559584
-0.7275957726536071
-1.0267235757317719
-1.0218470791559584
-0.6688131629898337
-0.7961273166212001
-1.026723575731772
-1.0267235757317719
-0.7396255427475766
-0.789967910438724
-0.7191556879714993
-0.7587815691279653
-0.8924232903588819
-0.7743483145572132
-0.7275957726536071
-0.9999999999999996
-0.3709717835297384
-0.7587821139643659
-0.4525280846963854
-0.433344466151256
-0.99880674940913
-0.433344466151256
-0.7860394021428065
-0.7155660025596375
-0.6691521015444626
-0.7275957726536071
-0.4284679695754421
-0.6689846825010246
-1.026723575731772
-0.7001704789753829
-1.0267235757317719
-0.7813309623839333
-0.7587821139643659
-0.49571714877277356
-0.6964099761792488
-0.6689843636142736
-0.4333441888844495
-0.49999999999999956
-0.7862068628061896
-0.7396255427475765
-0.7813309623839333
-0.7743483145572132
-0.6689843636142736
-0.9999999999999987
-0.7860394437627515
-0.49999999999999944
-0.6879688018243401
-0.7862071816929406
-0.687969734206623
-0.7275957726536071
-0.6964099761792488
-0.9999999999999992
-1.0218473564227648
-0.7275957726536071
-0.7984085399572324
-0.7548531024519927
-0.7275957726536071
-1.0218473564227646
-1.0267235757317719
-0.051545776686316436
-1.0275766484950823
-0.7984085399572326
-0.4333441888844495
-0.7275957726536071
-1.0267235757317719
-1.0218470791559584
-0.051545347520489115
-0.3709717835297384
-0.7155660025596376
-0.6964094313428484
-0.916483724366576
-0.7275957726536071
-0.4284676506886913
-0.7275957726536071
-0.42846769230863535
-0.916483724366576
-0.7275957726536071
-0.9999999999999991
-0.7275957726536071
-0.7275957726536071
-0.6964094313428484
-0.9999999999999987
-0.613567438781654
-0.7396255427475766
-0.4284682884621931
-1.2623637504615959
-0.433512204081445
-0.7548531024519927
-0.7587821139643659
-0.7155660025596375
-0.9999999999999989
-0.916483724366576
-0.7275957726536071
-0.7275957726536071
-0.7275957726536071
-0.4284679695754423
-0.433344466151256
-0.49571714877277356
-1.0218470791559584
-1.0218470791559584
-1.0218473564227648
-0.7275957726536071
-0.6531938647745205
-0.7275957726536071
-0.09966536915470026
-1.615226466003281
-0.4333441888844495
-1.615226466003281
-1.0218470791559584
-1.7333016504126249
-0.7275957726536071
-0.6689846825010246
-0.7587821139643659
-0.433344466151256
-1.2693463982883162
-0.4284676923086359
-1.0267235757317719
-1.615226466003281
-1.615226466003281
-1.615226466003281
-1.1512708679530346
-1.0218470791559584
-0.4284679695754423
-0.4333441888844495
-0.4957171487727735
-1.245285618354684
-1.4971512815939372
-1.615226466003281
-0.7074646991416407
-0.6689843636142736
-1.0218470791559584
-1.0218470791559584
-0.7275957726536071
-1.4971512815939372
-1.026723575731772
-1.0218470791559584
-1.0218470791559584
-0.075604976766951
-1.615226466003281
-1.0218470791559584
-0.43334446615125577
-0.43822068546026327
-0.7275957726536071
-1.0218470791559584
-1.026723575731772
-1.615226466003281
-1.7333019963385625
-1.026723575731772
-1.615226466003281
-1.615226466003281
-1.615226466003281
-1.0218470791559584
-1.4971512815939372
-1.7386880987803852
-1.615226466003281
-1.615226466003281
-1.2693463982883162
-0.4284676923086359
-1.974838813525011
-1.615226466003281
-1.4971512815939372
-0.9999999999999993
-1.7333016504126246
-1.7333016504126246
-1.7333016504126246
-1.4917644873002383
-1.7333016504126246
-1.615226466003281
-0.7743477600236005
-1.7386880987803852
-1.2623637920815407
-1.615226466003281
-1.7333016504126246
-1.615226466003281
-1.615226466003281
-1.4971512815939372
-1.7386880987803852
-1.245285618354684
-1.615226466003281
-0.08501543717006962
-1.4971512815939372
-0.7275957726536071
-1.4917644873002383
-1.7386880987803852
-1.7386880987803852
-1.615226466003281
-1.615226466003281
-1.615226466003281
-1.4971512815939372
-1.7386880987803852
-1.7333019963385625
-1.615226466003281
-1.7386880987803852
-1.4971512815939372
-1.7333016504126246
-1.4917648332261766
-1.4971509356679993
-1.7386880987803852
-1.2623637920815407
-1.4917644873002387
-0.7275957726536071
-0.6689843636142736
-1.615226466003281
-1.615226466003281
-1.4917644873002383
-1.974838813525011
-1.0218470791559584
-1.615226466003281
-1.974838813525011
-1.7386880987803852
-0.37097178352973803
-1.615226466003281
-1.7333016504126246
-1.5025373840357603
-1.7333016504126246
-1.7386880987803852
-0.7860394853826962
-1.974838813525011
-1.4917644873002383
-1.7386880987803852
-1.7386880987803852
-1.974838813525011
-1.7333019963385625
-1.974838813525011
-1.4971512815939372
-1.974838813525011
-1.4917648332261766
-1.0218470791559584
-1.974838813525011
-1.974838813525011
-1.7386880987803852
-1.7333019963385625
-0.6964099761792488
-1.7333016504126246
-1.7386880987803854
-1.7333016504126246
-1.7386880987803854
-1.7333016504126246
-1.0275766484950823
-1.974838813525011
-1.974838813525011
-1.615226466003281
-1.7333019963385625
-1.7333016504126246
-1.974838813525011
-1.026723575731772
-0.7275957726536071
-1.7386880987803852
-1.7333016504126246
-1.974838813525011
-1.7333016504126246
-1.7333019963385625
-0.022774685293248997
-1.974838813525011
-1.026723575731772
-1.7333016504126246
-1.615226466003281
-0.07089589923457562
-1.7333016504126246
-1.7333016504126246
-0.433344466151256
-1.974838813525011
-1.974838813525011
-1.974838813525011
-1.4917644873002383
-1.7333016504126249
-1.974838813525011
-1.615226466003281
-1.2623637920815407
-1.615226466003281
-1.7333016504126246
-1.974838813525011
-1.974838813525011
-0.4333441888844496
-1.7333016504126249
-1.7333019963385625
-1.615226466003281
-1.974838813525011
-0.99880674940913
-0.4333441888844495
-1.7386880987803852
-1.245285618354684
-1.4971512815939372
-0.7572695862967439
-1.4917644873002383
-1.4917648332261766
-1.7333016504126246
-1.974838813525011
-0.7572695862967439
-0.7275957726536071
-1.615226466003281
-1.0275766484950823
-1.974838813525011
-1.974838813525011
-1.4971512815939372
-0.9999999999999991
-1.7333016504126246
-0.7862071816929406
-1.7386880987803852
-1.615226466003281
-0.7984085399572326
-1.7386880987803852
-1.4971512815939372
-1.4917648332261766
-1.615226466003281
-1.4917648332261766
-1.615226466003281
-0.7910833593820035
-1.974838813525011
-1.615226466003281
-1.7333016504126249
-0.99880674940913
-1.615226466003281
-1.245285618354684
-1.974838813525011
-1.0218470791559582
-1.615226466003281
-1.0218470791559584
-1.7386880987803852
-1.615226466003281
-1.7333016504126246
-0.7275957726536071
-1.974838813525011
-0.4284679695754423
-1.0275766484950823
-1.974838813525011
-1.7386880987803852
-1.974838813525011
-1.974838813525011
-1.974838813525011
-1.615226466003281
-1.974838813525011
-1.974838813525011
-1.4971512815939372
-1.7386880987803852
-1.974838813525011
-1.4917648332261766
-1.026723575731772
-1.615226466003281
-1.7386880987803854
-1.262363750461596
-1.7333016504126249
-1.7333016504126249
-0.4333441888844496
-1.615226466003281
-1.7333016504126246
-1.7333016504126249
-0.43334446615125577
-1.245285618354684
-0.7572695862967439
-1.974838813525011
-1.974838813525011
-1.7333016504126246
-1.974838813525011
-1.7386880987803854
-0.7860394853826959
-1.7386880987803854
-1.4917644873002383
-0.6964094313428483
-1.615226466003281
-1.7386880987803852
-1.2674077077007924
-0.7961273166211995
-1.2674077077007924
-0.08501586633589664
-1.7333016504126246
-1.2674077077007924
-0.7860394021428069
-0.7779381403447546
-1.7333016504126246
-1.2623637920815407
-1.974838813525011
-1.974838813525011
-1.2452865604341794
-1.974838813525011
-1.615226466003281
-0.3709717835297384
-0.7910833593820035
-1.974838813525011
-1.7386880987803852
-0.433344466151256
-1.5025373840357603
-1.262363750461596
-1.615226466003281
-1.974838813525011
-0.08501543717006976
-1.7333019963385625
-1.974838813525011
-1.4917648332261766
-1.615226466003281
-0.08031448346515446
-0.7860394853826962
-1.7333016504126246
-1.615226466003281
-1.1389021593044362
-1.974838813525011
-0.40440842938750327
-1.615226466003281
-0.6377980223035149
-1.1439460749236878
-1.262363750461596
-1.026723575731772
-1.974838813525011
-1.4917644873002383
-1.7333019963385625
-1.7333019963385625
-1.7333019963385625
-1.0218470791559582
-1.7386880987803854
-1.974838813525011
-0.762656630818062
-0.7275957726536071
-1.7386880987803852
-1.2623637920815407
-1.7333019963385625
-1.269346398288316
-0.7587821139643659
-0.7860394853826959
-1.7333019963385625
-1.615226466003281
-0.7860394021428065
-1.7333019963385625
-0.9047919990074802
-1.7386880987803852
-1.7333016504126246
-0.07089589923457484
-1.0218470791559582
-1.0218470791559584
-1.974838813525011
-0.916483724366576
-1.615226466003281
-1.0218473564227646
-1.974838813525011
-0.4525275097633811
-1.0218470791559584
-0.43822068546026327
-1.974838813525011
-1.269346398288316
-1.4971509356679993
-0.07560557292050851
-1.974838813525011
-1.974838813525011
-1.026723575731772
-0.7862071816929406
-1.7333016504126246
-0.7275957726536071
-1.974838813525011
-1.021847079155958
-1.6152264660032811
-1.0218470791559584
-1.7386880987803852
-0.6964094313428483
-0.09234061774529878
-0.8053908002380694
-0.7862068628061896
-1.2623637920815407
-1.2452865604341794
-0.433344466151256
-0.7743477600236004
-1.974838813525011
-1.6152264660032811
-1.0218470791559582
-1.0218473564227646
-1.7386880987803852
-1.6152264660032811
-1.974838813525011
-0.8053908002380694
-0.4284679695754421
-0.07560557292050851
-1.974838813525011
-0.06828039234527938
-0.7910833593820035
-0.7396255427475765
-1.026723575731772
-0.4284676923086359
-1.974838813525011
-0.7914255045846301
-0.6964094313428483
-1.026723575731772
-1.974838813525011
-1.2623637920815407
-1.2623637920815407
-0.6808435080168074
-0.7275957726536071
-1.974838813525011
-1.245285618354684
-0.9999999999999992
-0.0897172492066397
-0.4284676923086359
-1.974838813525011
-1.1512708679530343
-0.7396255427475766
-1.021847079155958
-0.7001707049250323
-1.4917651791521143
-0.7743477600236004
-1.0218470791559582
-0.8053911461640074
-1.974838813525011
-1.026723575731772
-1.269346398288316
-0.9999999999999993
-1.7333016504126246
-1.974838813525011
-1.974838813525011
-1.0218470791559582
-1.974838813525011
-1.615226466003281
-0.49571714877277356
-1.021847079155958
-0.09966536915470026
-0.7813303662303757
-0.9999999999999996
-1.2623637920815407
-1.974838813525011
-1.2623637920815407
-1.0267235757317719
-1.7333019963385625
-1.7333016504126246
-0.7572695862967436
-1.974838813525011
-0.7587815691279653
-1.974838813525011
-1.7333016504126246
-0.7813309623839333
-1.7333016504126246
-0.433344466151256
-1.974838813525011
-0.7984085399572323
-1.974838813525011
-1.615226466003281
-1.974838813525011
-1.615226466003281
-1.974838813525011
-1.0275766484950823
-1.974838813525011
-1.615226466003281
-1.615226466003281
-0.9095010765398561
-1.4971509356679993
-1.7333016504126246
-1.2623637920815407
-1.4917648332261766
-1.4971512815939372
-1.615226466003281
-1.615226466003281
-1.0218470791559584
-1.7333016504126246
-1.615226466003281
-0.8053908002380701
-0.6964094313428483
-1.615226466003281
-1.0218470791559584
-1.615226466003281
-1.7333019963385625
-1.615226466003281
-1.615226466003281
-0.7743477600236005
-1.5025373840357603
-0.7984085399572326
-1.615226466003281
-1.974838813525011
-1.0218470791559584
-1.4971509356679993
-1.615226466003281
-1.615226466003281
-1.974838813525011
-1.4971512815939372
-1.615226466003281
-1.7333019963385625
-1.7333016504126246
-1.615226466003281
-1.7333016504126246
-0.7587815691279653
-1.615226466003281
-1.615226466003281
-0.7860394021428069
-1.615226466003281
-1.7333016504126246
-1.615226466003281
-1.7386880987803852
-0.6964099761792488
-1.7333016504126246
-1.7386880987803852
-0.43334446615125577
-1.2623637920815407
-1.615226466003281
-1.026723575731772
-1.7333019963385625
-1.0218473564227646
-1.0218470791559584
-1.7333019963385625
-1.4971512815939372
-1.615226466003281
-1.7386880987803852
-1.615226466003281
-1.7333019963385625
-1.615226466003281
-0.7587821139643659
-1.7333016504126249
-1.615226466003281
-1.4971509356679993
-1.7333019963385625
