-1.8204773812902035
-1.3334891689401476
-0.22019004520047492
-1.8136637355858154
-1.3608083876609371
-1.3269652656237043
-1.381787820083284
-1.8160222674893456
-1.8252943912212312
-1.375056625843305
-1.3346006154959127
-1.3972454985265552
-1.379607436700038
-1.3677329067232626
-1.8219762891500992
-1.8263981480957663
-1.8257787375149155
-1.3320020883036356
-0.21839533054800772
-1.368336658366251
-1.3863600330162702
-1.8273202051163318
-1.3795650394390297
-1.3328969236103156
-1.3654800521833281
-1.3879782048120215
-1.3329424473718143
-1.397427631323228
-1.8139993092564364
-1.8172349122393663
-1.3809305281463722
-1.4215267361142467
-1.610363998893713
-1.7494490128788407
-1.34222740226832
-0.23048509432411854
-1.8129649557462146
-1.375130662527484
-1.334360698190857
-1.382759378357678
-1.8253096520960161
-1.818266694478237
-1.3745633691209975
-1.3280615688238844
-1.402208931714104
-1.3820042834270632
-1.3655506163181172
-1.8292709149990243
-1.8247556492994461
-1.8232157355588055
-1.3343025717071786
-0.2212461413754197
-1.3650043953063382
-1.3820160215945045
-1.8172167225731548
-1.3775800318856648
-1.3314180529030253
-1.3716069034165694
-1.3714291146978286
-1.3358069219707922
-1.4049762278786289
-1.8188814262704383
-1.8262813076221005
-1.5790822906702644
-1.0255533409134667
-1.5999931687544402
-1.6144809279239172
-1.8293697980202261
-1.816886861127005
-1.5899305237239763
-1.5983878013724393
-1.5751308250705904
-1.5961627373266922
-1.5854455345266727
-1.5995125927201361
-1.824827827604374
-1.8134146539927996
-1.5940799172568128
-1.6101733008248673
-1.5694650518127893
-1.6069662121138226
-1.5811442293839617
-1.5883394440165857
-1.8216845706895497
-1.827667005251197
-1.821602667649782
-1.5721368780509897
-1.0160274638387574
-1.592703933709627
-1.5990329616878975
-1.8315104497055201
-1.5974142821475548
-1.581008664862892
-1.5938764957405651
-1.8238333532180828
-1.8266001109134367
-1.6026021253357643
-1.583029363480434
-1.6165802439549468
-1.6027389326140997
-1.8124469307065434
-1.813953813441668
-1.8283773720347174
-1.8131026890797846
-1.8199410350416922
-1.8117704101128738
-1.8233026194346773
-1.5793260476074324
-1.020222339206553
-1.5799070723473099
-1.5986693943654473
-1.8329233663161666
-1.8228379114687496
-1.602459789943198
-1.6052530414196422
-1.5713731195486753
-1.606639412222214
-1.5806183376467327
-1.5877935793258784
-1.8229439820540363
-1.818668388620826
-1.6046296751335403
-1.6050771481662183
-1.5903923042923627
-1.62570938024864
-1.5857547154679037
-1.6048332252715185
-1.8255228532655419
-1.8195128157490557
-1.81730444804976
-1.589433522969855
-1.0419779486253593
-1.5957789623104341
-1.6048530434886759
-1.823143645758853
-1.5992206457193847
-1.5774269741628801
-1.6029058412039072
-1.8236835031726457
-1.8192690951278856
-1.6061269377077207
-1.5778754671739974
-1.6034690800982356
-1.6049785427508343
-1.8180813972179146
-1.8215421059349126
-1.8218186576348363
-1.7517372911077105
-1.5917240632938747
-1.7572105799206
-1.752606834317601
-1.8091839206409475
-1.8262016970597217
-1.765038522984907
-1.7528092168650038
-1.7418081082324168
-1.7577414139506136
-1.7489285047662082
-1.7485050085346927
-1.8181177719973172
-1.8157872596585527
-1.7617401913803516
-1.7634904654603205
-1.7506100426911082
-1.7734885123798656
-1.7647044669852883
-1.7672831595421534
-1.8203340129953323
-1.8196349951380055
-1.8196392719769725
-1.7494032362323164
-1.582549457864223
-1.7568138003906726
-1.7559691391689882
-1.827566684645863
-1.8229254114205296
-1.7516937693927883
-1.749606591439457
-1.7607415300792792
-1.8201261854523907
-1.8193185098784332
-1.7503624379750806
-1.7501279651725095
-1.7606512047181817
-1.7653194678349189
-1.8211507005151177
-1.82722333211408
-1.8194980230107158
-1.804544802628839
-1.7624426098220969
-1.7993331345707853
-1.8081567512026229
-1.8191884058577341
-1.8156821108274626
-1.8094042206592142
-1.8150323561969224
-1.7949882487582671
-1.8056272453940454
-1.8071726146212033
-1.7975188654513254
-1.8276701114902525
-1.8136461944892766
-1.8023215254199398
-1.8050160188510591
-1.8027938232142218
-1.8098883831623165
-1.7956090677625265
-1.8074227798032272
-1.8244729390964136
-1.8278642170915285
-1.8240526988955188
-1.8065421989995833
-1.7526065941636033
-1.8057011280667632
-1.8076153799448358
-1.82828424156579
-1.8222860618283898
-1.8029975220232095
-1.807788666334915
-1.8061402726434568
-1.8176605047830217
-1.8237284781964824
-1.8069886546377938
-1.8012833826235783
-1.8045478167161921
-1.808352306241113
-1.824690784190185
-1.8146037859382063
-1.8181869213619486
-1.8109569636169476
-1.8052890763093092
-1.825540415697986
-1.8288982020649653
-1.8145249016499634
-1.8272649281133135
-1.8105932297122656
-1.818581348296185
-1.806951644966244
-1.8163021926096645
-1.808819546589519
-1.815212981420965
-1.8182239660014528
-1.8189584983848546
-1.8201085433278053
-1.8248555786199359
-1.8149940167234448
-1.8223513585468232
-1.8164031055954557
-1.8173963159806141
-1.8086886366516717
-1.8183582773982119
-1.8190885406074457
-1.8158847017121345
-1.8075236098121266
-1.8062794632835972
-1.8167148843290675
-1.8227616698803446
-1.8211362227993018
-1.8201875644860457
-1.8178787260757359
-1.817672309329242
-1.8230590205501624
-1.8145965449573063
-1.8070746129131865
-1.8087414005100424
-1.8148402736135292
-1.8133717213480112
-1.8245289532202231
-1.8221303842355834
-1.824020105760222
-1.818317624055552
-1.8167974009028884
-1.821123017726276
-1.825118113434589
-1.8218360958771351
-1.82670619632006
-1.8181853425362027
-1.817147636309183
-1.8249772428912447
-1.8278806307389106
-1.8257856915892432
-1.8195748102717377
-1.8197235894651622
-1.826906349391371
-1.8185637222783415
-1.8220538696422373
-1.8240690749784978
-1.820628994148377
-1.819882249185127
-1.8129978681522105
-1.8208866414255422
-1.8275253811558962
-1.8261710333907786
-1.8225733709119787
-1.8166795700330558
-1.8231372531070775
-1.8188367994734556
-1.8270404330525816
-1.8186236310882578
-1.8195821865171493
-1.8195450123376187
-1.8235527085808207
-1.8253571661492234
-1.819188984021729
-1.8248432943015604
-1.8155523341572617
-1.823360504987622
-1.821422995412067
-1.8184463892718092
-1.8227894613804223
-1.8209962590886382
-1.8207528391000998
-1.8169083131472568
-1.8261459608699175
-1.8167395596590534
-1.821662028800941
-1.8289446999208434
-1.8231203598679346
-1.8235618257975952
-1.8180078984861208
-1.8233336207233348
-1.8298577050947356
-1.821812207292016
-1.8212214480157565
-1.8241899161761936
-1.81928703139587
-1.8220079792702508
-1.8302209428964844
-1.8219354537269954
-1.8295712782671947
-1.8238879357607787
-1.8201904338469814
-1.8231330265946633
-1.8225585776860835
-1.8197762824288106
-1.8229340207379277
-1.8225179535788667
-1.820904827590277
-1.8264313869812427
-1.8225324715155642
-1.813884391436785
-1.8264259815250985
-1.8245862128110175
-1.8185053193137954
-1.8211793734997217
-1.8206258334248753
-1.8212007290686807
-1.8230866203483762
-1.8166275888071208
-1.8249207924611572
-1.8273231393826794
-1.8253973281288796
-1.8117348955623895
-1.8168665393547512
-1.8251426055074456
-1.8212024201100891
-1.8234548835809647
-1.8188511188578513
-1.8205491028506335
-1.8221908437923064
-1.824577794497492
-1.8251045546926015
-1.825438927433367
-1.830616085074774
-1.827830602301317
-1.821092907402901
-1.8219236656805782
-1.8276891718494856
-1.8220034623983437
-1.829964614183802
-1.8251510162319782
-1.8293676824403486
-1.825383407062541
-1.8184736644155466
-1.8265556091811384
-1.820252203045721
-1.823830695482536
-1.8206979330985416
-1.8252208037211142
-1.8186726390222816
-1.8204866433832119
-1.8211339741766774
-1.812592828162263
-1.8121342946380343
-1.8204711160442435
-1.8119344006437441
-1.8158808699895104
-1.8210257450791616
-1.819337569891489
-1.8220935778009966
-1.8219361104115153
-1.8224802645685796
-1.8210079427795498
