-1.0511280567502355
-0.5460144479871474
-0.5463141516110699
-1.0500575785728938
-1.05191349413092
-0.013539772201394684
-0.5500971523618908
-1.0529481214476264
-1.0533719728208475
-0.5455957981384947
-0.545456619473031
-1.0483672147686398
-1.0477300138968293
-0.7950706010492907
-0.7987055990758305
-1.0517868702695565
-1.0472666817591774
-0.7156978882477446
-0.7968319892372429
-1.0483508208539987
-1.0488258774682262
-0.7967816147539853
-0.8019659921446128
-1.0499333746676895
-1.0566767325141937
-1.0463785177084852
-1.041753332199786
-1.0385271275832453
-1.0375776128661789
-1.0368914008789227
-0.7952573555755256
-0.8078232442234463
-1.0505593519407057
-1.0523493235970445
-0.7146694812043586
-0.7950671317201059
-1.0534433825017466
-1.0447499708166716
-0.800915224959817
-0.7966416358008226
-1.050722111702866
-1.051869461917325
-1.047932786509923
-0.9744108010343435
-0.9789642258273212
-1.0546792003875702
-1.050758185186219
-1.0115918760148181
-0.9671600444199899
-1.048650781363018
-1.0386716125613182
-0.9749751352312774
-0.9761913535434703
-1.0486300900457641
-1.0483496316918814
-1.0398746842497852
-1.04806548101676
-1.028085109513814
-1.0311630846216904
-1.0491732740489246
-1.0545728193901438
-1.0655240615157733
-1.0195983716004813
-1.0508218899683162
-1.0425324448884459
-1.030344991831269
-1.0330657027579178
-1.051720244868631
-1.0506818660211232
-1.0418197595558416
-1.046348706284601
-1.0642525995677388
-1.0371409044916422
-1.0435983002112321
-1.0584794553402135
-1.0567728784578874
-0.9791702429287599
-1.0451792267718045
-1.052818154096997
-1.0603858250072424
-1.042386598132041
-1.0345910130531069
-1.061233771007697
-1.0632155035085136
-1.060760949576148
-1.0611320214545161
-1.0619118886372847
-1.0634729150454119
-1.0683739064631177
-1.0726408962522411
-1.0712013672147649
-1.055905910763895
-1.0630819347044351
-1.0644523731756839
-1.0646567037784667
-1.0699103561491072
-1.0656178767623363
-1.0690119382469008
-1.0671205962881563
-1.0618308544652855
-1.0670853365084743
-1.0680506680596489
-0.9337800830517792
-1.0272231797770106
-1.06610375570928
-1.0704340678218447
-1.047957474641335
-1.061222617481533
-1.0635366254437106
-1.0570046095675898
-1.063438130550991
-1.0574242275644026
-1.0625807892425
-1.0408763795617002
-1.067065168893505
-1.0626596293594675
-1.061040845649478
-1.0611561621246368
-1.0567181515946482
-1.0476386886694158
-1.0648836640241681
-1.0614057243112232
-1.0141587438364503
-1.0526663325337742
-1.0611953124246516
-1.0674158749674503
-1.0637996291329397
-1.0550108270033114
-1.065496407832391
-1.063168519907233
-1.0645444543421025
-1.0624868697923444
-1.062199405247199
-1.0655401270049836
-1.0570956166385517
-1.0612491326130304
-1.067343095287865
-1.0673652992314415
-1.0660657661403175
-1.0685549502027842
-1.047364176126119
-1.0619724264091883
-1.0671547939338168
-1.0394266785657187
-1.061938893269576
-1.068773408399337
-1.0629748892009598
-1.0619074080603108
-1.067928031767777
-1.074798461559625
-1.0543430533578817
-1.0636587648652427
-1.066623050320855
-1.0726654187260414
-1.0600019459382308
-1.0610845901994788
-1.0679217942861554
-1.0675003906548224
-1.0702436285590293
-1.0680301637796137
-1.0646990229830764
-1.0701847290575364
-1.0744664851388461
-1.0696832095211641
-1.0613646642708325
-1.069615152503669
-1.0596058694451744
-1.0717044585870223
-1.0660827531043684
-1.0689718147766125
-1.0452195571947414
-1.0583740814994393
-1.0659432992374984
-1.0661864255282572
-1.064470182882601
-1.061470400809057
-1.0669708893693322
-1.0637949232392865
-1.0665633242841663
-1.0689604487652935
-1.0705906103034537
-1.0693569468797217
-1.0701159905408033
-1.0681352347874773
-1.068121433865794
-1.0693310812391803
-1.069397136559783
-1.0712008633442147
-1.0621053275602257
-1.0636281023283156
-1.0691544799380839
-1.069467242451769
-1.0502594776081366
-1.058149372620405
-1.0640140303423469
-1.0681835471953836
-1.0612408904417476
-1.0635674745779924
-1.0672037548083664
-1.0732417213922354
-1.0676358257434793
-1.0710598728576224
-1.0690796017980886
-1.068161186838862
-1.069468803864451
-1.0655529901876684
-1.064818557235103
-1.0725091012754708
-1.0662428411179146
-1.060914173586203
-1.065299021587875
-1.0724091873825938
-1.0646981674227274
-1.064578804823491
-1.0707192270376267
-1.06881466882239
-1.0650545809307763
-1.0640151241249542
-1.0740467047531905
-1.067845310908344
-1.0729979752201224
-1.067944963969571
-1.0542028578380678
-1.0745055204427287
-1.066041417502876
-1.0690512407981958
-1.053741007487353
-1.0690666361651555
-1.067026932493313
-1.067488863638669
-1.0642397842176294
-1.0601652545649716
-1.068136418773257
-1.069373050577864
-1.0679617041023923
-1.061693845931983
-1.0685662575889892
-1.0642158838183924
-1.063440825124109
-1.0643167986672715
-1.071013655557662
-1.0716091225450304
-1.0714775229896976
-1.0676458795816666
-1.0568293712746095
-1.0712992596495434
-1.067746728805221
-1.0730765717137412
-1.071196008477691
-1.0703705514609747
-1.0683539346389217
-1.0722678114445765
-1.060460112506149
-1.065462599061148
-1.067417423548608
-1.0663790479089814
-1.0707553669458647
-1.0666610708834272
-1.0680121116182444
-1.0690739459888894
-1.0668258819283996
-1.0695744989858624
-1.0688984770486687
-1.0689137173866914
-1.0767724091665587
-1.0668440662942023
-1.0690282759447485
-1.068300455492386
-1.0684954639971154
-1.0702439345998214
-1.071332701561671
-1.06404507533793
-1.0690708689571158
-1.0663796841990774
-1.0685255164209149
-1.0707897471814387
-1.068443101017826
-1.0744906919482111
-1.0651796579643262
-1.065901161309322
-1.0691706784312878
-1.0671701074818227
-1.0665592551204734
-1.0698422525384617
-1.0678798923966688
-1.0664202499220323
-1.0680910663620073
-1.0731658743045198
-1.0692638851734835
-1.0651271631499393
-1.0707975530759521
-1.069000081565892
-1.0717529306157547
-1.071124143343265
-1.0723007556868036
-1.070615123953171
-1.0676173309601067
-1.0646875089430308
-1.0672632620146665
-1.0698103652539184
-1.0702596088062926
-1.0684242211523645
-1.0705970712073534
-1.0683283718312913
-1.0699227579023676
-1.0661790325015608
-1.0662960948031877
-1.0701315941607248
-1.0667769472308177
-1.0695116391161585
-1.0672614957720161
-1.0691338336148604
-1.0713273714098859
-1.070432677622088
-1.0718623982685984
-1.0701001661220373
-1.0691279327983045
-1.0679400168608904
-1.0698715630845648
-1.0652536475915473
-1.0800933227284144
-1.0664551342432684
-1.069954686603724
-1.0705032911769534
-1.0732801618228356
-1.0681334085357042
-1.06817522583822
-1.0764199080495622
-1.0697697263209804
-1.0694302398383884
-1.0716340458546842
-1.0707350686646941
-1.0714350039868732
-1.065273654201682
-1.0716102182960943
-1.071312427704124
-1.071538989451764
-1.0699643943683146
-1.0696592533353577
-1.0706525292262783
-1.071909549515228
-1.0736290710298566
-1.0739524486379692
-1.0656801797525775
-1.066765664637573
-1.067675615172135
-1.0697122730209252
-1.071609672424283
-1.0717621821272585
-1.0713675406737646
-1.0690661158858639
