0.0,0.0,0.0,0.0,0.0,0.0,0.0,0.0,0.0,0.0,0.0,0.0
3.141592653589793,0.0,0.0,0.0,0.0,0.0,0.0,0.0,0.0,0.0,0.0,0.0
0.0,3.141592653589793,0.0,0.0,0.0,0.0,0.0,0.0,0.0,0.0,0.0,0.0
0.0,0.0,3.141592653589793,0.0,0.0,0.0,0.0,0.0,0.0,0.0,0.0,0.0
0.0,0.0,0.0,3.141592653589793,0.0,0.0,0.0,0.0,0.0,0.0,0.0,0.0
0.0,0.0,0.0,0.0,3.141592653589793,0.0,0.0,0.0,0.0,0.0,0.0,0.0
0.0,0.0,0.0,0.0,0.0,3.141592653589793,0.0,0.0,0.0,0.0,0.0,0.0
0.0,0.0,0.0,0.0,0.0,0.0,3.141592653589793,0.0,0.0,0.0,0.0,0.0
0.0,0.0,0.0,0.0,0.0,0.0,0.0,3.141592653589793,0.0,0.0,0.0,0.0
0.0,0.0,0.0,0.0,0.0,0.0,0.0,0.0,3.141592653589793,0.0,0.0,0.0
0.0,0.0,0.0,0.0,0.0,0.0,0.0,0.0,0.0,3.141592653589793,0.0,0.0
0.0,0.0,0.0,0.0,0.0,0.0,0.0,0.0,0.0,0.0,3.141592653589793,0.0
0.0,0.0,0.0,0.0,0.0,0.0,0.0,0.0,0.0,0.0,0.0,3.141592653589793
1.5707963267948966,0.0,0.0,0.0,0.0,0.0,0.0,3.141592653589793,0.0,0.0,0.0,0.0
0.0,1.5707963267948966,0.0,0.0,0.0,0.0,0.0,3.141592653589793,0.0,0.0,0.0,0.0
0.0,0.0,1.5707963267948966,0.0,0.0,0.0,0.0,3.141592653589793,0.0,0.0,0.0,0.0
0.0,0.0,0.0,1.5707963267948966,0.0,0.0,0.0,3.141592653589793,0.0,0.0,0.0,0.0
0.0,0.0,0.0,0.0,1.5707963267948966,0.0,0.0,3.141592653589793,0.0,0.0,0.0,0.0
0.0,0.0,0.0,0.0,0.0,1.5707963267948966,0.0,3.141592653589793,0.0,0.0,0.0,0.0
0.0,0.0,0.0,0.0,0.0,0.0,1.5707963267948966,3.141592653589793,0.0,0.0,0.0,0.0
0.0,0.0,0.0,0.0,0.0,0.0,0.0,4.71238898038469,0.0,0.0,0.0,0.0
0.0,0.0,0.0,0.0,0.0,0.0,0.0,3.141592653589793,1.5707963267948966,0.0,0.0,0.0
0.0,0.0,0.0,0.0,0.0,0.0,0.0,3.141592653589793,0.0,1.5707963267948966,0.0,0.0
0.0,0.0,0.0,0.0,0.0,0.0,0.0,3.141592653589793,0.0,0.0,1.5707963267948966,0.0
0.0,0.0,0.0,0.0,0.0,0.0,0.0,3.141592653589793,0.0,0.0,0.0,1.5707963267948966
0.0,0.0,0.0,0.0,0.0,0.0,0.0,1.5707963267948966,0.0,0.0,0.0,0.0
0.0,0.0,0.0,0.0,0.0,0.0,0.0,3.1659747365419078,0.0,0.0,0.0,0.06584804269928458
0.0,0.0,0.0,0.0,0.0,0.0,0.0,3.1537836950658504,0.0,0.0,0.0,0.03292402134964229
0.0,0.0,0.0,0.0,0.0,0.0,0.0,3.147688174327822,0.0,0.0,0.0,0.016462010674821146
0.0,0.0,0.0,0.0,0.0,0.0,0.0,3.144640413958807,0.0,0.0,0.0,0.008231005337410573
1.5707963267948966,0.0,0.0,0.0,0.0,0.0,0.0,3.141592653589793,0.0,0.0,0.0,0.0
0.0,1.5707963267948966,0.0,0.0,0.0,0.0,0.0,3.141592653589793,0.0,0.0,0.0,0.0
0.0,0.0,1.5707963267948966,0.0,0.0,0.0,0.0,3.141592653589793,0.0,0.0,0.0,0.0
0.0,0.0,0.0,1.5707963267948966,0.0,0.0,0.0,3.141592653589793,0.0,0.0,0.0,0.0
0.0,0.0,0.0,0.0,1.5707963267948966,0.0,0.0,3.141592653589793,0.0,0.0,0.0,0.0
0.0,0.0,0.0,0.0,0.0,1.5707963267948966,0.0,3.141592653589793,0.0,0.0,0.0,0.0
0.0,0.0,0.0,0.0,0.0,0.0,1.5707963267948966,3.141592653589793,0.0,0.0,0.0,0.0
0.0,0.0,0.0,0.0,0.0,0.0,0.0,4.71238898038469,0.0,0.0,0.0,0.0
0.0,0.0,0.0,0.0,0.0,0.0,0.0,3.141592653589793,1.5707963267948966,0.0,0.0,0.0
0.0,0.0,0.0,0.0,0.0,0.0,0.0,3.141592653589793,0.0,1.5707963267948966,0.0,0.0
0.0,0.0,0.0,0.0,0.0,0.0,0.0,3.141592653589793,0.0,0.0,1.5707963267948966,0.0
0.0,0.0,0.0,0.0,0.0,0.0,0.0,3.141592653589793,0.0,0.0,0.0,1.5707963267948966
0.0,0.0,0.0,0.0,0.0,0.0,0.0,1.5707963267948966,0.0,0.0,0.0,0.0
0.7853981633974483,0.0,0.0,0.0,0.0,0.0,0.0,3.141592653589793,0.0,0.0,0.0,1.5707963267948966
0.0,0.7853981633974483,0.0,0.0,0.0,0.0,0.0,3.141592653589793,0.0,0.0,0.0,1.5707963267948966
0.0,0.0,0.7853981633974483,0.0,0.0,0.0,0.0,3.141592653589793,0.0,0.0,0.0,1.5707963267948966
0.0,0.0,0.0,0.7853981633974483,0.0,0.0,0.0,3.141592653589793,0.0,0.0,0.0,1.5707963267948966
0.0,0.0,0.0,0.0,0.7853981633974483,0.0,0.0,3.141592653589793,0.0,0.0,0.0,1.5707963267948966
0.0,0.0,0.0,0.0,0.0,0.7853981633974483,0.0,3.141592653589793,0.0,0.0,0.0,1.5707963267948966
0.0,0.0,0.0,0.0,0.0,0.0,0.7853981633974483,3.141592653589793,0.0,0.0,0.0,1.5707963267948966
0.0,0.0,0.0,0.0,0.0,0.0,0.0,3.9269908169872414,0.0,0.0,0.0,1.5707963267948966
0.0,0.0,0.0,0.0,0.0,0.0,0.0,3.141592653589793,0.7853981633974483,0.0,0.0,1.5707963267948966
0.0,0.0,0.0,0.0,0.0,0.0,0.0,3.141592653589793,0.0,0.7853981633974483,0.0,1.5707963267948966
0.0,0.0,0.0,0.0,0.0,0.0,0.0,3.141592653589793,0.0,0.0,0.7853981633974483,1.5707963267948966
0.0,0.0,0.0,0.0,0.0,0.0,0.0,3.141592653589793,0.0,0.0,0.0,2.356194490192345
0.0,0.0,0.0,0.0,0.0,0.0,0.0,2.356194490192345,0.0,0.0,0.0,1.5707963267948966
0.0,0.0,0.0,0.0,0.0,0.0,0.0,3.141592653589793,0.0,0.0,0.0,0.7853981633974483
0.39269908169872414,0.0,0.0,0.0,0.0,0.0,0.0,3.141592653589793,0.0,0.0,0.0,1.5707963267948966
0.0,0.39269908169872414,0.0,0.0,0.0,0.0,0.0,3.141592653589793,0.0,0.0,0.0,1.5707963267948966
0.0,0.0,0.39269908169872414,0.0,0.0,0.0,0.0,3.141592653589793,0.0,0.0,0.0,1.5707963267948966
0.0,0.0,0.0,0.39269908169872414,0.0,0.0,0.0,3.141592653589793,0.0,0.0,0.0,1.5707963267948966
0.0,0.0,0.0,0.0,0.39269908169872414,0.0,0.0,3.141592653589793,0.0,0.0,0.0,1.5707963267948966
0.0,0.0,0.0,0.0,0.0,0.39269908169872414,0.0,3.141592653589793,0.0,0.0,0.0,1.5707963267948966
0.0,0.0,0.0,0.0,0.0,0.0,0.39269908169872414,3.141592653589793,0.0,0.0,0.0,1.5707963267948966
0.0,0.0,0.0,0.0,0.0,0.0,0.0,3.5342917352885173,0.0,0.0,0.0,1.5707963267948966
0.0,0.0,0.0,0.0,0.0,0.0,0.0,3.141592653589793,0.39269908169872414,0.0,0.0,1.5707963267948966
0.0,0.0,0.0,0.0,0.0,0.0,0.0,3.141592653589793,0.0,0.39269908169872414,0.0,1.5707963267948966
0.0,0.0,0.0,0.0,0.0,0.0,0.0,3.141592653589793,0.0,0.0,0.39269908169872414,1.5707963267948966
0.0,0.0,0.0,0.0,0.0,0.0,0.0,3.141592653589793,0.0,0.0,0.0,1.9634954084936207
0.0,0.0,0.0,0.0,0.0,0.0,0.0,2.748893571891069,0.0,0.0,0.0,1.5707963267948966
0.0,0.0,0.0,0.0,0.0,0.0,0.0,3.141592653589793,0.0,0.0,0.0,1.1780972450961724
0.0,0.0,0.0,0.0,0.5300322941724258,0.0,0.0,3.1629406921783785,0.0,0.0,0.0,1.700593387340192
0.39269908169872414,0.0,0.0,0.0,0.5300322941724258,0.0,0.0,3.1629406921783785,0.0,0.0,0.0,1.700593387340192
0.0,0.39269908169872414,0.0,0.0,0.5300322941724258,0.0,0.0,3.1629406921783785,0.0,0.0,0.0,1.700593387340192
0.0,0.0,0.39269908169872414,0.0,0.5300322941724258,0.0,0.0,3.1629406921783785,0.0,0.0,0.0,1.700593387340192
0.0,0.0,0.0,0.39269908169872414,0.5300322941724258,0.0,0.0,3.1629406921783785,0.0,0.0,0.0,1.700593387340192
0.0,0.0,0.0,0.0,0.9227313758711498,0.0,0.0,3.1629406921783785,0.0,0.0,0.0,1.700593387340192
0.0,0.0,0.0,0.0,0.5300322941724258,0.39269908169872414,0.0,3.1629406921783785,0.0,0.0,0.0,1.700593387340192
0.0,0.0,0.0,0.0,0.5300322941724258,0.0,0.39269908169872414,3.1629406921783785,0.0,0.0,0.0,1.700593387340192
0.0,0.0,0.0,0.0,0.5300322941724258,0.0,0.0,3.5556397738771026,0.0,0.0,0.0,1.700593387340192
0.0,0.0,0.0,0.0,0.5300322941724258,0.0,0.0,3.1629406921783785,0.39269908169872414,0.0,0.0,1.700593387340192
0.0,0.0,0.0,0.0,0.5300322941724258,0.0,0.0,3.1629406921783785,0.0,0.39269908169872414,0.0,1.700593387340192
0.0,0.0,0.0,0.0,0.5300322941724258,0.0,0.0,3.1629406921783785,0.0,0.0,0.39269908169872414,1.700593387340192
0.0,0.0,0.0,0.0,0.5300322941724258,0.0,0.0,3.1629406921783785,0.0,0.0,0.0,2.093292469038916
0.0,0.0,0.0,0.0,0.13733321247370164,0.0,0.0,3.1629406921783785,0.0,0.0,0.0,1.700593387340192
0.0,0.0,0.0,0.0,0.5300322941724258,0.0,0.0,2.7702416104796543,0.0,0.0,0.0,1.700593387340192
0.0,0.0,0.0,0.0,0.5300322941724258,0.0,0.0,3.1629406921783785,0.0,0.0,0.0,1.3078943056414678
0.19634954084936207,0.0,0.0,0.0,0.39269908169872414,0.0,0.0,3.141592653589793,0.0,0.0,0.0,1.5707963267948966
0.0,0.19634954084936207,0.0,0.0,0.39269908169872414,0.0,0.0,3.141592653589793,0.0,0.0,0.0,1.5707963267948966
0.0,0.0,0.19634954084936207,0.0,0.39269908169872414,0.0,0.0,3.141592653589793,0.0,0.0,0.0,1.5707963267948966
0.0,0.0,0.0,0.19634954084936207,0.39269908169872414,0.0,0.0,3.141592653589793,0.0,0.0,0.0,1.5707963267948966
0.0,0.0,0.0,0.0,0.5890486225480862,0.0,0.0,3.141592653589793,0.0,0.0,0.0,1.5707963267948966
0.0,0.0,0.0,0.0,0.39269908169872414,0.19634954084936207,0.0,3.141592653589793,0.0,0.0,0.0,1.5707963267948966
0.0,0.0,0.0,0.0,0.39269908169872414,0.0,0.19634954084936207,3.141592653589793,0.0,0.0,0.0,1.5707963267948966
0.0,0.0,0.0,0.0,0.39269908169872414,0.0,0.0,3.3379421944391554,0.0,0.0,0.0,1.5707963267948966
0.0,0.0,0.0,0.0,0.39269908169872414,0.0,0.0,3.141592653589793,0.19634954084936207,0.0,0.0,1.5707963267948966
0.0,0.0,0.0,0.0,0.39269908169872414,0.0,0.0,3.141592653589793,0.0,0.19634954084936207,0.0,1.5707963267948966
0.0,0.0,0.0,0.0,0.39269908169872414,0.0,0.0,3.141592653589793,0.0,0.0,0.19634954084936207,1.5707963267948966
0.0,0.0,0.0,0.0,0.39269908169872414,0.0,0.0,3.141592653589793,0.0,0.0,0.0,1.7671458676442586
0.0,0.0,0.0,0.0,0.19634954084936207,0.0,0.0,3.141592653589793,0.0,0.0,0.0,1.5707963267948966
0.0,0.0,0.0,0.0,0.39269908169872414,0.0,0.0,2.945243112740431,0.0,0.0,0.0,1.5707963267948966
0.0,0.0,0.0,0.0,0.39269908169872414,0.0,0.0,3.141592653589793,0.0,0.0,0.0,1.3744467859455345
0.0,0.45427015381943364,1.1344356167360172,0.9049722285993435,0.0,0.0,0.0,2.948028550241032,0.6991828589266579,0.014954310593802497,0.5559735102883064,1.4966688120518912
0.0,0.22713507690971682,0.5672178083680086,0.4524861142996717,0.15658754437542627,0.0,0.0,3.0448106019154126,0.34959142946332894,0.0074771552969012485,0.2779867551441532,1.5337325694233939
0.0,0.11356753845485841,0.2836089041840043,0.22624305714983586,0.27464331303707523,0.0,0.0,3.093201627752603,0.17479571473166447,0.0037385776484506242,0.1389933775720766,1.5522644481091452
0.19634954084936207,0.11356753845485841,0.2836089041840043,0.22624305714983586,0.27464331303707523,0.0,0.0,3.093201627752603,0.17479571473166447,0.0037385776484506242,0.1389933775720766,1.5522644481091452
0.0,0.30991707930422047,0.2836089041840043,0.22624305714983586,0.27464331303707523,0.0,0.0,3.093201627752603,0.17479571473166447,0.0037385776484506242,0.1389933775720766,1.5522644481091452
0.0,0.11356753845485841,0.4799584450333664,0.22624305714983586,0.27464331303707523,0.0,0.0,3.093201627752603,0.17479571473166447,0.0037385776484506242,0.1389933775720766,1.5522644481091452
0.0,0.11356753845485841,0.2836089041840043,0.42259259799919796,0.27464331303707523,0.0,0.0,3.093201627752603,0.17479571473166447,0.0037385776484506242,0.1389933775720766,1.5522644481091452
0.0,0.11356753845485841,0.2836089041840043,0.22624305714983586,0.4709928538864373,0.0,0.0,3.093201627752603,0.17479571473166447,0.0037385776484506242,0.1389933775720766,1.5522644481091452
0.0,0.11356753845485841,0.2836089041840043,0.22624305714983586,0.27464331303707523,0.19634954084936207,0.0,3.093201627752603,0.17479571473166447,0.0037385776484506242,0.1389933775720766,1.5522644481091452
0.0,0.11356753845485841,0.2836089041840043,0.22624305714983586,0.27464331303707523,0.0,0.19634954084936207,3.093201627752603,0.17479571473166447,0.0037385776484506242,0.1389933775720766,1.5522644481091452
0.0,0.11356753845485841,0.2836089041840043,0.22624305714983586,0.27464331303707523,0.0,0.0,3.2895511686019647,0.17479571473166447,0.0037385776484506242,0.1389933775720766,1.5522644481091452
0.0,0.11356753845485841,0.2836089041840043,0.22624305714983586,0.27464331303707523,0.0,0.0,3.093201627752603,0.3711452555810265,0.0037385776484506242,0.1389933775720766,1.5522644481091452
0.0,0.11356753845485841,0.2836089041840043,0.22624305714983586,0.27464331303707523,0.0,0.0,3.093201627752603,0.17479571473166447,0.2000881184978127,0.1389933775720766,1.5522644481091452
0.0,0.11356753845485841,0.2836089041840043,0.22624305714983586,0.27464331303707523,0.0,0.0,3.093201627752603,0.17479571473166447,0.0037385776484506242,0.3353429184214387,1.5522644481091452
0.0,0.11356753845485841,0.2836089041840043,0.22624305714983586,0.27464331303707523,0.0,0.0,3.093201627752603,0.17479571473166447,0.0037385776484506242,0.1389933775720766,1.7486139889585073
0.0,0.11356753845485841,0.08725936333464224,0.22624305714983586,0.27464331303707523,0.0,0.0,3.093201627752603,0.17479571473166447,0.0037385776484506242,0.1389933775720766,1.5522644481091452
0.0,0.11356753845485841,0.2836089041840043,0.029893516300473804,0.27464331303707523,0.0,0.0,3.093201627752603,0.17479571473166447,0.0037385776484506242,0.1389933775720766,1.5522644481091452
0.0,0.11356753845485841,0.2836089041840043,0.22624305714983586,0.07829377218771313,0.0,0.0,3.093201627752603,0.17479571473166447,0.0037385776484506242,0.1389933775720766,1.5522644481091452
0.0,0.11356753845485841,0.2836089041840043,0.22624305714983586,0.27464331303707523,0.0,0.0,2.8968520869032406,0.17479571473166447,0.0037385776484506242,0.1389933775720766,1.5522644481091452
0.0,0.11356753845485841,0.2836089041840043,0.22624305714983586,0.27464331303707523,0.0,0.0,3.093201627752603,0.17479571473166447,0.0037385776484506242,0.1389933775720766,1.3559149072597831
0.4227537827789134,0.0,1.3995230787037674,1.2627334664000858,0.013252649607251938,0.0,0.0,2.8532466238477543,0.0,0.06000812495631939,0.5362370139412188,1.4715511074771959
0.2113768913894567,0.0,0.8415659914438859,0.7444882617749609,0.14394798132216358,0.0,0.0,2.9732241258001784,0.0,0.03187335130238501,0.3376151957566477,1.5119077777931704
0.10568844569472835,0.02894354364520524,0.5625874478139451,0.4853656594623983,0.2092956471796194,0.0,0.0,3.0332128767763904,0.0737634850929817,0.017805964475417817,0.23830428666436215,1.532086112951158
0.052844222847364175,0.07125554105003182,0.42309817599897476,0.3558043583061171,0.2419694801083473,0.0,0.0,3.063207252264497,0.12427959991232308,0.01077227106193422,0.1886488321182194,1.5421752805301514
0.24919376369672624,0.07125554105003182,0.42309817599897476,0.3558043583061171,0.2419694801083473,0.0,0.0,3.063207252264497,0.12427959991232308,0.01077227106193422,0.1886488321182194,1.5421752805301514
0.052844222847364175,0.2676050818993939,0.42309817599897476,0.3558043583061171,0.2419694801083473,0.0,0.0,3.063207252264497,0.12427959991232308,0.01077227106193422,0.1886488321182194,1.5421752805301514
0.052844222847364175,0.07125554105003182,0.6194477168483368,0.3558043583061171,0.2419694801083473,0.0,0.0,3.063207252264497,0.12427959991232308,0.01077227106193422,0.1886488321182194,1.5421752805301514
0.052844222847364175,0.07125554105003182,0.42309817599897476,0.5521538991554792,0.2419694801083473,0.0,0.0,3.063207252264497,0.12427959991232308,0.01077227106193422,0.1886488321182194,1.5421752805301514
0.052844222847364175,0.07125554105003182,0.42309817599897476,0.3558043583061171,0.4383190209577093,0.0,0.0,3.063207252264497,0.12427959991232308,0.01077227106193422,0.1886488321182194,1.5421752805301514
0.052844222847364175,0.07125554105003182,0.42309817599897476,0.3558043583061171,0.2419694801083473,0.19634954084936207,0.0,3.063207252264497,0.12427959991232308,0.01077227106193422,0.1886488321182194,1.5421752805301514
0.052844222847364175,0.07125554105003182,0.42309817599897476,0.3558043583061171,0.2419694801083473,0.0,0.19634954084936207,3.063207252264497,0.12427959991232308,0.01077227106193422,0.1886488321182194,1.5421752805301514
0.052844222847364175,0.07125554105003182,0.42309817599897476,0.3558043583061171,0.2419694801083473,0.0,0.0,3.2595567931138585,0.12427959991232308,0.01077227106193422,0.1886488321182194,1.5421752805301514
0.052844222847364175,0.07125554105003182,0.42309817599897476,0.3558043583061171,0.2419694801083473,0.0,0.0,3.063207252264497,0.32062914076168514,0.01077227106193422,0.1886488321182194,1.5421752805301514
0.052844222847364175,0.07125554105003182,0.42309817599897476,0.3558043583061171,0.2419694801083473,0.0,0.0,3.063207252264497,0.12427959991232308,0.20712181191129628,0.1886488321182194,1.5421752805301514
0.052844222847364175,0.07125554105003182,0.42309817599897476,0.3558043583061171,0.2419694801083473,0.0,0.0,3.063207252264497,0.12427959991232308,0.01077227106193422,0.38499837296758144,1.5421752805301514
0.052844222847364175,0.07125554105003182,0.42309817599897476,0.3558043583061171,0.2419694801083473,0.0,0.0,3.063207252264497,0.12427959991232308,0.01077227106193422,0.1886488321182194,1.7385248213795135
0.052844222847364175,0.07125554105003182,0.22674863514961266,0.3558043583061171,0.2419694801083473,0.0,0.0,3.063207252264497,0.12427959991232308,0.01077227106193422,0.1886488321182194,1.5421752805301514
0.052844222847364175,0.07125554105003182,0.42309817599897476,0.15945481745675502,0.2419694801083473,0.0,0.0,3.063207252264497,0.12427959991232308,0.01077227106193422,0.1886488321182194,1.5421752805301514
0.052844222847364175,0.07125554105003182,0.42309817599897476,0.3558043583061171,0.04561993925898523,0.0,0.0,3.063207252264497,0.12427959991232308,0.01077227106193422,0.1886488321182194,1.5421752805301514
0.052844222847364175,0.07125554105003182,0.42309817599897476,0.3558043583061171,0.2419694801083473,0.0,0.0,2.866857711415135,0.12427959991232308,0.01077227106193422,0.1886488321182194,1.5421752805301514
0.052844222847364175,0.07125554105003182,0.42309817599897476,0.3558043583061171,0.2419694801083473,0.0,0.0,3.063207252264497,0.12427959991232308,0.01077227106193422,0.1886488321182194,1.3458257396807893
0.0,0.0,1.5658703908774885,0.9366275489491184,0.6739416953920037,0.0,0.0,3.083684321478962,0.016709777031325732,0.0,0.8048778842518989,1.479986896579308
0.013287219366713461,0.0,0.9944842834382317,0.6462159536276176,0.4579555877501755,0.0,0.0,3.0734457868717295,0.0704946884718244,0.0,0.49676335818505923,1.5110810885547297
0.03306572110703882,0.0,0.7087912297186032,0.5010101559668674,0.3499625339292614,0.0,0.0,3.0683265195681133,0.09738714419207374,0.0,0.3427060951516393,1.5266281845424408
0.2294152619564009,0.0,0.7087912297186032,0.5010101559668674,0.3499625339292614,0.0,0.0,3.0683265195681133,0.09738714419207374,0.0,0.3427060951516393,1.5266281845424408
0.03306572110703882,0.19634954084936207,0.7087912297186032,0.5010101559668674,0.3499625339292614,0.0,0.0,3.0683265195681133,0.09738714419207374,0.0,0.3427060951516393,1.5266281845424408
0.03306572110703882,0.0,0.9051407705679653,0.5010101559668674,0.3499625339292614,0.0,0.0,3.0683265195681133,0.09738714419207374,0.0,0.3427060951516393,1.5266281845424408
0.03306572110703882,0.0,0.7087912297186032,0.6973596968162294,0.3499625339292614,0.0,0.0,3.0683265195681133,0.09738714419207374,0.0,0.3427060951516393,1.5266281845424408
0.03306572110703882,0.0,0.7087912297186032,0.5010101559668674,0.5463120747786234,0.0,0.0,3.0683265195681133,0.09738714419207374,0.0,0.3427060951516393,1.5266281845424408
0.03306572110703882,0.0,0.7087912297186032,0.5010101559668674,0.3499625339292614,0.19634954084936207,0.0,3.0683265195681133,0.09738714419207374,0.0,0.3427060951516393,1.5266281845424408
0.03306572110703882,0.0,0.7087912297186032,0.5010101559668674,0.3499625339292614,0.0,0.19634954084936207,3.0683265195681133,0.09738714419207374,0.0,0.3427060951516393,1.5266281845424408
0.03306572110703882,0.0,0.7087912297186032,0.5010101559668674,0.3499625339292614,0.0,0.0,3.264676060417475,0.09738714419207374,0.0,0.3427060951516393,1.5266281845424408
0.03306572110703882,0.0,0.7087912297186032,0.5010101559668674,0.3499625339292614,0.0,0.0,3.0683265195681133,0.29373668504143585,0.0,0.3427060951516393,1.5266281845424408
0.03306572110703882,0.0,0.7087912297186032,0.5010101559668674,0.3499625339292614,0.0,0.0,3.0683265195681133,0.09738714419207374,0.19634954084936207,0.3427060951516393,1.5266281845424408
0.03306572110703882,0.0,0.7087912297186032,0.5010101559668674,0.3499625339292614,0.0,0.0,3.0683265195681133,0.09738714419207374,0.0,0.5390556360010014,1.5266281845424408
0.03306572110703882,0.0,0.7087912297186032,0.5010101559668674,0.3499625339292614,0.0,0.0,3.0683265195681133,0.09738714419207374,0.0,0.3427060951516393,1.7229777253918026
0.03306572110703882,0.0,0.5124416888692411,0.5010101559668674,0.3499625339292614,0.0,0.0,3.0683265195681133,0.09738714419207374,0.0,0.3427060951516393,1.5266281845424408
0.03306572110703882,0.0,0.7087912297186032,0.30466061511750536,0.3499625339292614,0.0,0.0,3.0683265195681133,0.09738714419207374,0.0,0.3427060951516393,1.5266281845424408
0.03306572110703882,0.0,0.7087912297186032,0.5010101559668674,0.15361299307989934,0.0,0.0,3.0683265195681133,0.09738714419207374,0.0,0.3427060951516393,1.5266281845424408
0.03306572110703882,0.0,0.7087912297186032,0.5010101559668674,0.3499625339292614,0.0,0.0,2.871976978718751,0.09738714419207374,0.0,0.3427060951516393,1.5266281845424408
0.03306572110703882,0.0,0.7087912297186032,0.5010101559668674,0.3499625339292614,0.0,0.0,3.0683265195681133,0.09738714419207374,0.0,0.14635655430227723,1.5266281845424408
0.03306572110703882,0.0,0.7087912297186032,0.5010101559668674,0.3499625339292614,0.0,0.0,3.0683265195681133,0.09738714419207374,0.0,0.3427060951516393,1.3302786436930787
0.0,0.0,1.7717076425169755,1.179384025275165,0.5192177869638261,0.0,0.0,3.2414919727433125,0.0,0.0,0.8138360685807968,1.395422910312879
0.0,0.0,1.2402494361177894,0.8401970906210162,0.43459016044654375,0.0,0.0,3.154909246155713,0.0,0.0,0.5782710818662181,1.4610255474276599
0.19634954084936207,0.0,1.2402494361177894,0.8401970906210162,0.43459016044654375,0.0,0.0,3.154909246155713,0.0,0.0,0.5782710818662181,1.4610255474276599
0.0,0.19634954084936207,1.2402494361177894,0.8401970906210162,0.43459016044654375,0.0,0.0,3.154909246155713,0.0,0.0,0.5782710818662181,1.4610255474276599
0.0,0.0,1.4365989769671514,0.8401970906210162,0.43459016044654375,0.0,0.0,3.154909246155713,0.0,0.0,0.5782710818662181,1.4610255474276599
0.0,0.0,1.2402494361177894,1.0365466314703784,0.43459016044654375,0.0,0.0,3.154909246155713,0.0,0.0,0.5782710818662181,1.4610255474276599
0.0,0.0,1.2402494361177894,0.8401970906210162,0.6309397012959058,0.0,0.0,3.154909246155713,0.0,0.0,0.5782710818662181,1.4610255474276599
0.0,0.0,1.2402494361177894,0.8401970906210162,0.43459016044654375,0.19634954084936207,0.0,3.154909246155713,0.0,0.0,0.5782710818662181,1.4610255474276599
0.0,0.0,1.2402494361177894,0.8401970906210162,0.43459016044654375,0.0,0.19634954084936207,3.154909246155713,0.0,0.0,0.5782710818662181,1.4610255474276599
0.0,0.0,1.2402494361177894,0.8401970906210162,0.43459016044654375,0.0,0.0,3.3512587870050754,0.0,0.0,0.5782710818662181,1.4610255474276599
0.0,0.0,1.2402494361177894,0.8401970906210162,0.43459016044654375,0.0,0.0,3.154909246155713,0.19634954084936207,0.0,0.5782710818662181,1.4610255474276599
0.0,0.0,1.2402494361177894,0.8401970906210162,0.43459016044654375,0.0,0.0,3.154909246155713,0.0,0.19634954084936207,0.5782710818662181,1.4610255474276599
0.0,0.0,1.2402494361177894,0.8401970906210162,0.43459016044654375,0.0,0.0,3.154909246155713,0.0,0.0,0.7746206227155802,1.4610255474276599
0.0,0.0,1.2402494361177894,0.8401970906210162,0.43459016044654375,0.0,0.0,3.154909246155713,0.0,0.0,0.5782710818662181,1.6573750882770222
0.0,0.0,1.0438998952684273,0.8401970906210162,0.43459016044654375,0.0,0.0,3.154909246155713,0.0,0.0,0.5782710818662181,1.4610255474276599
0.0,0.0,1.2402494361177894,0.6438475497716541,0.43459016044654375,0.0,0.0,3.154909246155713,0.0,0.0,0.5782710818662181,1.4610255474276599
0.0,0.0,1.2402494361177894,0.8401970906210162,0.2382406195971817,0.0,0.0,3.154909246155713,0.0,0.0,0.5782710818662181,1.4610255474276599
0.0,0.0,1.2402494361177894,0.8401970906210162,0.43459016044654375,0.0,0.0,2.9585597053063513,0.0,0.0,0.5782710818662181,1.4610255474276599
0.0,0.0,1.2402494361177894,0.8401970906210162,0.43459016044654375,0.0,0.0,3.154909246155713,0.0,0.0,0.3819215410168561,1.4610255474276599
0.0,0.0,1.2402494361177894,0.8401970906210162,0.43459016044654375,0.0,0.0,3.154909246155713,0.0,0.0,0.5782710818662181,1.2646760065782978
0.0,0.21812760726375938,0.958880146817636,0.6123401926496876,0.3429573243998866,0.0,0.0,3.2772549042604737,0.0,0.0,0.4222578075023261,1.428009264079613
0.0,0.10906380363187969,1.0995647914677127,0.7262686416353519,0.38877374242321516,0.0,0.0,3.216082075208093,0.0,0.0,0.5002644446842722,1.4445174057536365
0.0,0.054531901815939844,1.169907113792751,0.7832328661281841,0.4116819514348795,0.0,0.0,3.1854956606819034,0.0,0.0,0.5392677632752452,1.452771476590648
0.0,0.027265950907969922,1.2050782749552702,0.8117149783746002,0.4231360559407116,0.0,0.0,3.170202453418808,0.0,0.0,0.5587694225707317,1.456898512009154
0.19634954084936207,0.027265950907969922,1.2050782749552702,0.8117149783746002,0.4231360559407116,0.0,0.0,3.170202453418808,0.0,0.0,0.5587694225707317,1.456898512009154
0.0,0.223615491757332,1.2050782749552702,0.8117149783746002,0.4231360559407116,0.0,0.0,3.170202453418808,0.0,0.0,0.5587694225707317,1.456898512009154
0.0,0.027265950907969922,1.4014278158046323,0.8117149783746002,0.4231360559407116,0.0,0.0,3.170202453418808,0.0,0.0,0.5587694225707317,1.456898512009154
0.0,0.027265950907969922,1.2050782749552702,1.0080645192239621,0.4231360559407116,0.0,0.0,3.170202453418808,0.0,0.0,0.5587694225707317,1.456898512009154
0.0,0.027265950907969922,1.2050782749552702,0.8117149783746002,0.6194855967900736,0.0,0.0,3.170202453418808,0.0,0.0,0.5587694225707317,1.456898512009154
0.0,0.027265950907969922,1.2050782749552702,0.8117149783746002,0.4231360559407116,0.19634954084936207,0.0,3.170202453418808,0.0,0.0,0.5587694225707317,1.456898512009154
0.0,0.027265950907969922,1.2050782749552702,0.8117149783746002,0.4231360559407116,0.0,0.19634954084936207,3.170202453418808,0.0,0.0,0.5587694225707317,1.456898512009154
0.0,0.027265950907969922,1.2050782749552702,0.8117149783746002,0.4231360559407116,0.0,0.0,3.36655199426817,0.0,0.0,0.5587694225707317,1.456898512009154
0.0,0.027265950907969922,1.2050782749552702,0.8117149783746002,0.4231360559407116,0.0,0.0,3.170202453418808,0.19634954084936207,0.0,0.5587694225707317,1.456898512009154
0.0,0.027265950907969922,1.2050782749552702,0.8117149783746002,0.4231360559407116,0.0,0.0,3.170202453418808,0.0,0.19634954084936207,0.5587694225707317,1.456898512009154
0.0,0.027265950907969922,1.2050782749552702,0.8117149783746002,0.4231360559407116,0.0,0.0,3.170202453418808,0.0,0.0,0.7551189634200938,1.456898512009154
0.0,0.027265950907969922,1.2050782749552702,0.8117149783746002,0.4231360559407116,0.0,0.0,3.170202453418808,0.0,0.0,0.5587694225707317,1.6532480528585163
0.0,0.027265950907969922,1.0087287341059081,0.8117149783746002,0.4231360559407116,0.0,0.0,3.170202453418808,0.0,0.0,0.5587694225707317,1.456898512009154
0.0,0.027265950907969922,1.2050782749552702,0.6153654375252381,0.4231360559407116,0.0,0.0,3.170202453418808,0.0,0.0,0.5587694225707317,1.456898512009154
0.0,0.027265950907969922,1.2050782749552702,0.8117149783746002,0.22678651509134953,0.0,0.0,3.170202453418808,0.0,0.0,0.5587694225707317,1.456898512009154
0.0,0.027265950907969922,1.2050782749552702,0.8117149783746002,0.4231360559407116,0.0,0.0,2.9738529125694457,0.0,0.0,0.5587694225707317,1.456898512009154
0.0,0.027265950907969922,1.2050782749552702,0.8117149783746002,0.4231360559407116,0.0,0.0,3.170202453418808,0.0,0.0,0.36241988172136963,1.456898512009154
0.0,0.027265950907969922,1.2050782749552702,0.8117149783746002,0.4231360559407116,0.0,0.0,3.170202453418808,0.0,0.0,0.5587694225707317,1.260548971159792
0.0,0.07914471477217584,0.4990627314540059,0.19750740478689174,0.1558569437309018,0.0,0.0,3.5148281736270888,0.0,0.0,0.13825244446090798,1.668013196173919
0.0,0.05320533284007288,0.8520705032046382,0.504611191580746,0.28949649983580666,0.0,0.0,3.342515313522948,0.0,0.0,0.34851093351581985,1.5624558540915365
0.19634954084936207,0.05320533284007288,0.8520705032046382,0.504611191580746,0.28949649983580666,0.0,0.0,3.342515313522948,0.0,0.0,0.34851093351581985,1.5624558540915365
0.0,0.24955487368943494,0.8520705032046382,0.504611191580746,0.28949649983580666,0.0,0.0,3.342515313522948,0.0,0.0,0.34851093351581985,1.5624558540915365
0.0,0.05320533284007288,1.0484200440540001,0.504611191580746,0.28949649983580666,0.0,0.0,3.342515313522948,0.0,0.0,0.34851093351581985,1.5624558540915365
0.0,0.05320533284007288,0.8520705032046382,0.700960732430108,0.28949649983580666,0.0,0.0,3.342515313522948,0.0,0.0,0.34851093351581985,1.5624558540915365
0.0,0.05320533284007288,0.8520705032046382,0.504611191580746,0.48584604068516873,0.0,0.0,3.342515313522948,0.0,0.0,0.34851093351581985,1.5624558540915365
0.0,0.05320533284007288,0.8520705032046382,0.504611191580746,0.28949649983580666,0.19634954084936207,0.0,3.342515313522948,0.0,0.0,0.34851093351581985,1.5624558540915365
0.0,0.05320533284007288,0.8520705032046382,0.504611191580746,0.28949649983580666,0.0,0.19634954084936207,3.342515313522948,0.0,0.0,0.34851093351581985,1.5624558540915365
0.0,0.05320533284007288,0.8520705032046382,0.504611191580746,0.28949649983580666,0.0,0.0,3.5388648543723105,0.0,0.0,0.34851093351581985,1.5624558540915365
0.0,0.05320533284007288,0.8520705032046382,0.504611191580746,0.28949649983580666,0.0,0.0,3.342515313522948,0.19634954084936207,0.0,0.34851093351581985,1.5624558540915365
0.0,0.05320533284007288,0.8520705032046382,0.504611191580746,0.28949649983580666,0.0,0.0,3.342515313522948,0.0,0.19634954084936207,0.34851093351581985,1.5624558540915365
0.0,0.05320533284007288,0.8520705032046382,0.504611191580746,0.28949649983580666,0.0,0.0,3.342515313522948,0.0,0.0,0.5448604743651819,1.5624558540915365
0.0,0.05320533284007288,0.8520705032046382,0.504611191580746,0.28949649983580666,0.0,0.0,3.342515313522948,0.0,0.0,0.34851093351581985,1.7588053949408984
0.0,0.05320533284007288,0.6557209623552761,0.504611191580746,0.28949649983580666,0.0,0.0,3.342515313522948,0.0,0.0,0.34851093351581985,1.5624558540915365
0.0,0.05320533284007288,0.8520705032046382,0.3082616507313839,0.28949649983580666,0.0,0.0,3.342515313522948,0.0,0.0,0.34851093351581985,1.5624558540915365
0.0,0.05320533284007288,0.8520705032046382,0.504611191580746,0.09314695898644461,0.0,0.0,3.342515313522948,0.0,0.0,0.34851093351581985,1.5624558540915365
0.0,0.05320533284007288,0.8520705032046382,0.504611191580746,0.28949649983580666,0.0,0.0,3.1461657726735863,0.0,0.0,0.34851093351581985,1.5624558540915365
0.0,0.05320533284007288,0.8520705032046382,0.504611191580746,0.28949649983580666,0.0,0.0,3.342515313522948,0.0,0.0,0.15216139266645776,1.5624558540915365
0.0,0.05320533284007288,0.8520705032046382,0.504611191580746,0.28949649983580666,0.0,0.0,3.342515313522948,0.0,0.0,0.34851093351581985,1.3661063132421745
0.0,0.0,0.06766208024074015,0.1767025643532919,0.14576891633687175,0.0,0.0,3.4363849342908357,0.0,0.0,0.2661891883773312,1.424890948644904
0.0,0.0,0.45986629172268917,0.34065687796701893,0.21763270808633922,0.0,0.0,3.3894501239068915,0.0,0.0,0.3073500609465755,1.4936734013682202
0.0,0.0035699927142298364,0.6559683974636636,0.42263403477388245,0.25356460396107294,0.0,0.0,3.36598271871492,0.0,0.0,0.32793049723119766,1.5280646277298784
0.0,0.028387662777151358,0.7540194503341509,0.4636226131773142,0.27153055189843983,0.0,0.0,3.3542490161189344,0.0,0.0,0.33822071537350873,1.5452602409107075
0.19634954084936207,0.05320533284007288,0.8520705032046382,0.504611191580746,0.28949649983580666,0.0,0.0,3.342515313522948,0.0,0.0,0.34851093351581985,1.5624558540915365
0.0,0.24955487368943494,0.8520705032046382,0.504611191580746,0.28949649983580666,0.0,0.0,3.342515313522948,0.0,0.0,0.34851093351581985,1.5624558540915365
0.0,0.05320533284007288,1.0484200440540001,0.504611191580746,0.28949649983580666,0.0,0.0,3.342515313522948,0.0,0.0,0.34851093351581985,1.5624558540915365
0.0,0.05320533284007288,0.8520705032046382,0.700960732430108,0.28949649983580666,0.0,0.0,3.342515313522948,0.0,0.0,0.34851093351581985,1.5624558540915365
0.0,0.05320533284007288,0.8520705032046382,0.504611191580746,0.48584604068516873,0.0,0.0,3.342515313522948,0.0,0.0,0.34851093351581985,1.5624558540915365
0.0,0.05320533284007288,0.8520705032046382,0.504611191580746,0.28949649983580666,0.19634954084936207,0.0,3.342515313522948,0.0,0.0,0.34851093351581985,1.5624558540915365
0.0,0.05320533284007288,0.8520705032046382,0.504611191580746,0.28949649983580666,0.0,0.19634954084936207,3.342515313522948,0.0,0.0,0.34851093351581985,1.5624558540915365
0.0,0.05320533284007288,0.8520705032046382,0.504611191580746,0.28949649983580666,0.0,0.0,3.5388648543723105,0.0,0.0,0.34851093351581985,1.5624558540915365
0.0,0.05320533284007288,0.8520705032046382,0.504611191580746,0.28949649983580666,0.0,0.0,3.342515313522948,0.19634954084936207,0.0,0.34851093351581985,1.5624558540915365
0.0,0.05320533284007288,0.8520705032046382,0.504611191580746,0.28949649983580666,0.0,0.0,3.342515313522948,0.0,0.19634954084936207,0.34851093351581985,1.5624558540915365
0.0,0.05320533284007288,0.8520705032046382,0.504611191580746,0.28949649983580666,0.0,0.0,3.342515313522948,0.0,0.0,0.5448604743651819,1.5624558540915365
0.0,0.05320533284007288,0.8520705032046382,0.504611191580746,0.28949649983580666,0.0,0.0,3.342515313522948,0.0,0.0,0.34851093351581985,1.7588053949408984
0.0,0.05320533284007288,0.6557209623552761,0.504611191580746,0.28949649983580666,0.0,0.0,3.342515313522948,0.0,0.0,0.34851093351581985,1.5624558540915365
0.0,0.05320533284007288,0.8520705032046382,0.3082616507313839,0.28949649983580666,0.0,0.0,3.342515313522948,0.0,0.0,0.34851093351581985,1.5624558540915365
0.0,0.05320533284007288,0.8520705032046382,0.504611191580746,0.09314695898644461,0.0,0.0,3.342515313522948,0.0,0.0,0.34851093351581985,1.5624558540915365
0.0,0.05320533284007288,0.8520705032046382,0.504611191580746,0.28949649983580666,0.0,0.0,3.1461657726735863,0.0,0.0,0.34851093351581985,1.5624558540915365
0.0,0.05320533284007288,0.8520705032046382,0.504611191580746,0.28949649983580666,0.0,0.0,3.342515313522948,0.0,0.0,0.15216139266645776,1.5624558540915365
0.0,0.05320533284007288,0.8520705032046382,0.504611191580746,0.28949649983580666,0.0,0.0,3.342515313522948,0.0,0.0,0.34851093351581985,1.3661063132421745
0.13124049153171988,0.0,0.7087912297186032,0.6973596968162294,0.3499625339292614,0.0,0.0,3.0683265195681133,0.09738714419207374,0.0,0.3427060951516393,1.5266281845424408
0.03306572110703882,0.09817477042468103,0.7087912297186032,0.6973596968162294,0.3499625339292614,0.0,0.0,3.0683265195681133,0.09738714419207374,0.0,0.3427060951516393,1.5266281845424408
0.03306572110703882,0.0,0.8069660001432842,0.6973596968162294,0.3499625339292614,0.0,0.0,3.0683265195681133,0.09738714419207374,0.0,0.3427060951516393,1.5266281845424408
0.03306572110703882,0.0,0.7087912297186032,0.7955344672409105,0.3499625339292614,0.0,0.0,3.0683265195681133,0.09738714419207374,0.0,0.3427060951516393,1.5266281845424408
0.03306572110703882,0.0,0.7087912297186032,0.6973596968162294,0.44813730435394245,0.0,0.0,3.0683265195681133,0.09738714419207374,0.0,0.3427060951516393,1.5266281845424408
0.03306572110703882,0.0,0.7087912297186032,0.6973596968162294,0.3499625339292614,0.09817477042468103,0.0,3.0683265195681133,0.09738714419207374,0.0,0.3427060951516393,1.5266281845424408
0.03306572110703882,0.0,0.7087912297186032,0.6973596968162294,0.3499625339292614,0.0,0.09817477042468103,3.0683265195681133,0.09738714419207374,0.0,0.3427060951516393,1.5266281845424408
0.03306572110703882,0.0,0.7087912297186032,0.6973596968162294,0.3499625339292614,0.0,0.0,3.1665012899927945,0.09738714419207374,0.0,0.3427060951516393,1.5266281845424408
0.03306572110703882,0.0,0.7087912297186032,0.6973596968162294,0.3499625339292614,0.0,0.0,3.0683265195681133,0.19556191461675476,0.0,0.3427060951516393,1.5266281845424408
0.03306572110703882,0.0,0.7087912297186032,0.6973596968162294,0.3499625339292614,0.0,0.0,3.0683265195681133,0.09738714419207374,0.09817477042468103,0.3427060951516393,1.5266281845424408
0.03306572110703882,0.0,0.7087912297186032,0.6973596968162294,0.3499625339292614,0.0,0.0,3.0683265195681133,0.09738714419207374,0.0,0.44088086557632034,1.5266281845424408
0.03306572110703882,0.0,0.7087912297186032,0.6973596968162294,0.3499625339292614,0.0,0.0,3.0683265195681133,0.09738714419207374,0.0,0.3427060951516393,1.6248029549671215
0.03306572110703882,0.0,0.6106164592939222,0.6973596968162294,0.3499625339292614,0.0,0.0,3.0683265195681133,0.09738714419207374,0.0,0.3427060951516393,1.5266281845424408
0.03306572110703882,0.0,0.7087912297186032,0.5991849263915484,0.3499625339292614,0.0,0.0,3.0683265195681133,0.09738714419207374,0.0,0.3427060951516393,1.5266281845424408
0.03306572110703882,0.0,0.7087912297186032,0.6973596968162294,0.2517877635045804,0.0,0.0,3.0683265195681133,0.09738714419207374,0.0,0.3427060951516393,1.5266281845424408
0.03306572110703882,0.0,0.7087912297186032,0.6973596968162294,0.3499625339292614,0.0,0.0,2.970151749143432,0.09738714419207374,0.0,0.3427060951516393,1.5266281845424408
0.03306572110703882,0.0,0.7087912297186032,0.6973596968162294,0.3499625339292614,0.0,0.0,3.0683265195681133,0.09738714419207374,0.0,0.24453132472695827,1.5266281845424408
0.03306572110703882,0.0,0.7087912297186032,0.6973596968162294,0.3499625339292614,0.0,0.0,3.0683265195681133,0.09738714419207374,0.0,0.3427060951516393,1.4284534141177596
0.0,0.0,0.6589116691919661,0.6131625627983537,0.3370367478209656,0.0,0.0,3.0483201559251945,0.0,0.0,0.2023644097366626,1.443891668487575
0.0,0.0,0.6838514494552846,0.6552611298072917,0.3434996408751135,0.0,0.0,3.0583233377466534,0.0,0.0,0.27253525244415094,1.485259926515008
0.0,0.0,0.6963213395869439,0.6763104133117606,0.34673108740218744,0.0,0.0,3.0633249286573836,0.03435770409036482,0.0,0.30762067379789515,1.5059440555287242
0.0049856707448488555,0.0,0.7025562846527735,0.686835055063995,0.3483468106657244,0.0,0.0,3.0658257241127482,0.06587242414121929,0.0,0.3251633844747672,1.5162861200355824
0.13124049153171988,0.0,0.7087912297186032,0.6973596968162294,0.3499625339292614,0.0,0.0,3.0683265195681133,0.09738714419207374,0.0,0.3427060951516393,1.5266281845424408
0.03306572110703882,0.09817477042468103,0.7087912297186032,0.6973596968162294,0.3499625339292614,0.0,0.0,3.0683265195681133,0.09738714419207374,0.0,0.3427060951516393,1.5266281845424408
0.03306572110703882,0.0,0.8069660001432842,0.6973596968162294,0.3499625339292614,0.0,0.0,3.0683265195681133,0.09738714419207374,0.0,0.3427060951516393,1.5266281845424408
0.03306572110703882,0.0,0.7087912297186032,0.7955344672409105,0.3499625339292614,0.0,0.0,3.0683265195681133,0.09738714419207374,0.0,0.3427060951516393,1.5266281845424408
0.03306572110703882,0.0,0.7087912297186032,0.6973596968162294,0.44813730435394245,0.0,0.0,3.0683265195681133,0.09738714419207374,0.0,0.3427060951516393,1.5266281845424408
0.03306572110703882,0.0,0.7087912297186032,0.6973596968162294,0.3499625339292614,0.09817477042468103,0.0,3.0683265195681133,0.09738714419207374,0.0,0.3427060951516393,1.5266281845424408
0.03306572110703882,0.0,0.7087912297186032,0.6973596968162294,0.3499625339292614,0.0,0.09817477042468103,3.0683265195681133,0.09738714419207374,0.0,0.3427060951516393,1.5266281845424408
0.03306572110703882,0.0,0.7087912297186032,0.6973596968162294,0.3499625339292614,0.0,0.0,3.1665012899927945,0.09738714419207374,0.0,0.3427060951516393,1.5266281845424408
0.03306572110703882,0.0,0.7087912297186032,0.6973596968162294,0.3499625339292614,0.0,0.0,3.0683265195681133,0.19556191461675476,0.0,0.3427060951516393,1.5266281845424408
0.03306572110703882,0.0,0.7087912297186032,0.6973596968162294,0.3499625339292614,0.0,0.0,3.0683265195681133,0.09738714419207374,0.09817477042468103,0.3427060951516393,1.5266281845424408
0.03306572110703882,0.0,0.7087912297186032,0.6973596968162294,0.3499625339292614,0.0,0.0,3.0683265195681133,0.09738714419207374,0.0,0.44088086557632034,1.5266281845424408
0.03306572110703882,0.0,0.7087912297186032,0.6973596968162294,0.3499625339292614,0.0,0.0,3.0683265195681133,0.09738714419207374,0.0,0.3427060951516393,1.6248029549671215
0.03306572110703882,0.0,0.6106164592939222,0.6973596968162294,0.3499625339292614,0.0,0.0,3.0683265195681133,0.09738714419207374,0.0,0.3427060951516393,1.5266281845424408
0.03306572110703882,0.0,0.7087912297186032,0.5991849263915484,0.3499625339292614,0.0,0.0,3.0683265195681133,0.09738714419207374,0.0,0.3427060951516393,1.5266281845424408
0.03306572110703882,0.0,0.7087912297186032,0.6973596968162294,0.2517877635045804,0.0,0.0,3.0683265195681133,0.09738714419207374,0.0,0.3427060951516393,1.5266281845424408
0.03306572110703882,0.0,0.7087912297186032,0.6973596968162294,0.3499625339292614,0.0,0.0,2.970151749143432,0.09738714419207374,0.0,0.3427060951516393,1.5266281845424408
0.03306572110703882,0.0,0.7087912297186032,0.6973596968162294,0.3499625339292614,0.0,0.0,3.0683265195681133,0.09738714419207374,0.0,0.24453132472695827,1.5266281845424408
0.03306572110703882,0.0,0.7087912297186032,0.6973596968162294,0.3499625339292614,0.0,0.0,3.0683265195681133,0.09738714419207374,0.0,0.3427060951516393,1.4284534141177596
0.08215310631937933,0.0,0.7087912297186032,0.6973596968162294,0.3499625339292614,0.0,0.0,3.0683265195681133,0.09738714419207374,0.0,0.24453132472695827,1.5266281845424408
0.03306572110703882,0.04908738521234052,0.7087912297186032,0.6973596968162294,0.3499625339292614,0.0,0.0,3.0683265195681133,0.09738714419207374,0.0,0.24453132472695827,1.5266281845424408
0.03306572110703882,0.0,0.7578786149309437,0.6973596968162294,0.3499625339292614,0.0,0.0,3.0683265195681133,0.09738714419207374,0.0,0.24453132472695827,1.5266281845424408
0.03306572110703882,0.0,0.7087912297186032,0.74644708202857,0.3499625339292614,0.0,0.0,3.0683265195681133,0.09738714419207374,0.0,0.24453132472695827,1.5266281845424408
0.03306572110703882,0.0,0.7087912297186032,0.6973596968162294,0.3990499191416019,0.0,0.0,3.0683265195681133,0.09738714419207374,0.0,0.24453132472695827,1.5266281845424408
0.03306572110703882,0.0,0.7087912297186032,0.6973596968162294,0.3499625339292614,0.04908738521234052,0.0,3.0683265195681133,0.09738714419207374,0.0,0.24453132472695827,1.5266281845424408
0.03306572110703882,0.0,0.7087912297186032,0.6973596968162294,0.3499625339292614,0.0,0.04908738521234052,3.0683265195681133,0.09738714419207374,0.0,0.24453132472695827,1.5266281845424408
0.03306572110703882,0.0,0.7087912297186032,0.6973596968162294,0.3499625339292614,0.0,0.0,3.1174139047804537,0.09738714419207374,0.0,0.24453132472695827,1.5266281845424408
0.03306572110703882,0.0,0.7087912297186032,0.6973596968162294,0.3499625339292614,0.0,0.0,3.0683265195681133,0.14647452940441424,0.0,0.24453132472695827,1.5266281845424408
0.03306572110703882,0.0,0.7087912297186032,0.6973596968162294,0.3499625339292614,0.0,0.0,3.0683265195681133,0.09738714419207374,0.04908738521234052,0.24453132472695827,1.5266281845424408
0.03306572110703882,0.0,0.7087912297186032,0.6973596968162294,0.3499625339292614,0.0,0.0,3.0683265195681133,0.09738714419207374,0.0,0.2936187099392988,1.5266281845424408
0.03306572110703882,0.0,0.7087912297186032,0.6973596968162294,0.3499625339292614,0.0,0.0,3.0683265195681133,0.09738714419207374,0.0,0.24453132472695827,1.5757155697547809
0.03306572110703882,0.0,0.6597038445062626,0.6973596968162294,0.3499625339292614,0.0,0.0,3.0683265195681133,0.09738714419207374,0.0,0.24453132472695827,1.5266281845424408
0.03306572110703882,0.0,0.7087912297186032,0.648272311603889,0.3499625339292614,0.0,0.0,3.0683265195681133,0.09738714419207374,0.0,0.24453132472695827,1.5266281845424408
0.03306572110703882,0.0,0.7087912297186032,0.6973596968162294,0.3008751487169209,0.0,0.0,3.0683265195681133,0.09738714419207374,0.0,0.24453132472695827,1.5266281845424408
0.03306572110703882,0.0,0.7087912297186032,0.6973596968162294,0.3499625339292614,0.0,0.0,3.0192391343557725,0.09738714419207374,0.0,0.24453132472695827,1.5266281845424408
0.03306572110703882,0.0,0.7087912297186032,0.6973596968162294,0.3499625339292614,0.0,0.0,3.0683265195681133,0.048299758979733216,0.0,0.24453132472695827,1.5266281845424408
0.03306572110703882,0.0,0.7087912297186032,0.6973596968162294,0.3499625339292614,0.0,0.0,3.0683265195681133,0.09738714419207374,0.0,0.19544393951461775,1.5266281845424408
0.03306572110703882,0.0,0.7087912297186032,0.6973596968162294,0.3499625339292614,0.0,0.0,3.0683265195681133,0.09738714419207374,0.0,0.24453132472695827,1.4775407993301002
0.05760941371320908,0.0,0.7087912297186032,0.6973596968162294,0.3499625339292614,0.0,0.0,3.0683265195681133,0.09738714419207374,0.0,0.24453132472695827,1.5266281845424408
0.03306572110703882,0.02454369260617026,0.7087912297186032,0.6973596968162294,0.3499625339292614,0.0,0.0,3.0683265195681133,0.09738714419207374,0.0,0.24453132472695827,1.5266281845424408
0.03306572110703882,0.0,0.7333349223247735,0.6973596968162294,0.3499625339292614,0.0,0.0,3.0683265195681133,0.09738714419207374,0.0,0.24453132472695827,1.5266281845424408
0.03306572110703882,0.0,0.7087912297186032,0.7219033894223997,0.3499625339292614,0.0,0.0,3.0683265195681133,0.09738714419207374,0.0,0.24453132472695827,1.5266281845424408
0.03306572110703882,0.0,0.7087912297186032,0.6973596968162294,0.37450622653543164,0.0,0.0,3.0683265195681133,0.09738714419207374,0.0,0.24453132472695827,1.5266281845424408
0.03306572110703882,0.0,0.7087912297186032,0.6973596968162294,0.3499625339292614,0.02454369260617026,0.0,3.0683265195681133,0.09738714419207374,0.0,0.24453132472695827,1.5266281845424408
0.03306572110703882,0.0,0.7087912297186032,0.6973596968162294,0.3499625339292614,0.0,0.02454369260617026,3.0683265195681133,0.09738714419207374,0.0,0.24453132472695827,1.5266281845424408
0.03306572110703882,0.0,0.7087912297186032,0.6973596968162294,0.3499625339292614,0.0,0.0,3.0928702121742835,0.09738714419207374,0.0,0.24453132472695827,1.5266281845424408
0.03306572110703882,0.0,0.7087912297186032,0.6973596968162294,0.3499625339292614,0.0,0.0,3.0683265195681133,0.121930836798244,0.0,0.24453132472695827,1.5266281845424408
0.03306572110703882,0.0,0.7087912297186032,0.6973596968162294,0.3499625339292614,0.0,0.0,3.0683265195681133,0.09738714419207374,0.02454369260617026,0.24453132472695827,1.5266281845424408
0.03306572110703882,0.0,0.7087912297186032,0.6973596968162294,0.3499625339292614,0.0,0.0,3.0683265195681133,0.09738714419207374,0.0,0.26907501733312855,1.5266281845424408
0.03306572110703882,0.0,0.7087912297186032,0.6973596968162294,0.3499625339292614,0.0,0.0,3.0683265195681133,0.09738714419207374,0.0,0.24453132472695827,1.551171877148611
0.008522028500868561,0.0,0.7087912297186032,0.6973596968162294,0.3499625339292614,0.0,0.0,3.0683265195681133,0.09738714419207374,0.0,0.24453132472695827,1.5266281845424408
0.03306572110703882,0.0,0.6842475371124329,0.6973596968162294,0.3499625339292614,0.0,0.0,3.0683265195681133,0.09738714419207374,0.0,0.24453132472695827,1.5266281845424408
0.03306572110703882,0.0,0.7087912297186032,0.6728160042100593,0.3499625339292614,0.0,0.0,3.0683265195681133,0.09738714419207374,0.0,0.24453132472695827,1.5266281845424408
0.03306572110703882,0.0,0.7087912297186032,0.6973596968162294,0.3254188413230911,0.0,0.0,3.0683265195681133,0.09738714419207374,0.0,0.24453132472695827,1.5266281845424408
0.03306572110703882,0.0,0.7087912297186032,0.6973596968162294,0.3499625339292614,0.0,0.0,3.043782826961943,0.09738714419207374,0.0,0.24453132472695827,1.5266281845424408
0.03306572110703882,0.0,0.7087912297186032,0.6973596968162294,0.3499625339292614,0.0,0.0,3.0683265195681133,0.07284345158590348,0.0,0.24453132472695827,1.5266281845424408
0.03306572110703882,0.0,0.7087912297186032,0.6973596968162294,0.3499625339292614,0.0,0.0,3.0683265195681133,0.09738714419207374,0.0,0.219987632120788,1.5266281845424408
0.03306572110703882,0.0,0.7087912297186032,0.6973596968162294,0.3499625339292614,0.0,0.0,3.0683265195681133,0.09738714419207374,0.0,0.24453132472695827,1.5020844919362704
0.05152160183131282,0.0,0.5137830114083871,0.6040315454970768,0.3135915386526397,0.0,0.0,3.1124160188223535,0.08535551971129654,0.0,0.20557364181158486,1.5159795053995533
0.04229366146917582,0.0,0.6112871205634952,0.6506956211566531,0.33177703629095057,0.0,0.0,3.0903712691952334,0.09137133195168513,0.0,0.22505248326927155,1.521303844970997
0.03767969128810732,0.0,0.6600391751410492,0.6740276589864412,0.34086978511010596,0.0,0.0,3.079348894381673,0.09437923807187942,0.0,0.23479190399811492,1.523966014756719
0.03537270619757307,0.0,0.6844152024298262,0.6856936779013354,0.34541615951968374,0.0,0.0,3.0738377069748934,0.09588319113197659,0.0,0.2396616143625366,1.5252970996495798
0.05760941371320908,0.0,0.7087912297186032,0.6973596968162294,0.3499625339292614,0.0,0.0,3.0683265195681133,0.09738714419207374,0.0,0.24453132472695827,1.5266281845424408
0.03306572110703882,0.02454369260617026,0.7087912297186032,0.6973596968162294,0.3499625339292614,0.0,0.0,3.0683265195681133,0.09738714419207374,0.0,0.24453132472695827,1.5266281845424408
0.03306572110703882,0.0,0.7333349223247735,0.6973596968162294,0.3499625339292614,0.0,0.0,3.0683265195681133,0.09738714419207374,0.0,0.24453132472695827,1.5266281845424408
0.03306572110703882,0.0,0.7087912297186032,0.7219033894223997,0.3499625339292614,0.0,0.0,3.0683265195681133,0.09738714419207374,0.0,0.24453132472695827,1.5266281845424408
0.03306572110703882,0.0,0.7087912297186032,0.6973596968162294,0.37450622653543164,0.0,0.0,3.0683265195681133,0.09738714419207374,0.0,0.24453132472695827,1.5266281845424408
0.03306572110703882,0.0,0.7087912297186032,0.6973596968162294,0.3499625339292614,0.02454369260617026,0.0,3.0683265195681133,0.09738714419207374,0.0,0.24453132472695827,1.5266281845424408
0.03306572110703882,0.0,0.7087912297186032,0.6973596968162294,0.3499625339292614,0.0,0.02454369260617026,3.0683265195681133,0.09738714419207374,0.0,0.24453132472695827,1.5266281845424408
0.03306572110703882,0.0,0.7087912297186032,0.6973596968162294,0.3499625339292614,0.0,0.0,3.0928702121742835,0.09738714419207374,0.0,0.24453132472695827,1.5266281845424408
0.03306572110703882,0.0,0.7087912297186032,0.6973596968162294,0.3499625339292614,0.0,0.0,3.0683265195681133,0.121930836798244,0.0,0.24453132472695827,1.5266281845424408
0.03306572110703882,0.0,0.7087912297186032,0.6973596968162294,0.3499625339292614,0.0,0.0,3.0683265195681133,0.09738714419207374,0.02454369260617026,0.24453132472695827,1.5266281845424408
0.03306572110703882,0.0,0.7087912297186032,0.6973596968162294,0.3499625339292614,0.0,0.0,3.0683265195681133,0.09738714419207374,0.0,0.26907501733312855,1.5266281845424408
0.03306572110703882,0.0,0.7087912297186032,0.6973596968162294,0.3499625339292614,0.0,0.0,3.0683265195681133,0.09738714419207374,0.0,0.24453132472695827,1.551171877148611
0.008522028500868561,0.0,0.7087912297186032,0.6973596968162294,0.3499625339292614,0.0,0.0,3.0683265195681133,0.09738714419207374,0.0,0.24453132472695827,1.5266281845424408
0.03306572110703882,0.0,0.6842475371124329,0.6973596968162294,0.3499625339292614,0.0,0.0,3.0683265195681133,0.09738714419207374,0.0,0.24453132472695827,1.5266281845424408
0.03306572110703882,0.0,0.7087912297186032,0.6728160042100593,0.3499625339292614,0.0,0.0,3.0683265195681133,0.09738714419207374,0.0,0.24453132472695827,1.5266281845424408
0.03306572110703882,0.0,0.7087912297186032,0.6973596968162294,0.3254188413230911,0.0,0.0,3.0683265195681133,0.09738714419207374,0.0,0.24453132472695827,1.5266281845424408
0.03306572110703882,0.0,0.7087912297186032,0.6973596968162294,0.3499625339292614,0.0,0.0,3.043782826961943,0.09738714419207374,0.0,0.24453132472695827,1.5266281845424408
0.03306572110703882,0.0,0.7087912297186032,0.6973596968162294,0.3499625339292614,0.0,0.0,3.0683265195681133,0.07284345158590348,0.0,0.24453132472695827,1.5266281845424408
0.03306572110703882,0.0,0.7087912297186032,0.6973596968162294,0.3499625339292614,0.0,0.0,3.0683265195681133,0.09738714419207374,0.0,0.219987632120788,1.5266281845424408
0.03306572110703882,0.0,0.7087912297186032,0.6973596968162294,0.3499625339292614,0.0,0.0,3.0683265195681133,0.09738714419207374,0.0,0.24453132472695827,1.5020844919362704
