-1.0661086493179361
-0.34327569600646013
-0.9999999999999987
-0.5400662794919303
-0.2725376295498443
-0.7368568629774005
-0.8075949294340162
-0.5400662794919303
-0.9999999999999987
-0.9999999999999989
-0.9999999999999989
-0.8075949294340162
-0.7458717930355667
-0.9999999999999987
-0.9999999999999989
-0.5400662794919303
-0.8075949294340162
-0.9999999999999991
-0.9999999999999987
-0.9999999999999987
-0.9999999999999987
-0.9999999999999987
-0.5400662794919303
-0.5490812095500965
-0.34327569600646013
-0.9999999999999989
-0.9999999999999989
-0.7368568629774005
-0.2725376295498443
-0.5490812095500965
-0.9999999999999991
-0.5400662794919303
-0.5400662794919303
-0.9999999999999989
-0.9999999999999987
-0.9999999999999991
-0.9999999999999991
-0.7368568629774005
-0.7368568629774005
-0.5400662794919303
-0.5310513494337641
-0.9999999999999991
-0.5310513494337641
-0.5400662794919303
-0.9999999999999989
-0.8075949294340163
-0.5310513494337641
-0.5400662794919303
-0.8075949294340163
-0.9999999999999989
-0.34327569600646013
-0.9999999999999989
-0.9999999999999987
-0.9999999999999987
-0.8075949294340162
-0.9999999999999992
-0.5400662794919303
-0.9999999999999991
-0.9999999999999989
-0.9999999999999991
-0.9999999999999991
-0.7368568629774005
-0.9999999999999989
-0.5310513494337641
-0.9999999999999987
-0.5400662794919303
-0.3342607659482939
-0.34327569600646013
-0.8075949294340163
-0.2725376295498443
-0.9999999999999989
-0.5400662794919303
-0.9999999999999987
-0.9999999999999989
-0.9999999999999987
-0.9999999999999991
-0.9999999999999991
-0.9999999999999987
-0.9999999999999987
-0.9999999999999991
-0.9999999999999991
-0.9999999999999991
-0.8075949294340163
-0.9999999999999992
-0.9999999999999989
-1.0661086493179361
-0.9999999999999987
-0.9999999999999989
-0.9999999999999991
-0.9999999999999989
-0.5310513494337641
-0.9999999999999987
-0.7368568629774005
-0.7368568629774005
-0.5490812095500965
-0.35229062606462636
-0.7458717930355667
-0.9999999999999991
-0.5400662794919303
-0.5400662794919303
-0.2725376295498443
-0.8075949294340163
-0.8075949294340162
-0.2725376295498443
-0.9999999999999987
1.87469972832732e-33
-0.2725376295498443
-0.9999999999999987
-0.3342607659482939
-0.9999999999999989
-0.9999999999999989
-0.9999999999999989
-0.5400662794919303
-0.9999999999999989
-0.9999999999999987
-0.5490812095500965
-0.9999999999999991
-0.5400662794919303
-0.9999999999999987
-0.9999999999999991
-0.5400662794919303
-0.9999999999999987
-0.9999999999999989
-0.9999999999999989
-0.5490812095500964
-0.5400662794919303
-0.9999999999999989
-0.9999999999999989
-0.5400662794919303
-0.9999999999999987
-0.9999999999999991
-0.9999999999999987
-0.9999999999999989
-0.2725376295498443
-0.9999999999999987
-0.8075949294340163
-0.5400662794919303
-0.5400662794919303
-0.5400662794919303
-0.5490812095500964
-1.0661086493179361
-0.9999999999999993
-0.9999999999999989
-0.7368568629774005
-0.9999999999999991
-0.34327569600646013
-0.5490812095500965
-0.9999999999999989
-0.9999999999999989
-0.9999999999999987
-0.9999999999999993
-0.34327569600646013
-1.0661086493179361
-0.9999999999999991
-0.7368568629774005
-0.5310513494337641
-0.8075949294340162
-0.5490812095500965
-0.8075949294340162
-0.5490812095500964
-0.2725376295498443
-1.0661086493179361
-0.34327569600646013
-0.9999999999999991
-0.5400662794919303
-0.9999999999999987
-0.5400662794919303
-0.9999999999999989
-0.7368568629774005
-0.5400662794919303
-0.9999999999999989
-0.35229062606462636
-0.9999999999999991
-0.9999999999999991
-0.9999999999999989
-0.9999999999999989
-0.9999999999999991
-0.9999999999999987
-0.9999999999999991
-0.5400662794919303
-0.9999999999999989
-0.8075949294340162
-0.9999999999999987
-0.2725376295498443
-0.9999999999999989
-0.9999999999999989
-0.5400662794919303
-0.7368568629774005
-0.9999999999999991
-1.0661086493179361
-0.9999999999999989
-0.34327569600646013
-0.5490812095500965
-0.5400662794919303
-0.5400662794919303
-0.9999999999999987
-0.9999999999999991
-0.9999999999999987
-0.5310513494337641
-0.9999999999999991
-0.34327569600646013
-0.5400662794919303
-0.9999999999999989
-0.9999999999999987
-0.9999999999999989
-1.0661086493179361
-0.7368568629774005
-0.9999999999999989
-0.9999999999999991
-0.9999999999999989
-0.9999999999999991
-0.8075949294340163
-0.9999999999999989
-0.9999999999999991
-0.9999999999999989
-0.7368568629774005
-0.5400662794919303
-0.9999999999999987
-0.9999999999999989
-0.9999999999999989
-0.35229062606462636
-0.8075949294340162
-0.9999999999999989
-0.5400662794919303
-0.9999999999999989
-0.5310513494337641
-0.5400662794919303
-0.5400662794919303
-0.5400662794919303
-0.2725376295498443
-0.5400662794919303
-0.9999999999999987
-0.2725376295498443
-0.9999999999999987
-0.9999999999999987
-0.35229062606462636
-0.34327569600646013
-0.9999999999999989
-0.5400662794919303
-0.5400662794919303
-0.9999999999999992
-0.9999999999999989
-0.5400662794919303
-0.8075949294340163
-0.5400662794919303
-0.5400662794919303
-0.5400662794919303
-0.7368568629774005
-0.5400662794919303
-0.9999999999999987
-0.9999999999999991
-0.34327569600646013
-1.0661086493179361
-0.5400662794919303
-0.9999999999999987
-0.2725376295498443
-0.2725376295498443
-0.7458717930355667
-0.2725376295498443
-0.9999999999999989
-0.9999999999999987
-0.2725376295498443
-0.9999999999999987
-0.5400662794919303
-0.9999999999999987
-0.7368568629774005
-0.5400662794919303
-0.7071067811865466
-0.9999999999999989
-0.5490812095500965
-0.9999999999999991
-0.9999999999999989
-0.9999999999999987
-0.5490812095500964
-0.9999999999999987
-1.0661086493179361
-0.9999999999999989
-0.9999999999999991
-0.9999999999999989
-0.5400662794919303
-0.9999999999999989
-0.9999999999999987
-0.9999999999999991
-0.5400662794919303
-0.9999999999999987
-0.5400662794919303
-0.9999999999999991
-0.5310513494337641
-0.5400662794919303
-0.9999999999999993
-0.9999999999999989
-0.2725376295498443
-0.5400662794919303
-0.9999999999999987
-0.9999999999999989
-0.5400662794919303
-0.9999999999999987
-0.2725376295498443
-0.9999999999999989
-0.9999999999999989
-0.7368568629774005
-0.8075949294340162
-0.9999999999999991
-0.9999999999999991
-0.9999999999999989
-0.9999999999999987
-0.9999999999999989
-0.9999999999999987
-0.9999999999999991
-0.9999999999999991
-0.9999999999999991
-0.9999999999999991
-0.9999999999999989
-0.9999999999999991
-0.5400662794919303
-0.34327569600646013
-0.3342607659482939
-0.9999999999999992
-0.9999999999999989
-0.9999999999999987
-0.9999999999999989
-0.9999999999999989
-0.7368568629774005
-0.9999999999999989
-0.8075949294340163
-0.9999999999999991
-0.7368568629774005
-0.5400662794919303
-0.9999999999999987
-0.9999999999999989
-0.2725376295498443
2.7755575615628914e-16
-0.9999999999999989
-0.5400662794919303
-0.9999999999999987
-0.9999999999999987
-0.9999999999999989
-0.9999999999999989
-0.49999999999999944
-0.9999999999999987
-0.5400662794919303
-0.5400662794919303
-0.9999999999999989
-0.9999999999999989
-0.7278419329192343
-0.2725376295498443
-0.9999999999999989
-1.0661086493179361
-0.5400662794919303
-0.9999999999999991
-0.5400662794919303
-0.7368568629774005
-0.9999999999999989
-0.9999999999999987
-0.9999999999999991
-0.8075949294340162
-0.2725376295498443
-0.7368568629774005
-0.7458717930355667
-0.9999999999999987
-0.9999999999999991
-0.9999999999999991
-0.5400662794919303
-1.0661086493179361
-0.9999999999999989
-0.9999999999999991
-0.2725376295498443
-0.2725376295498443
-0.9999999999999991
-0.9999999999999989
-0.34327569600646013
-0.9999999999999987
-0.9999999999999991
-0.5400662794919303
-0.5400662794919303
-0.9999999999999989
-0.5400662794919303
-0.9999999999999987
-0.7368568629774005
-0.2725376295498443
-0.9999999999999987
3.3306690738754696e-16
-0.9999999999999989
-0.9999999999999989
-0.5400662794919303
-0.2725376295498443
-0.9999999999999989
-0.9999999999999989
-0.9999999999999991
-0.9999999999999989
-0.9999999999999989
-0.9999999999999987
-0.5400662794919303
-0.2725376295498443
-0.9999999999999991
-0.34327569600646013
-0.3342607659482939
-0.5400662794919303
-0.2725376295498443
-0.5400662794919303
-0.5400662794919303
-0.9999999999999991
-0.8075949294340163
-1.0661086493179361
-0.9999999999999987
-0.5400662794919303
-0.34327569600646013
-0.5400662794919303
-0.9999999999999989
-0.9999999999999989
-0.5400662794919303
-0.7368568629774005
-0.7368568629774005
-0.5400662794919303
-0.5400662794919303
-0.2725376295498443
-0.5490812095500965
-0.9999999999999989
-0.5400662794919303
-0.7458717930355667
-0.9999999999999991
-0.5400662794919303
-1.0661086493179361
-0.5400662794919303
-0.9999999999999991
-0.9999999999999991
-0.8075949294340162
-0.35229062606462636
-0.2725376295498443
-0.9999999999999991
-0.2725376295498443
-0.9999999999999987
-0.5400662794919303
-0.5400662794919303
-0.9999999999999987
-0.7368568629774005
-0.9999999999999989
-0.9999999999999987
-0.9999999999999987
-0.9999999999999991
-0.9999999999999989
-0.5400662794919303
-0.9999999999999991
-0.9999999999999989
-0.9999999999999989
-0.9999999999999987
-0.9999999999999996
-0.5400662794919303
-0.9999999999999991
-0.9999999999999993
-1.0661086493179361
-0.7071067811865466
-0.9999999999999991
-0.9999999999999989
-0.9999999999999989
-0.9999999999999991
-0.9999999999999989
-0.9999999999999987
-0.9999999999999989
-0.5400662794919303
-0.9999999999999989
-0.9999999999999987
-0.9999999999999989
-0.5400662794919303
-0.9999999999999987
-0.9999999999999991
-0.5400662794919303
-0.9999999999999987
-0.9999999999999987
-0.5400662794919303
-0.9999999999999989
-0.9999999999999987
-0.5400662794919303
-0.5400662794919303
-0.7368568629774005
-0.3342607659482939
-0.9999999999999987
-0.5490812095500965
-0.9999999999999991
-0.9999999999999987
-0.9999999999999991
-0.9999999999999989
-0.35229062606462636
-0.5400662794919303
-0.9999999999999993
-0.9999999999999987
-0.5400662794919303
-0.7071067811865468
-0.34327569600646013
-0.9999999999999989
-0.9999999999999989
-0.8075949294340162
0.004005950450407969
-0.8075949294340163
-0.5400662794919303
-0.5400662794919303
-0.9999999999999987
-0.9999999999999991
-0.9999999999999991
-0.7368568629774005
-1.0661086493179361
-0.7368568629774005
-0.9999999999999989
-0.9999999999999991
-0.9999999999999991
-0.5400662794919303
-0.5490812095500965
-0.3342607659482939
-0.9999999999999993
-0.9999999999999991
-0.8075949294340163
-0.9999999999999989
-0.5400662794919303
-0.5400662794919303
-0.5400662794919303
-0.9999999999999987
-0.9999999999999987
-1.0661086493179361
-0.9999999999999987
-0.2725376295498443
-0.9999999999999987
-0.9999999999999989
-0.9999999999999989
-0.5490812095500965
-0.5400662794919303
-0.9999999999999993
-1.0661086493179361
-0.9999999999999991
-1.0661086493179361
-0.9999999999999989
-0.9999999999999987
-0.5310513494337641
-0.9999999999999989
-0.2725376295498443
-0.8075949294340162
-1.0661086493179361
-0.7278419329192343
-0.9999999999999987
-0.34327569600646013
-0.8075949294340163
-0.8075949294340163
-0.9999999999999991
-1.0661086493179361
-0.9999999999999991
-1.0661086493179361
-0.8075949294340163
-1.0661086493179361
-0.9999999999999989
-0.9999999999999991
-0.9999999999999987
-0.8075949294340163
-0.8075949294340162
-0.9999999999999991
-0.7368568629774005
-0.9999999999999987
-0.9999999999999987
-1.0661086493179361
-0.9999999999999989
-0.5400662794919303
-0.8075949294340162
-0.9999999999999989
-0.7278419329192343
-0.9999999999999989
-1.0661086493179361
-0.9999999999999987
-0.5400662794919303
-0.5400662794919303
-0.9999999999999989
-0.34327569600646013
-1.0661086493179361
-0.9999999999999987
-1.0661086493179361
-0.5400662794919303
-0.8075949294340162
-0.8075949294340163
-0.5490812095500964
-0.9999999999999991
-0.9999999999999989
-0.9999999999999992
-0.9999999999999987
-1.0661086493179361
-0.9999999999999989
-0.8075949294340163
-1.0661086493179361
-0.5310513494337641
-0.5490812095500965
-0.9999999999999989
-0.8075949294340163
-0.5400662794919303
-0.9999999999999987
-0.9999999999999987
-0.9999999999999991
-0.2725376295498443
-0.9999999999999991
-0.8075949294340163
-0.8075949294340163
-0.5310513494337641
-0.9999999999999987
-0.9999999999999991
-0.9999999999999989
-1.0661086493179361
-0.5490812095500965
-0.9999999999999989
-0.9999999999999987
-0.9999999999999987
-0.5400662794919303
-0.7458717930355667
-1.0661086493179361
-0.8075949294340162
-0.35229062606462636
-0.9999999999999991
-1.0661086493179361
-0.5400662794919303
-0.9999999999999987
-0.9999999999999987
-0.5400662794919303
-0.9999999999999991
-0.9999999999999989
-0.9999999999999987
-0.5400662794919303
-0.8075949294340163
-0.7071067811865466
-0.9999999999999989
-0.5400662794919303
-1.0661086493179361
-0.9999999999999991
-0.9999999999999987
-0.9999999999999989
-0.9999999999999991
-0.9999999999999989
-0.34327569600646013
-0.9999999999999991
-0.9999999999999989
-0.9999999999999989
-0.9999999999999987
-0.9999999999999987
-0.5400662794919303
-0.9999999999999987
-0.8075949294340162
-0.9999999999999991
-0.9999999999999989
-0.9999999999999991
-0.8075949294340163
-0.9999999999999987
-0.9999999999999989
-0.9999999999999989
-0.9999999999999989
-0.9999999999999987
-0.2725376295498443
-0.9999999999999991
-0.9999999999999987
-1.0661086493179361
-0.5400662794919303
-0.5310513494337641
-1.0661086493179361
-0.9999999999999987
-0.8075949294340163
-0.2725376295498443
-0.9999999999999987
-0.9999999999999991
-0.9999999999999987
-0.9999999999999987
-0.9999999999999989
-0.5400662794919303
-0.9999999999999989
-0.3342607659482939
-0.9999999999999989
-0.2725376295498443
-0.9999999999999989
-0.3342607659482939
-0.5400662794919303
-0.8075949294340163
-0.9999999999999989
-1.0661086493179361
-0.9999999999999989
-0.8075949294340163
-0.9999999999999991
-0.9999999999999987
-0.8075949294340163
-0.8075949294340163
-0.9999999999999987
-0.9999999999999989
-1.0661086493179361
-0.5400662794919303
-0.2725376295498443
-0.5310513494337641
-0.9999999999999992
-1.0661086493179361
0.004005950450407969
-0.9999999999999991
-0.5400662794919303
-0.7458717930355667
-0.5490812095500964
-1.0661086493179361
-0.5400662794919303
-0.8075949294340163
-0.9999999999999989
-0.9999999999999987
-0.5490812095500965
-0.9999999999999987
-0.9999999999999989
-0.9999999999999987
-0.9999999999999987
-0.9999999999999991
-0.9999999999999991
-0.9999999999999989
-0.7368568629774005
-0.9999999999999989
-0.2725376295498443
-0.8075949294340163
-0.9999999999999987
-0.5400662794919303
-1.0661086493179361
-0.8075949294340162
-1.0661086493179361
-0.9999999999999991
-0.9999999999999987
-0.35229062606462636
-1.0661086493179361
-0.9999999999999989
-0.8075949294340163
-0.9999999999999989
-0.9999999999999991
-0.9999999999999989
-0.9999999999999987
-0.7368568629774005
-0.9999999999999987
-0.7278419329192343
-0.8075949294340163
-0.9999999999999987
-0.2725376295498443
-0.9999999999999989
-0.9999999999999991
-0.9999999999999989
-0.7278419329192343
-0.9999999999999989
-0.5400662794919303
-0.9999999999999989
-0.2725376295498443
-0.5490812095500965
-0.9999999999999989
-0.9999999999999989
-0.9999999999999989
-0.8075949294340162
-0.9999999999999987
-0.5400662794919303
-0.5400662794919303
-0.8075949294340162
-0.9999999999999991
-0.5400662794919303
-1.0661086493179361
-0.8075949294340163
-0.9999999999999989
-1.0661086493179361
-0.8075949294340163
-0.5400662794919303
-0.9999999999999989
-0.5400662794919303
-0.5490812095500964
-0.34327569600646013
-0.9999999999999987
-0.9999999999999991
-0.9999999999999987
-0.3342607659482939
-0.9999999999999989
-0.9999999999999987
-0.5400662794919303
-0.5400662794919303
-0.9999999999999989
-0.8075949294340163
-0.5400662794919303
-0.9999999999999991
-1.0661086493179361
-0.9999999999999989
-0.5490812095500965
-1.0661086493179361
-0.8075949294340162
-0.9999999999999989
-1.0661086493179361
-0.9999999999999991
-0.5400662794919303
-0.9999999999999991
-0.9999999999999987
-0.9999999999999989
-0.7278419329192343
-0.9999999999999987
-0.5400662794919303
-0.8075949294340162
-0.9999999999999987
-0.9999999999999989
1.6653345369377348e-16
-0.9999999999999991
-0.5400662794919303
-0.9999999999999987
-0.9999999999999989
-0.5400662794919303
-0.9999999999999991
-0.9999999999999989
-0.5400662794919303
-0.2725376295498443
-0.5400662794919303
-0.5490812095500964
-0.9999999999999987
-0.8075949294340163
-0.9999999999999991
-0.2725376295498443
-0.9999999999999987
-0.5400662794919303
-0.9999999999999989
-0.9999999999999989
-0.2725376295498443
-0.7278419329192343
-0.9999999999999989
-0.9999999999999987
-0.5400662794919303
-0.8075949294340162
-0.9999999999999987
-0.9999999999999989
-0.9999999999999991
-0.8075949294340162
-0.2725376295498443
-0.9999999999999991
-0.9999999999999989
-0.9999999999999987
-0.5400662794919303
-0.7278419329192343
-0.9999999999999987
-0.5490812095500965
-0.9999999999999989
-0.9999999999999991
-0.9999999999999989
-1.0661086493179361
-0.9999999999999989
-0.5400662794919303
-1.0661086493179361
-1.0661086493179361
-0.5490812095500964
-0.9999999999999993
-0.9999999999999989
-0.9999999999999989
-0.2725376295498443
-0.9999999999999989
0.004005950450407969
-0.8075949294340162
-0.9999999999999989
-0.9999999999999991
-0.5490812095500965
-0.9999999999999987
-0.9999999999999989
-0.2725376295498443
-0.9999999999999991
-0.9999999999999989
-0.9999999999999998
-0.9999999999999987
-1.0661086493179361
-0.9999999999999989
-0.9999999999999989
-0.5400662794919303
-0.2725376295498443
-0.8075949294340162
-1.0661086493179361
-0.9999999999999991
-1.0661086493179361
-0.2725376295498443
-0.2725376295498443
-0.9999999999999989
-0.9999999999999989
-1.0661086493179361
-1.0661086493179361
-0.5400662794919303
-0.9999999999999987
-0.5400662794919303
-1.0661086493179361
-0.9999999999999989
-0.9999999999999991
-0.2725376295498443
-0.5400662794919303
-0.9999999999999987
-1.0661086493179361
-0.9999999999999989
-0.9999999999999996
-0.9999999999999989
-0.9999999999999987
-0.9999999999999987
-0.9999999999999989
-0.9999999999999989
-0.9999999999999989
-0.8075949294340163
-0.9999999999999989
-0.9999999999999991
-0.5400662794919303
-0.9999999999999993
-0.9999999999999989
-0.9999999999999989
-1.0661086493179361
-0.9999999999999987
-0.5310513494337641
-0.9999999999999991
-0.9999999999999991
-0.5400662794919303
-0.9999999999999989
-0.9999999999999991
-0.9999999999999989
-0.9999999999999989
-0.5400662794919303
-0.9999999999999987
-0.9999999999999991
-0.9999999999999991
-0.9999999999999989
-1.0661086493179361
-0.9999999999999987
-0.2725376295498443
-0.5400662794919303
-0.5400662794919303
-0.9999999999999987
-0.8075949294340162
-0.9999999999999989
-0.9999999999999989
-0.2725376295498443
-0.7368568629774005
-1.0661086493179361
-0.8075949294340163
-0.9999999999999989
-0.2725376295498443
-0.8075949294340163
-1.0661086493179361
-0.8075949294340162
-0.7368568629774005
-0.2725376295498443
-1.0661086493179361
-0.9999999999999989
-0.9999999999999991
-0.9999999999999989
-0.9999999999999989
-0.9999999999999991
-0.2725376295498443
-0.9999999999999987
-0.5400662794919303
-0.2725376295498443
-0.8075949294340162
-0.9999999999999989
-0.9999999999999987
-0.9999999999999989
-1.0661086493179361
-0.9999999999999987
-1.0661086493179361
-0.9999999999999992
-0.8075949294340163
-1.0661086493179361
-0.9999999999999987
-0.7368568629774005
-0.9999999999999991
-0.9999999999999987
-0.8075949294340162
-0.9999999999999991
-0.5490812095500965
-0.9999999999999991
-0.9999999999999989
-1.0661086493179361
-0.9999999999999989
-0.9999999999999991
-0.9999999999999987
-1.0661086493179361
-0.2725376295498443
-0.9999999999999991
-0.9999999999999991
-0.9999999999999987
-0.9999999999999987
-0.5400662794919303
-0.8075949294340163
-0.2725376295498443
-0.5490812095500964
-1.0661086493179361
-0.9999999999999989
-0.9999999999999992
-0.8075949294340162
-0.9999999999999989
-0.9999999999999987
-0.9999999999999989
-0.2725376295498443
-1.0661086493179361
-0.9999999999999989
-0.9999999999999989
-1.0661086493179361
-0.9999999999999989
-0.8075949294340163
-0.9999999999999989
-0.9999999999999991
-0.9999999999999992
-0.2725376295498443
-1.0661086493179361
-0.9999999999999987
-0.9999999999999989
-0.2725376295498443
-0.2725376295498443
-0.9999999999999989
-0.8075949294340163
-0.9999999999999989
-0.9999999999999991
-0.9999999999999987
