-1.8030102400725188
-1.342111130334109
-0.2137377702579289
-1.3795034177983034
-1.8067116974405728
-1.3381430451083782
-1.3757057235587586
-1.377985908037224
-1.3535371095177386
-1.8172599527056919
-1.8110677920569302
-1.3452220393707952
-1.3316313500202803
-1.3815961015390648
-1.3741111635236052
-1.8102928405770098
-1.810982864578245
-1.8127765383554675
-1.8028150927992135
-1.3399154314345334
-1.813115863622977
-1.3438417852656486
-1.809029987477582
-1.3665154823118146
-1.3596959586187887
-1.3453989657899565
-1.346253582259397
-1.3491466143970605
-1.809616890894397
-1.8001362370397658
-1.797795455553895
-1.8121272708811307
-0.8678041283125145
-0.24800317003384792
-1.3878940268866902
-1.8009991343358127
-1.3261160436943822
-0.9484155732489076
-1.369672459343691
-1.8158576390430576
-1.805298330319152
-1.5202500979784406
-1.3344681209468923
-1.3707553719748702
-1.392868764776877
-1.806364523226563
-1.806750875704187
-1.8094657993416023
-1.8151744712827287
-1.354897702071216
-1.806696017749358
-1.5260253832124198
-1.7994855963728968
-1.360254445269272
-1.522119153245514
-1.35499632610776
-1.3569542446174672
-1.3754180288356381
-1.5992490406354323
-1.7487524638876037
-0.8586847064208875
-0.2543467849509254
-1.3790731646221333
-1.8054919936753384
-1.3237464637253564
-0.9510228342476176
-1.3620366434025035
-1.8087589455029531
-1.8131636785881775
-1.519897029065955
-1.3307819578540274
-1.3807289302187742
-1.3867167016974216
-1.810525313005033
-1.8070510756862395
-1.813479383804561
-1.8057228234466236
-1.358293564106945
-1.8054026730191524
-1.5216744445376038
-1.8114997773210737
-1.3551314904082428
-1.5271093951892574
-1.354989036153731
-1.575352909750156
-1.0258289480863767
-1.5811145189860083
-1.5857177151599369
-1.8090357387333913
-1.8088632256377286
-1.564495368346344
-1.8051799748429684
-1.5738606131887656
-1.587262385410929
-1.583877352502278
-1.5728757141373655
-1.8068640115565762
-1.8046361762024086
-1.5872313464445151
-1.5832087894831781
-1.5633066055659235
-1.5876364880975127
-1.5763289979334378
-1.5949391193374671
-1.8111772449911965
-1.8149138736774408
-1.8067028588935317
-1.8120398794329218
-1.565981334706961
-1.8122049914514582
-1.5856335542406532
-1.8000033515986904
-1.595548009407326
-1.5889943230908061
-1.8140262577153665
-1.8178352029522364
-1.5772793277624158
-1.5790253783487125
-1.5829547310128378
-1.8061509695203117
-1.8113208433561474
-1.7983569209266652
-1.808373086324381
-1.8174282982940877
-1.5682609452776095
-1.0097795324219836
-1.5900684236664706
-1.8096430538018604
-1.806249429556312
-1.5780188073002939
-1.5599079113432561
-1.596549024171891
-1.5959202606696965
-1.586776424398411
-1.8055606554696142
-1.8092553700987941
-1.5934448147828386
-1.577377350552963
-1.5963041511224538
-1.6021079672864202
-1.5887871342621176
-1.8030370367147552
-1.8070558524723026
-1.8026569804359938
-1.8028154852139733
-1.5872739086795284
-1.8010125189538955
-1.5554138923355585
-1.8016506845034526
-1.5966724766928282
-1.5795310195984853
-1.8048604546178173
-1.5928264442248683
-1.5691308972157736
-1.5739910158629042
-1.8039243603876665
-1.7968309901314727
-1.7392124117187122
-1.5836405591838103
-1.7510472392271073
-1.7440273082576658
-1.8162580174482301
-1.811761988888841
-1.7354007011965054
-1.8122225385229929
-1.7375987990799528
-1.7441408941594405
-1.7379349985003625
-1.7433241762403053
-1.7986760564513722
-1.804494611464887
-1.7477397100776624
-1.7424523452187592
-1.7510234211129663
-1.74538382813221
-1.742000520759118
-1.7519503423461467
-1.8099668775732596
-1.8096957764827615
-1.8116334423752076
-1.8091006193109045
-1.73809623912246
-1.8089670267546265
-1.724725330067324
-1.8067229149393211
-1.7475640758310218
-1.74531874291376
-1.817236262870252
-1.739729098880686
-1.7358083050454134
-1.7363926736177118
-1.8033944373562116
-1.8014547971458683
-1.7880071260754231
-1.7383178752736788
-1.7854634209507154
-1.7845642030276259
-1.808827790923909
-1.8164268991301677
-1.7978875478565732
-1.806894479634876
-1.7833020077724764
-1.783760374977954
-1.7806564736127974
-1.7912211461055538
-1.811757670037968
-1.807510215799137
-1.7999742473549931
-1.7908642191386381
-1.7904490456234545
-1.7944291232430634
-1.7956177744507311
-1.8004536324300853
-1.817606110236897
-1.8066093184359266
-1.8028416333993533
-1.8177300100890044
-1.7923315141942842
-1.8078094947757786
-1.786672496589397
-1.8085352537903918
-1.7932063167195218
-1.797973229516066
-1.816355768679122
-1.794185765808603
-1.7981948229347546
-1.799291180896594
-1.8119822001984305
-1.8084155295846238
-1.801212028383786
-1.788066740572133
-1.8094360740611668
-1.802128893217747
-1.810660128177192
-1.8181480004011148
-1.8056136738652715
-1.8173838269366707
-1.79934825783468
-1.796248361678109
-1.8078987681538656
-1.8089614642830536
-1.803253709371933
-1.8008640148452388
-1.807491763389542
-1.8000411287852334
-1.8034929660211723
-1.8142630996401037
-1.792947548058294
-1.8006756027920532
-1.8112310177128985
-1.8068779127253909
-1.8053122864750661
-1.8168617192390233
-1.7967544430403657
-1.818751262697527
-1.8058845983829372
-1.8002977426290747
-1.812404554585828
-1.8011120409167094
-1.8096329662040302
-1.7999761957002147
-1.7993604561212833
-1.8043138886867647
-1.810737335780788
-1.8114603694401827
-1.7961322183983546
-1.807906886066411
-1.8082165818551355
-1.8032817158944368
-1.8095374007975873
-1.785298222925983
-1.8105478065546454
-1.8001912540604885
-1.8215918036900678
-1.8148838747911884
-1.8003360545979041
-1.8054100601151715
-1.8086186107636983
-1.809114728063741
-1.8023056739917158
-1.8048412714444166
-1.811277359363798
-1.808707769258067
-1.8074490689229186
-1.8051893669132055
-1.8058452020380884
-1.7935142906946278
-1.8080179200912712
-1.8067983642556407
-1.8172904915749242
-1.8085066062074129
-1.8158404930262018
-1.8034311099580642
-1.8080835593904339
-1.811586556398697
-1.8102914312004075
-1.8107486910848507
-1.7985815087708037
-1.8084528290267903
-1.8235512079432943
-1.8021524776844113
-1.8074163617373409
-1.80512405218954
-1.8152934370691365
-1.806303564326081
-1.8081300794079411
-1.8071916169516886
-1.8103872889906114
-1.8119637147732224
-1.8049186714716905
-1.799819199156404
-1.8054725898977793
-1.811056887828645
-1.8089648696961
-1.8024865962310295
-1.8079776287486342
-1.8078786688470556
-1.8071735450089856
-1.8071622403492493
-1.8005554031619573
-1.7990834042383124
-1.8003360632566
-1.8048521340853425
-1.8050895703486987
-1.8056232879846663
-1.8099036447279007
-1.8078001164283393
-1.8132054727758744
-1.8113377390013583
-1.8059501291357856
-1.8026650174671572
-1.8036283555891783
-1.809933623212444
-1.8109256295388056
-1.809010662195738
-1.8136411600267297
-1.7985790825389238
-1.8160650511251513
-1.8079563816087765
-1.8082490106320328
-1.8159804082885604
-1.8147148519954956
-1.8091694598529626
-1.8092974362070737
-1.8094879689257786
-1.8144001199685191
-1.811192931492819
-1.813382581498218
-1.8062063978939762
-1.8086677932761033
-1.8213457056136753
-1.8076885698640721
-1.8054008759766897
-1.8156821299758457
-1.809712478557485
-1.8181979544473161
-1.8012224099018002
-1.81046632270616
-1.8080033154623067
-1.8115167856732486
-1.8085388641825833
-1.8086384522447125
-1.7984214342889204
-1.809135873775642
-1.8127639976859888
-1.8039609273511426
-1.8110144952075755
-1.809825936919252
-1.8030977729594833
-1.808192847894451
-1.805613825721169
-1.809006050095362
-1.8070566181352783
-1.806917208662147
-1.8051183993902646
-1.8068370583141786
-1.8103428018023626
-1.8119532774356475
-1.8123281567036957
-1.8131672072727514
-1.8074704525079386
-1.8120690560805524
-1.8077098125462299
-1.8185964161650876
-1.8209102881995007
-1.8076927497446125
-1.8194469940639972
-1.8103170695401567
-1.809677598071727
-1.8129909546045873
-1.8124165927458094
-1.8074730874315064
-1.8048397333657498
-1.8112494361106495
-1.812449863162195
-1.8050677998182776
-1.8158231633355302
-1.8069758039821668
-1.8041913251721162
-1.8126012274715253
-1.8113760022556513
-1.8141987009298584
-1.8069002094570992
-1.8103088786813881
-1.8156040759931167
-1.802228202609011
-1.814975178900274
-1.8144089557802299
-1.8099264672645532
-1.8114628144993463
-1.8103528740354276
-1.805852498814044
-1.8048339963309532
