-1.4917644873002383
-0.7396255427475766
-0.4333441888844496
-0.4284679695754423
-0.6964094313428484
-1.026723575731772
-0.7275957726536071
-0.7862068628061896
-0.4284679695754421
-0.7396255427475765
-0.6964099761792488
-0.07089709154169
-0.7275957726536071
-0.7984085399572322
-0.4284679695754421
-0.7275957726536071
-0.7862068628061896
-0.7155660025596376
-0.7275957726536071
-0.7743477600236004
-0.7275957726536071
-0.7275957726536071
-0.7467517990339959
-1.1442882201263145
-1.0218470791559584
-0.7275957726536071
-0.7910833593820035
-0.7587815691279653
-1.0218473564227646
-0.9999999999999993
-0.817564723628139
-1.1442882201263145
-0.42114349543284646
-0.4382206854602636
-0.7907412141793769
-1.497150935667999
-0.051544584379201286
-0.433344466151256
-0.6067799637593456
-1.026723575731772
-0.7001707049250323
-0.9047919990074804
-0.7275957726536071
-0.7587815691279653
-0.8416241065255603
-0.7587815691279653
-1.0218470791559582
-0.8104379225053194
-1.0218470791559584
-1.2623637920815407
-0.6689843636142736
-0.43334446615125577
-0.9999999999999982
-0.6689846825010246
-0.4333441888844496
-1.1442882201263145
-0.7155660025596375
-1.0267235757317719
-0.7862068628061896
-0.7743483145572132
-1.026723575731772
-0.4333441888844496
-0.7396255427475766
-0.6964094313428483
-0.07560497676695133
-1.0218473564227648
-0.7275957726536071
-0.6255972088756235
-0.7396255427475766
-0.4284679695754423
-0.433344466151256
-0.7587821139643659
-0.7275957726536071
-1.1389021176844918
-0.9999999999999996
-0.6377980223035148
-0.789967910438724
-0.6928732781107769
-0.7275957726536071
-0.4957171487727732
-0.7587815691279653
-0.4211425117334068
-0.7071067811865466
-0.5079174589842089
-0.7587821139643659
-0.4214856406354732
-0.7275957726536071
-0.7001707049250324
-0.9095010765398561
-0.7587815691279653
-0.7672227434828741
-0.7587821139643659
-0.4284682468422484
-1.026723575731772
-0.4333441888844495
-0.6964094313428483
-0.43334446615125577
-0.7155660025596376
-0.4333441888844495
-0.4284679695754421
-1.0218470791559582
-0.9999999999999984
-1.0218470791559584
-1.0218473564227646
-0.7275957726536071
-0.43334446615125577
-0.9999999999999993
-1.026723575731772
-0.7155660025596375
-0.7084392014368177
-0.4331767282210668
-0.7587821139643658
-0.7155660025596375
-0.4333441888844495
-1.0218470791559584
-0.6689843636142736
-0.7275957726536071
-0.9999999999999989
-1.0218470791559582
-0.7275957726536071
-0.7860394437627518
-0.6964094313428484
-0.9999999999999996
-0.37097178352973836
-0.7743480372904068
-0.7984085399572322
-0.9999999999999989
-0.7396255427475765
-0.6689846825010246
-1.2623637920815407
-0.9999999999999989
-0.9047919990074804
-0.9999999999999989
-0.7275957726536071
-0.433344466151256
-0.7275957726536071
-0.6928732781107768
-0.7275957726536071
-0.7275957726536071
-1.1272104339453404
-0.9999999999999989
-0.4333441888844495
-0.9999999999999983
-0.4333441888844496
-1.4971509356679993
-1.0267235757317719
-0.7792525135768437
-1.0267235757317719
-1.0218470791559584
-1.026723575731772
-0.7275957726536071
-0.9999999999999993
-0.9091585437913471
-0.49571714877277356
-1.0218470791559582
-1.269346398288316
-0.8484115815478687
-0.7275957726536071
-0.7275957726536071
-0.7275957726536071
-0.404408429387503
-0.7396255427475765
-1.0218470791559582
-0.7275957726536071
-0.6964094313428483
-1.0267235757317719
-0.8173926592805478
-0.7275957726536071
-0.6808435080168074
-0.4284679695754421
-0.7275957726536071
-0.7001707049250324
-0.43334446615125577
-0.7275957726536071
-0.7275957726536071
-0.7275957726536071
-0.4525275097633812
-1.0267235757317719
-1.0218470791559584
-0.6964094313428483
-0.433344466151256
-0.7275957726536071
-1.5025373840357599
-0.7708113392219348
-0.8053908002380697
-0.42846824684224827
-1.0218470791559584
-1.0218470791559584
-1.0218473564227646
-0.42846824684224827
-0.6688137379228379
-0.9999999999999989
-0.7071067811865465
-0.43334446615125577
-0.051545776686316436
-0.6964094313428484
-0.4284676506886911
-1.0218470791559584
-1.0218473564227648
-0.7863778073843763
-0.6688137379228378
-0.7779381403447546
-1.1512708679530346
-0.43334446615125577
-0.4525275097633811
-0.37097259593573306
-0.9999999999999987
-1.0267235757317719
-0.7860398313086343
-0.7396255427475766
-0.4284679695754423
-0.7862068628061896
-0.7275957726536071
-0.7275957726536071
-0.7275957726536071
-0.7587815691279653
-0.7275957726536071
-0.7587815691279653
-0.7779381403447545
-0.6928732781107768
-0.7863778073843762
-0.7467523438703965
-0.7275957726536071
-0.433344466151256
-0.4333441888844495
-0.6964099761792488
-0.7275957726536071
-0.43822068546026327
-0.6447532352560122
-1.0218473564227648
-0.7862071816929406
-0.4333441888844496
-0.4957171487727732
-0.4382206854602636
-0.6808435080168074
-1.0267235757317719
-0.07560557292050851
-0.7155660025596375
-0.4525275097633811
-0.7587821139643659
-1.1272104339453404
-0.4284679695754421
-0.7275957726536071
-1.2623637920815407
-0.7396255427475765
-1.0267235757317719
-1.0218470791559582
-0.7001707049250323
-0.6964094313428484
-1.0218473564227646
-0.7275957726536071
-0.44520329166703876
-0.999999999999999
-1.1512708679530346
-0.7275957726536071
-0.4284679695754423
-0.7862071816929406
-0.4284673946424381
-0.43334446615125577
-0.43334446615125577
-0.6964099761792488
-0.7743483145572132
-0.433344466151256
-0.7396255427475765
-0.6843796612488787
-0.433344466151256
-1.0267235757317719
-0.7910833593820035
-1.0218470791559584
-0.7275957726536071
-0.7275957726536071
-0.7548531024519927
-0.7084392014368177
-1.026723575731772
-0.9999999999999992
-1.0218470791559582
-0.7708118840583355
-1.6152264660032811
-0.7862068628061896
-0.7743480372904068
-0.7275957726536071
-0.7001704789753829
-1.4917644873002387
-1.0218470791559584
-0.7275957726536071
-0.9047919990074802
-0.42846769230863535
-0.7708118840583355
-0.7275957726536071
-0.7396255427475766
-1.026723575731772
-0.6964099761792488
-0.7550208403821818
-0.7862071816929406
-0.7863778073843763
-1.021847079155958
-0.7275957726536071
-1.0218470791559582
-0.8173935230036994
-0.7275957726536071
-1.4917648332261766
-0.371139521459927
-0.7275957726536071
-0.4382206854602636
-0.6531938647745207
-0.9999999999999992
-0.6531938647745207
-0.4333441888844496
-0.43351160792788745
-0.3709717835297384
-0.7155660025596376
-0.7275957726536071
-0.6377988860266663
-0.7084397462732183
-0.7467517990339958
-0.37080404559954905
-1.1389021176844918
-0.6964094313428483
-0.7860394437627518
-1.0218470791559582
-0.42846769230863535
-0.7860394437627516
-0.4284679695754421
-0.4284679695754423
-1.026723575731772
-0.7275957726536071
-0.7084397462732183
-0.9999999999999989
-0.7084397462732184
-0.43351220408144475
-0.7587821139643659
-0.8107772486058309
-0.4284682468422484
-1.026723575731772
-0.6379663050701043
-0.6964099761792488
-0.7587815691279653
-0.7275957726536071
-1.0218473564227646
-0.43334446615125577
-0.9999999999999983
-0.6964099761792488
-0.7155660025596375
-0.7587821139643659
-0.7275957726536071
-0.9999999999999982
-0.4333441888844495
-0.8416241065255601
-0.4333441888844496
-1.2623637920815407
-0.9999999999999984
-0.433344466151256
-1.026723575731772
-0.4525284722422679
-0.4455458660354924
-0.6964099761792488
-0.3709717835297384
-0.7587821139643658
-0.4333441888844495
-1.0218473564227648
-0.4333441888844495
-0.4333441888844495
-1.0218473564227648
-0.37097178352973803
-0.7587821139643659
-0.4284679695754423
-0.6689843636142736
-0.7467517990339958
-0.7550210663318313
-0.9164836827466314
-1.4971509356679993
-0.7708118840583355
-1.0218470791559582
-0.7275957726536071
-0.6567833928958643
-0.6964099761792488
-0.7071067811865462
-0.7275957726536071
-0.7550208403821818
-0.08501543717006976
-0.7275957726536071
-0.6255972088756235
-0.7155660025596375
-0.433344466151256
-1.245285618354684
-1.2623637920815407
-0.7587815691279653
-0.7984085399572327
-1.026723575731772
-1.026723575731772
-0.7984081524113499
-1.026723575731772
-0.7275957726536071
-0.06828039234527938
-0.613567281491136
-0.43334446615125577
-0.6964094313428483
-0.6067799637593455
-1.021847079155958
-0.791083359382003
-0.7550208403821818
-0.7396255427475766
-1.0218473564227646
-0.8484117388383866
-1.0218473564227648
-0.7275957726536071
-0.6964099761792488
-1.0267235757317719
-0.7863778073843762
-0.433344466151256
-0.4333441888844496
-0.6964099761792488
-0.7275957726536071
-0.05154534752048898
-0.7396249979111761
-0.7275957726536071
-0.7587815691279653
-0.9999999999999991
-0.7275957726536071
-0.7396255427475765
-0.7813303662303757
-1.026723575731772
-0.4333441888844495
-1.0218473564227646
-0.7572695862967439
-0.9999999999999984
-0.7862071816929406
-0.4284682468422484
-0.7396255427475765
-0.7396255427475765
-0.45252750976338135
-0.6964094313428483
-0.7587815691279653
-1.0218470791559582
-0.6689846825010246
-0.9999999999999982
-0.4284679695754421
-0.09234061774529845
-0.37114001497917104
-0.6377980223035148
-0.5636210088248914
-1.0267235757317719
-0.6964094313428484
-0.7275957726536071
-0.6531938647745207
-0.5944117999471478
-0.433344466151256
-0.433344466151256
-0.7275957726536071
-0.7275957726536071
-0.6135672814911359
-0.499999999999999
-0.7396255427475766
-0.7860394437627516
-0.4284679695754421
-0.7155660025596375
-0.7275952278172066
-1.2623637504615959
-1.026723575731772
-1.0218470791559582
-0.9999999999999987
-0.7743480372904068
-0.7587815691279653
-0.7984081524113499
-0.6964094313428483
-1.1389021593044364
-0.7155660025596375
-0.433344466151256
-0.7587821139643658
-0.9999999999999982
-0.7001704789753829
-0.7984085399572322
-1.0218470791559584
-0.7899679104387242
-0.6964094313428484
-0.7863778073843762
-0.9999999999999988
-1.026723575731772
-0.7275963174900077
-0.4284679695754423
-0.7587821139643658
-0.7743483145572132
-0.7862068628061896
-0.4284689320543289
-1.0267235757317719
-0.7275957726536071
-0.6652236348684901
-0.6964094313428483
-0.7587815691279653
-0.7863778073843763
-0.7396255427475765
-0.9999999999999991
-0.6808435080168074
-0.9999999999999989
-1.2623637920815407
-1.0267235757317719
-0.43334446615125577
-0.433344466151256
-0.7860394021428069
-1.0218470791559582
-0.7275957726536071
-1.0267235757317719
-0.7550208403821818
-0.9091589313372294
-0.9091589313372296
-0.6964094313428484
-1.5025373840357603
-1.4917648332261766
-0.7275957726536071
-1.4917644873002387
-1.4917648332261766
-0.7860394021428069
-1.5025373840357603
-0.9999999999999991
-0.7860394021428065
-1.5025373840357603
-0.7860398313086343
-1.0267235757317719
-0.4284679695754421
-0.43822068546026327
-0.6689846825010246
-1.6152264660032811
-1.6152264660032811
-1.6152264660032811
-0.42846769230863535
-1.7386880987803854
-0.05154534752048898
-1.6152264660032811
-0.7860394853826959
-0.892423290358882
-0.09966536915470026
-1.0218473564227648
-1.4971512815939372
-1.021847079155958
-0.9999999999999992
-0.9047919990074801
-1.7386880987803854
-1.7333016504126249
-0.7275957726536071
-1.2674077077007924
-1.6152264660032811
-0.7862071816929406
-1.7386880987803852
-1.2623637920815407
-1.245285618354684
-1.0267235757317719
-1.262363750461596
-1.2623637920815407
-0.9999999999999991
-1.6152264660032811
-1.4917644873002387
-0.90479199900748
-1.5025373840357603
-0.7275963174900077
-1.6152264660032811
-1.4917644873002387
-1.7333019963385625
-1.6152264660032811
-1.2693463982883162
-1.0267235757317719
-1.0267235757317719
-1.6152264660032811
-1.7333019963385625
-0.9999999999999989
-1.497150935667999
-1.6152264660032811
-1.6152264660032811
-1.0218470791559582
-1.4917644873002387
-1.4971509356679995
-1.6152264660032811
-1.7386880987803854
-1.7333019963385625
-1.6152264660032811
-1.7333016504126249
-0.79142550458463
-1.7333016504126246
-0.791083359382003
-1.6152264660032811
-0.4284682468422484
-1.6152264660032811
-1.6152264660032811
-1.974838813525011
-1.7333016504126246
-1.2452865604341794
-0.022774685293248997
-1.615226466003281
-1.7333016504126249
-1.7333019963385625
-1.245285618354684
-1.7386880987803854
-0.6691521015444626
-1.2623637920815407
-1.2623637920815407
-1.4917644873002387
-1.974838813525011
-1.7333016504126249
-1.0218470791559582
-1.974838813525011
-0.9999999999999992
-1.7386880987803854
-1.0218470791559582
-1.6152264660032811
-1.7386880987803854
-1.5025373840357603
-0.7572695862967436
-0.916483724366576
-1.7333016504126246
-1.7386880987803854
-1.7333019963385625
-1.974838813525011
-0.999999999999998
-1.7333016504126246
-1.5025373840357603
-1.974838813525011
-1.7333019963385625
-1.0218473564227648
-1.4917651791521143
-1.2674077077007924
-1.974838813525011
-1.974838813525011
-1.7333016504126249
-1.974838813525011
-1.7386880987803854
-1.7386880987803852
-1.974838813525011
-1.974838813525011
-1.7333019963385625
-1.7386880987803852
-1.7386880987803852
-1.4917648332261766
-1.974838813525011
-0.7743483145572131
-1.7386880987803852
-1.4917644873002383
-1.974838813525011
-1.7386880987803852
-1.7386880987803852
-1.974838813525011
-1.0275762193292552
-1.974838813525011
-1.974838813525011
-1.7333016504126246
-1.7333016504126246
-0.7275963174900075
-1.7386880987803852
-1.7333019963385625
-0.5944117999471478
-1.7333016504126246
-1.974838813525011
-1.974838813525011
-1.7333016504126246
-1.245285618354684
-1.4971509356679993
-1.5025373840357603
-1.7386880987803852
-1.2623637920815407
-1.4917644873002383
-1.7333019963385625
-1.2674077077007924
-0.07560557292050851
-1.7333016504126246
-1.974838813525011
-1.7333016504126246
-1.615226466003281
-1.7386880987803854
-1.7386880987803854
-1.615226466003281
-1.615226466003281
-1.974838813525011
-0.7743483145572132
-0.43334446615125577
-0.9095010765398561
-1.4917648332261764
-0.7813303662303757
-1.026723575731772
-1.4917644873002383
-1.7386880987803854
-1.7333019963385625
-0.07089589923457562
-1.974838813525011
-1.7333016504126246
-1.7333016504126246
-1.615226466003281
-1.0218473564227646
-1.7333016504126246
-1.0218470791559584
-1.4971512815939372
-1.615226466003281
-0.7275957726536071
-1.7333016504126246
-1.974838813525011
-1.974838813525011
-1.7333016504126246
-0.7548531024519927
-1.974838813525011
-1.974838813525011
-1.4971512815939372
-1.7333019963385625
-1.7333016504126246
-1.026723575731772
-1.7333016504126246
-1.7333016504126246
-1.974838813525011
-1.4971512815939372
-1.615226466003281
-0.7275957726536071
-1.7333016504126249
-1.4917644873002383
-0.7396255427475766
-1.7333016504126246
-1.615226466003281
-0.7860394437627514
-0.7275957726536071
-1.974838813525011
-1.974838813525011
-1.615226466003281
-1.7333016504126249
-1.974838813525011
-1.7333016504126249
-0.7572695862967439
-1.7386880987803852
-1.7333019963385625
-0.7914259337504569
-1.269346398288316
-0.7275957726536071
-1.974838813525011
-0.7275957726536071
-1.4971512815939372
-1.4917644873002383
-0.7572695862967436
-1.2623637920815407
-1.974838813525011
-0.8535533905932718
-1.4971512815939372
-1.615226466003281
-1.7333016504126246
-1.615226466003281
-1.2623637920815407
-1.7386880987803852
-1.7333019963385625
-1.974838813525011
-1.615226466003281
-1.974838813525011
-1.7386880987803852
-0.7813303662303761
-1.026723575731772
-1.4971509356679993
-1.491765179152114
-0.7275957726536071
-1.7386880987803852
-1.5025373840357603
-0.9999999999999987
-1.974838813525011
-1.974838813525011
-0.4284679695754421
-1.615226466003281
-1.0218470791559582
-0.4284679695754423
-1.7333016504126246
-1.7386880987803852
-0.7984085399572326
-1.615226466003281
-1.7333016504126246
-1.7386880987803852
-1.4917648332261766
-1.245285618354684
-1.4971512815939372
-1.7386880987803852
-1.615226466003281
-1.026723575731772
-1.615226466003281
-1.4917644873002387
-1.127211030098898
-1.974838813525011
-1.974838813525011
-1.7386880987803852
-1.7333016504126246
-1.974838813525011
-1.615226466003281
-1.0218470791559584
-1.974838813525011
-1.615226466003281
-1.6152264660032811
-0.7961273166211995
-1.7333016504126246
-1.7333016504126249
-1.974838813525011
-1.974838813525011
-1.026723575731772
-1.0218470791559584
-0.6255972088756235
-0.4382206854602636
-1.6152264660032811
-1.615226466003281
-1.2693463982883162
-1.7386880987803854
-1.4917648332261764
-0.07560557292050851
-1.615226466003281
-1.026723575731772
-1.026723575731772
-1.4917644873002387
-1.974838813525011
-1.0218470791559584
-1.6152264660032811
-0.495715781833166
-1.974838813525011
-0.7551920410066215
-1.026723575731772
-1.615226466003281
-1.7386880987803854
-1.615226466003281
-1.615226466003281
-1.7333019963385625
-1.7386880987803854
-1.615226466003281
-0.4333441888844496
-1.7333019963385625
-1.5025373840357603
-1.615226466003281
-1.2674077077007924
-0.43822068546026327
-1.7333016504126246
-1.974838813525011
-1.974838813525011
-1.4917644873002383
-1.615226466003281
-1.615226466003281
-1.615226466003281
-1.0218470791559584
-1.7386880987803854
-1.4971512815939372
-1.615226466003281
-1.026723575731772
-1.7386880987803852
-1.7333016504126246
-1.7386880987803852
-1.974838813525011
-1.2623637920815407
-1.7386880987803852
-1.615226466003281
-1.7333016504126249
-0.9999999999999992
-1.2623637920815407
-0.9999999999999989
-1.026723575731772
-1.615226466003281
-1.615226466003281
-1.2623637920815407
-0.7860394437627514
-1.7333016504126246
-1.615226466003281
-1.974838813525011
-1.2623637920815407
-1.491765179152114
-0.66522363486849
-1.6152264660032811
-1.0218473564227646
-0.37097259593573295
-1.7333016504126249
-1.974838813525011
-1.5025373840357603
-1.245285618354684
-1.7386880987803852
-1.7333019963385625
-0.9999999999999992
-1.615226466003281
-1.615226466003281
-1.7386880987803854
-0.433344466151256
-1.245285618354684
-0.9999999999999987
-0.43822068546026327
-1.974838813525011
-1.615226466003281
-0.43822068546026327
-1.7333016504126249
-0.9999999999999984
-1.974838813525011
-1.0218473564227648
-1.6152264660032811
-1.7333016504126246
-1.6152264660032811
-1.7333019963385625
-0.7813303662303757
-1.615226466003281
-0.7813309623839333
-1.7333019963385625
-1.2623637920815407
-1.974838813525011
-1.0218470791559584
-0.4284679695754421
-1.2623637920815407
-1.7333019963385625
-1.974838813525011
-1.7333016504126249
-0.9999999999999984
-1.974838813525011
-1.615226466003281
-1.4971512815939372
-0.7626560346645047
-0.49571714877277356
-1.615226466003281
-1.5025373840357603
-1.974838813525011
-1.974838813525011
-1.974838813525011
-0.7587821139643659
-1.0267235757317719
-1.0218470791559584
-1.7333016504126249
-1.2623637920815407
-1.1512708679530346
-1.245285618354684
-1.026723575731772
-1.974838813525011
-1.7333016504126246
-1.021847079155958
-0.43822068546026327
-0.7860394437627515
-0.02277706990747841
-0.9999999999999989
-1.615226466003281
-1.6152264660032811
-1.4971512815939372
-0.7572695862967439
-1.4917648332261764
-1.7333019963385625
-1.491765179152114
-0.6964099761792488
-1.974838813525011
-1.2452865604341794
-1.5025373840357603
-1.4917648332261764
-1.4971509356679993
-1.6152264660032811
-1.2623637920815407
-1.615226466003281
-1.6152264660032811
-1.4971512815939372
-1.6152264660032811
-0.9999999999999989
-1.2623637920815407
-1.7333019963385625
-1.7333019963385625
-1.7333019963385625
-1.6152264660032811
-1.4971512815939372
-1.7333019963385625
-0.7743477600236005
-0.9999999999999987
-1.6152264660032811
-0.7860394021428065
-1.4971509356679993
-1.4917648332261766
-1.0218470791559582
-0.4284676506886911
-1.7333016504126246
-1.615226466003281
-1.2623637920815407
-1.0218473564227648
-0.7275957726536071
-1.974838813525011
-1.974838813525011
-1.4917644873002385
-1.7333019963385625
-1.4971509356679993
-0.9999999999999984
-1.974838813525011
-1.7333016504126249
-1.974838813525011
-0.38317275424814773
-0.7155660025596376
-1.0218470791559584
-1.0218473564227646
-0.4284682884621931
-1.4971512815939372
-1.0218470791559584
-1.974838813525011
-1.2623637504615959
-0.4284676923086359
-1.615226466003281
-0.9999999999999978
-1.7386880987803852
-1.4917644873002387
-1.026723575731772
-1.4917651791521143
-1.4971509356679995
-1.021847079155958
-1.4917644873002387
-1.245285618354684
-1.7333019963385625
-1.974838813525011
-0.7396255427475765
-0.7275957726536071
-1.974838813525011
-1.7386880987803854
-1.7333016504126246
-1.615226466003281
