0.0009765625
-7.411538288475128e-21
0.0
8.470329472543003e-21
-2.625802136488331e-20
1.1011428314305904e-20
1.6940658945086007e-21
7.115076756936123e-20
-6.776263578034403e-21
3.811648262644354e-21
1.0587911840678754e-21
-5.0821976835258005e-21
-8.046812998915853e-21
-2.964615315390051e-20
-1.6093625997831706e-20
-6.564505341220828e-21
-1.4145450219146816e-19
0.0
-7.411538288475128e-21
-1.6093625997831706e-20
1.1858461261560205e-20
7.411538288475128e-21
-1.6940658945085997e-21
7.623296525288703e-21
1.5246593050577403e-20
6.3527471044072525e-21
5.717472393966527e-21
-9.317362419797304e-21
-9.317362419797304e-21
3.388131789017201e-21
2.3716922523120413e-20
-3.3881317890172006e-21
4.658681209898652e-21
1.1434944787933055e-20
-9.105604182983729e-21
-1.1858461261560202e-20
-8.470329472543003e-21
-1.2281977735187355e-20
9.105604182983729e-21
-3.3881317890172014e-21
-7.623296525288703e-21
-7.623296525288703e-21
6.352747104407253e-22
3.388131789017201e-21
-8.470329472542994e-22
-8.046812998915853e-21
2.371692252312041e-20
-6.988021814847978e-21
3.3881317890172014e-21
-1.461131834013668e-20
-3.388131789017201e-21
3.7269449679189215e-20
-2.7528570785764757e-21
-5.421010862427522e-20
7.623296525288703e-21
-2.202285662861181e-20
-1.2705494208814508e-20
1.2705494208814507e-21
-6.7762635780344005e-21
-7.623296525288703e-21
9.952637130238029e-21
-5.0821976835257975e-21
-4.0657581468206416e-20
4.446922973085077e-20
8.470329472543003e-21
3.049318610115481e-20
-8.470329472543003e-22
2.1811098391798234e-20
2.879912020664621e-20
-1.6093625997831706e-20
-6.077461396549605e-20
7.623296525288703e-20
-7.199780051661553e-21
0.0
-8.470329472543003e-21
6.3527471044072525e-21
-8.893845946170154e-21
-1.7575933655526732e-20
-2.2658131339052534e-20
4.743384504624082e-20
-4.489274620447792e-20
1.3552527156068805e-20
-5.082197683525802e-21
2.541098841762901e-21
-1.6093625997831706e-20
-4.0234064994579266e-21
-7.623296525288703e-21
7.62329652528871e-21
3.5998900258307764e-21
2.202285662861181e-20
-3.5575383784680614e-20
-1.7787691892340307e-20
1.0587911840678754e-21
-9.317362419797302e-21
2.371692252312041e-20
8.4703294725430015e-22
2.964615315390051e-21
-5.421010862427522e-20
2.0328790734103208e-20
-1.2705494208814505e-20
-1.3129010682441655e-20
5.929230630780102e-21
1.2705494208814505e-21
3.8116482626443515e-21
-3.5998900258307764e-21
2.5410988417629014e-21
3.3881317890172014e-21
-2.541098841762901e-21
-7.623296525288703e-21
-1.3552527156068805e-20
4.002230675776569e-20
2.329340604949326e-21
-1.0164395367051604e-20
-3.388131789017204e-21
4.446922973085077e-21
1.7787691892340307e-20
-3.388131789017202e-21
-9.317362419797304e-21
1.1858461261560205e-20
-2.879912020664621e-20
1.122318655111948e-19
9.697828394283866e-38
-1.164670302474663e-20
-8.470329472543041e-22
-1.1011428314305904e-20
8.470329472543003e-22
4.235164736271502e-21
-5.082197683525802e-21
-5.082197683525802e-21
4.2351647362715365e-22
2.541098841762901e-21
6.352747104407252e-21
1.6940658945086001e-21
5.421010862427522e-20
-1.0164395367051603e-20
5.082197683525802e-21
-2.541098841762901e-21
2.752857078576476e-21
-2.541098841762901e-21
-4.446922973085077e-21
-1.9481757786848908e-20
9.952637130238029e-21
1.1011428314305904e-20
8.47032947254299e-22
-5.929230630780102e-21
-1.1011428314305904e-20
-4.235164736271502e-22
1.7787691892340307e-20
-6.776263578034401e-21
-1.334076891925523e-20
-2.541098841762901e-20
-5.082197683525802e-21
-1.7787691892340307e-20
9.317362419797304e-21
1.1011428314305904e-20
-3.8116482626443515e-21
8.470329472543003e-22
0.0
-6.352747104407253e-22
-8.470329472543005e-21
-1.2705494208814505e-21
-1.2705494208814508e-20
-4.235164736271498e-22
1.1011428314305903e-20
3.3881317890172014e-21
1.0164395367051604e-20
7.199780051661553e-21
-1.6940658945086007e-20
-1.2705494208814505e-21
-1.0842021724855044e-19
-1.6940658945086007e-20
1.6940658945086007e-21
9.317362419797304e-21
1.4823076576950248e-21
3.3881317890172014e-21
-2.541098841762901e-21
-1.2705494208814505e-21
-4.404571325722362e-20
-7.199780051661553e-21
6.776263578034403e-21
-1.0164395367051604e-20
-9.317362419797304e-21
-1.1434944787933055e-20
5.293955920339377e-21
1.2705494208814505e-20
1.0164395367051604e-20
8.893845946170154e-21
1.6940658945086007e-21
4.1504614415460717e-20
1.0164395367051604e-20
1.4568966692773966e-19
1.0164395367051604e-20
7.835054762102278e-21
-2.541098841762901e-21
-7.623296525288703e-21
-2.1175823681357485e-22
2.0328790734103208e-20
1.0164395367051604e-20
-1.1434944787933055e-20
2.202285662861181e-20
-7.411538288475128e-21
6.776263578034402e-21
4.235164736271502e-21
2.202285662861181e-20
1.079967007749233e-20
-2.202285662861181e-20
2.0328790734103208e-20
-2.202285662861181e-20
9.317362419797304e-21
-1.6940658945086007e-21
2.0328790734103208e-20
1.6940658945086e-21
5.929230630780101e-21
7.623296525288703e-21
-1.8634724839594607e-20
-1.249373597200093e-20
3.388131789017201e-21
-3.6422416731934915e-20
-9.529120656610879e-21
2.456395547037471e-20
-3.388131789017199e-21
-1.6940658945086007e-21
2.371692252312041e-20
-3.3881317890172014e-21
1.1011428314305904e-20
4.235164736271502e-22
-2.5410988417629018e-21
1.207021949837378e-20
-1.3552527156068805e-20
2.117582368135751e-22
-1.5246593050577406e-20
8.470329472543003e-20
1.4823076576950256e-21
-3.3881317890172014e-21
-3.5998900258307764e-21
2.0328790734103208e-20
-3.8116482626443515e-21
3.5575383784680614e-20
-5.082197683525802e-21
8.470329472542999e-22
1.35525271560688e-20
-5.251604272976662e-20
-9.317362419797304e-21
-1.6940658945086007e-21
1.2705494208814505e-21
-1.2705494208814505e-20
-4.235164736271502e-21
1.291725244562808e-20
-1.8634724839594607e-20
-2.286988957586611e-20
-8.470329472543002e-22
1.9481757786848908e-20
-3.049318610115481e-20
3.388131789017203e-21
2.371692252312041e-20
6.776263578034403e-21
-3.388131789017201e-21
-1.0164395367051604e-20
-1.0164395367051604e-20
1.461131834013668e-20
1.0164395367051604e-20
-1.0164395367051603e-20
-2.541098841762901e-21
1.5246593050577406e-20
5.082197683525802e-21
0.0
-2.795208725939191e-20
-6.776263578034403e-21
2.879912020664621e-20
-8.470329472543003e-21
4.290847156510895e-38
3.3881317890172014e-21
2.752857078576476e-21
4.404571325722362e-20
1.4399560103323106e-20
-8.978549240895584e-20
-2.117582368135751e-22
-2.541098841762901e-21
-1.0164395367051597e-20
-2.329340604949326e-21
6.776263578034403e-21
-2.0328790734103208e-20
1.2705494208814505e-20
-3.8116482626443515e-21
-1.3552527156068805e-20
7.193351111578688e-38
-5.293955920339377e-21
8.4703294725430015e-22
1.0164395367051604e-20
8.470329472543005e-22
-1.0164395367051604e-20
6.776263578034402e-21
-1.4823076576950256e-20
1.694065894508601e-21
9.952637130238029e-21
1.0579449157400583e-37
1.9481757786848908e-20
-1.2281977735187355e-20
1.6940658945086007e-21
-1.6940658945086007e-20
1.3552527156068805e-20
8.470329472543003e-22
6.776263578034402e-21
7.411538288475128e-21
5.082197683525802e-21
-1.1011428314305904e-20
1.4484263398048536e-19
-6.776263578034403e-21
6.988021814847978e-21
-1.6093625997831706e-20
4.235164736271502e-21
9.105604182983729e-21
-1.0164395367051604e-20
1.0164395367051604e-20
-6.776263578034403e-21
-1.6178329292557136e-19
-1.0164395367051604e-20
-7.199780051661553e-21
2.541098841762901e-21
1.2705494208814505e-21
2.088097429759528e-53
3.8116482626443515e-21
-3.3881317890172014e-21
-6.776263578034403e-21
1.3552527156068805e-20
5.717472393966527e-21
8.470329472543e-21
-4.235164736271502e-21
1.6940658945086007e-21
1.9058241313221758e-21
-1.1858461261560208e-20
-8.046812998915853e-21
-1.0164395367051604e-20
-1.1689054672109345e-19
-5.929230630780102e-21
5.293955920339377e-21
1.4823076576950256e-21
1.6940658945086007e-21
-1.376428539288238e-20
-8.470329472543002e-22
1.2705494208814505e-21
2.541098841762902e-21
1.2620790914089075e-19
2.371692252312041e-20
-1.1011428314305904e-20
3.3881317890172014e-21
-4.235164736271502e-21
1.3213713977167085e-19
3.1444473884496182e-37
2.0328790734103208e-20
-1.503483481376383e-20
-2.117582368135751e-22
-6.776263578034403e-21
-1.60936259978317e-20
-1.658066994250293e-19
-6.776263578034403e-21
3.049318610115481e-20
-8.470329472543003e-21
1.1011428314305904e-20
5.082197683525802e-21
-1.3616054627112878e-19
-8.470329472543003e-21
4.446922973085077e-21
-1.0164395367051604e-20
1.6728900708272432e-20
8.470329472543003e-21
1.5500702934753696e-19
-3.3881317890172014e-21
-5.082197683525802e-21
-1.6940658945086007e-21
2.0328790734103208e-20
1.291725244562808e-20
-2.117582368135751e-22
2.5410988417629014e-21
-1.5246593050577406e-20
-4.235164736271502e-21
1.6940658945086007e-20
-2.752857078576476e-21
-3.3881317890172014e-21
-3.3881317890172014e-19
-1.4399560103323106e-20
9.317362419797304e-21
-5.166900978251232e-20
3.3881317890172014e-21
2.1387581918171084e-20
2.088097429759528e-53
-1.2705494208814505e-20
4.235164736271502e-21
5.082197683525802e-21
9.740878893424454e-21
-1.5246593050577406e-20
6.3527471044072525e-21
-2.7528570785764772e-21
-2.541098841762901e-21
3.5998900258307764e-21
-8.4703294725430015e-22
-2.286988957586611e-20
-2.2884518168058117e-37
9.317362419797302e-21
6.776263578034404e-21
-2.117582368135751e-21
8.046812998915853e-21
-1.1434944787933055e-20
8.470329472543e-22
1.1011428314305904e-20
-2.710505431213761e-20
7.623296525288703e-21
-4.235164736271501e-22
8.470329472543003e-22
-5.929230630780102e-21
1.0164395367051604e-20
1.1011428314305904e-20
3.3881317890172014e-21
1.6940658945086007e-21
4.743384504624082e-20
-8.470329472543003e-22
-2.879912020664621e-20
-2.710505431213761e-20
1.2705494208814504e-20
1.2705494208814505e-21
-1.1858461261560205e-20
-1.3213713977167085e-19
3.1763735522036263e-21
-2.541098841762901e-21
-1.2705494208814505e-21
-1.0164395367051604e-20
-1.6940658945086007e-20
-8.470329472543003e-22
-2.202285662861181e-20
-4.235164736271502e-21
-2.541098841762901e-21
-1.6940658945086007e-21
-1.2536087619363645e-19
-7.623296525288703e-21
-2.117582368135751e-22
6.776263578034403e-20
5.082197683525803e-21
-6.776263578034403e-21
-1.1858461261560205e-20
3.3881317890172014e-21
-3.3034284942917713e-20
-8.258571235729428e-21
5.717472393966527e-21
2.286988957586611e-20
-6.988021814847978e-21
-1.1011428314305904e-20
-5.082197683525802e-21
3.732474155695156e-52
-1.3213713977167085e-19
-1.7787691892340307e-20
1.3552527156068805e-20
-1.5246593050577406e-20
-1.4399560103323106e-20
1.8634724839594607e-20
-2.1175823681357508e-20
9.317362419797304e-21
-4.743384504624082e-20
-1.545835128739098e-20
-2.202285662861181e-20
3.3881317890172006e-21
-1.5246593050577406e-20
5.082197683525802e-21
-3.218725199566341e-20
-1.6940658945086007e-21
-1.3552527156068805e-20
-1.1011428314305904e-20
1.5246593050577406e-20
-2.286988957586611e-20
4.743384504624082e-20
2.541098841762901e-21
-2.541098841762901e-20
4.743384504624082e-20
2.456395547037471e-20
3.5575383784680614e-20
-1.9058241313221758e-21
-1.4399560103323106e-20
2.541098841762901e-21
-2.5410988417629025e-21
-6.776263578034402e-21
-2.488810760284933e-37
-1.2705494208814503e-21
-1.2705494208814505e-20
-2.541098841762901e-21
8.893845946170154e-21
1.3552527156068805e-20
5.082197683525802e-21
4.2351647362715017e-20
-9.317362419797302e-21
3.8963515573697816e-20
-3.5998900258307764e-21
2.964615315390051e-20
8.470329472543007e-22
-2.879912020664621e-20
-2.1175823681357508e-20
4.235164736271502e-21
1.461131834013668e-20
1.4399560103323106e-20
6.776263578034403e-20
8.470329472543003e-21
6.7762635780344005e-21
