-5.216010283170595
-3.5832592930395024
-3.228889664945654
-3.2439087744952535
-3.3257110211658847
-3.205827629698745
-2.1338949143053076
-3.4358571277113725
-4.482742769663532
-4.073528774934759
-2.8707870977114958
-2.8922620062792945
-3.3306990784154187
-3.367996179808983
-3.395794300724915
-3.272015499386309
-3.2515817204557904
-3.1352561209008463
-3.067719217176248
-4.789737037730903
-4.913073333841158
-3.320401664572813
-2.6811525971759145
-4.341566679687277
-3.3201691361183467
-3.307363418365433
-2.199649175678937
-3.350205340068177
-3.409452009204177
-3.186419249788892
-3.2822910096110713
-5.169981002911605
-3.386347447914192
-3.4801769415166564
-3.273055719075036
-3.0933346561320043
-2.0513455485167453
-3.2800128047678574
-3.434224594541579
-4.509386521417873
-2.983630794128503
-3.27009833988261
-3.3666226256765133
-2.963765484474137
-2.7967065717561077
-3.548803109901498
-2.0557317096698466
-3.2557942805051274
-3.180430099477643
-3.220008550697524
-2.4926650843364673
-2.161628953152552
-3.7801831503766126
-3.4819243047163204
-3.2688592531641727
-3.527191090909449
-3.3722962964239214
-2.958506119733104
-4.620129769650184
-3.2614699229413797
-3.2988412597393064
-3.2743086499596505
-3.2650959159512034
-3.2743086499596505
-3.244575452612066
-4.410675063062262
-3.2498574641374716
-1.5723552189561651
-3.160443224321759
-2.259447668853631
-3.2705989850405897
-2.642041714946205
-3.328763279602089
-2.9294846468822593
-3.1748886156801555
-3.355450237850577
-3.2017617072041644
-3.275031827002215
-2.3429494094021788
-3.203306829281276
-4.441188497094915
-3.7971293949848373
-3.0125964923487683
-2.608699024652259
-3.2545829614553874
-3.258760384978103
-3.7751147339441773
-3.273305608226409
-3.232633928825935
-1.9572849004493493
-4.841249778919916
-3.306518195426578
-3.4331488668222905
-3.375660116925524
-3.1594347292341434
-3.2688828069971674
-2.1435588195112016
-4.479481816143472
-3.319129081319996
-3.264001482762897
-2.8834825083671927
-2.757425749623781
-3.0845860562373364
-3.2284639941149935
-4.4119547082943775
-1.9171503232213105
-3.1399789397957933
-3.4826460197326217
-3.080291382919263
-3.0111156910962693
-3.3837972736871156
-3.3518343639476162
-3.3210593671693576
-3.1590879576328033
-3.190902073386375
-3.1972504724606976
-3.2183836935691246
-3.4484057917522173
-3.310716661777367
-3.2971314667972407
-3.2208594573902505
-3.26096371523003
-2.841042944728342
-2.8843757269868515
-3.7738859443129735
-3.249384368010756
-3.273319050469211
-3.4907823341747717
-3.260662773828587
-2.885027797329506
-3.348175125102297
-3.9739916106049233
-3.2535664570335943
-3.263178756447505
-3.167119006937537
-3.2641817981807466
-3.3986689758381967
-2.7494064700046366
-3.1710703546720196
-3.263178756447505
-2.8622099245486075
-4.26631326205966
-3.233287224857431
-4.716292361226461
-3.0598951633493527
-3.286738810664194
-1.9344496314276034
-3.205262718087225
-3.1560557800359663
-3.294905612955379
-3.2488156161376813
-2.1546757768156666
-3.226257126167258
-3.471690350604593
-3.0416431470978362
-3.251654575045879
-1.9087471988646287
-3.337049215851975
-3.135516411225779
-3.701940045773222
-3.266157582971901
-3.2648689035819602
-3.772032867375253
-2.142755726209951
-3.466459040986559
-3.0554910607221437
-3.4019529692446557
-3.26771967733216
-3.263178756447505
-2.0980560947264846
-4.7138785160251535
-3.654379698161587
-3.410038708720529
-3.2582597398201236
-3.2991926616710825
-3.2637113085294867
-4.309793402248262
-2.2061235994905983
-3.4167165754899402
-2.051542939145981
-1.9536216013344383
-2.9721229798831383
-3.401673427551524
-3.2777070756718696
-3.3809706021393757
-2.245665846269394
-3.344096443898756
-3.3760463559305722
-3.222857945532181
-3.156300324837078
-2.1721962863285675
-3.2206995520538655
-3.211013248456212
-3.286462612464247
-2.8560575895439375
-3.2564754979819406
-3.2505668818641205
-3.347239226452405
-4.352959096249389
-3.1987091451851972
-4.001576372806914
-3.263178756447505
-3.3561879802610144
-3.670707490979712
-3.4145500070078483
-3.2756991748780306
-3.26508443991422
-3.1650289221718078
-2.7759099915761385
-3.375960286786081
-3.5139631330336347
-3.250109471775446
-3.3285008824957982
-3.1686420954497843
-3.6482183725940547
-3.19180976692097
-3.261491318352354
-3.2750321097876243
-3.271467783161916
-3.033231144855635
-3.384695034080544
-3.4891854537648084
-4.504914747304895
-3.368866284191597
-4.752645830721155
-3.2796089741329726
-2.859046471150891
-3.3262035663560265
-3.631234820977437
-3.2436513895497825
-2.876454853235787
-3.263178756447505
-3.268097773074886
-3.3331610599011205
-2.2356007545875567
-3.2496028415432474
-2.85151330771966
-3.3486739879129157
-3.3361835081951736
-3.3977532973176072
-3.2877848539536996
-2.9368235495776798
-4.672731988498333
-3.424679680486377
-3.327385554889316
-3.326187610432244
-3.0577981231144213
-3.1464771229375925
-3.6075903046673687
-2.0911115836835856
-5.216010283170595
-4.2505809791544475
-5.194203173519842
-3.3222209042594266
-3.083756587706418
-3.7421074325820083
-4.561383582616977
-4.780688204682965
-5.194203173519842
-5.216010283170595
-4.805058379447796
-3.259009230133721
-5.194203173519842
-5.571935149666272
-3.6268525445846382
-3.6588341692999644
-4.507644914820153
-3.0592591958505113
-5.571935149666272
-3.3094481601323795
-4.30837847453498
-4.359568643240268
-4.0685024807934465
-3.3884862266058207
-5.571935149666272
-2.261795938113666
-3.21697345855291
-3.861549325771512
-3.136282492119783
-3.71492565655162
-4.145245831851444
-5.118306781590396
-5.571935149666272
-4.8728199227053715
-3.2692059064847707
-5.571935149666272
-4.461613961457837
-4.947908540460297
-4.998079959810451
-4.38801680048788
-4.184145527085871
-4.912814844702452
-5.5635005799094275
-3.963698221955219
-5.571935149666272
-4.172022892647462
-5.182667989920876
-4.9499913047621265
-5.571935149666274
-5.571935149666272
-4.127686447247492
-4.8718669565261425
-6.3456054489513445
-3.23112934575576
-3.3469064635114405
-3.391692898003155
-3.1447694968626054
-4.9371961923467795
-4.458644316569416
-4.393611576759417
-6.331849362059415
-5.156663254776081
-3.75241872178329
-4.657661869435928
-5.701405527354001
-6.7590610192983265
-4.407351872131726
-3.280998176395724
-2.1207994111063266
-5.364149813455568
-5.63993014451303
-3.2624617863199847
-5.467241049554917
-3.1163084076862373
-2.1046437110659486
-3.9245994196246854
-3.396079992631738
-4.093862222700238
-4.7516156771037235
-5.844739629021465
-6.1417855836279385
-6.497380347467573
-6.691434489268821
-6.863782342046543
-4.463178577629075
-0.4439112964348544
-6.517760929396333
-4.4918018756968685
-6.5466116454512004
-2.7257967710463373
-5.457111989318786
-6.863782342046543
-6.3456054489513445
-5.168954018998234
-4.615061110785373
-6.170582262982833
-5.360739522906123
-4.125239751857472
-5.56446497765122
-6.849200922872175
-2.8720364817663864
-3.7882596828772117
-3.7921294506195733
-6.860161083343389
-6.505253396107525
-2.8509888295419215
-6.849200922872175
-6.613432111762775
-4.940255225903615
-5.001215602781603
-6.838027214977874
-6.916993410657421
-4.385343667429206
-4.623124805056059
-6.82706705450666
-6.849200922872175
-3.325635501167116
-5.878625301726748
-6.3690802126635795
-6.879239834530178
-6.860161083343389
-6.860161083343389
-4.379579828625026
-6.916993410657421
-5.356979642810266
-5.152105447891335
-6.849200922872175
-6.777573628960688
-6.819162011214172
-4.2598903302979245
-3.2587603849781033
-6.879239834530178
-5.639971367388265
-6.547262566170587
-6.043034475376818
-6.879239834530178
-4.136968372074373
-6.916993410657421
-3.6878747568032
-6.916993410657421
-5.269221581871967
-6.838027214977874
-6.958619712775404
-6.971002590699165
-4.147452986093174
-4.817665868607008
-6.537203911939946
-6.364492038329306
-6.186656362925623
-6.838027214977874
-6.971002590699165
-4.890843832044711
-6.971002590699165
-5.780203531537868
-6.7590610192983265
-3.336183508195173
-6.9723418849964425
-6.971002590699165
-6.066893737215808
-5.550343528895096
-6.148458786278855
-3.386324689589095
-6.97976420991977
-6.97976420991977
-4.397422688653533
-6.847778205419629
-6.9723418849964425
-6.958619712775404
-6.518948163957486
-6.587102867370797
-6.574719989447036
-6.97976420991977
-6.958619712775404
-6.97976420991977
-6.479839503186474
-5.637941503125644
-6.95499845407225
-3.8122480446968696
-6.97976420991977
-5.519149163688116
-6.216213164197676
-6.066893737215808
-6.479839503186472
-6.93023269822473
-3.267620158516193
-6.389892197192889
-5.848358234951179
-6.9723418849964425
-3.2550161402458824
-6.459555079764782
-4.082910397359926
-5.9799147964531745
-6.9723418849964425
-4.496866256722181
-3.263178756447505
-6.97976420991977
-6.97976420991977
-6.95499845407225
-6.455073747338954
-6.97976420991977
-6.455073747338952
-6.9723418849964425
-6.95499845407225
-6.95499845407225
-5.456121205233363
-6.979764172402843
-6.971002590699165
-6.971002590699165
-3.260772427822811
-6.97976420991977
-6.97976420991977
-3.3855299885851147
-6.97976420991977
-6.97976420991977
-6.97976420991977
-6.130587647675501
-6.97976420991977
-6.97976420991977
-6.97976420991977
-6.97976420991977
-3.2322279032214523
-2.93100815707458
-3.189880571758324
-6.398467797186898
-6.880529826653518
-6.479839503186474
-3.404348624838287
-6.971002590699165
-6.97976420991977
-6.95499845407225
-3.6680224761200595
-6.97976420991977
-6.97976420991977
-6.890149416541243
-5.203539903335336
-4.890601036364798
-6.95499845407225
-6.95499845407225
-5.780203531537869
-6.672629491055213
-6.937655023148058
-2.789401641945065
-6.97976420991977
-6.95499845407225
-6.582596909869407
-6.183035104222469
-6.720325880576016
-5.80611358537894
-3.0637632429371147
-4.928591836541029
