-1.0878696602775406
-0.24999999999999994
-0.24105842977510886
-0.05676158016439381
-0.24999999999999994
-2.7755575615628914e-17
-0.22883534852238163
-2.7755575615628914e-17
2.7755575615628914e-17
-2.7755575615628914e-17
-0.5784271608473307
-0.05676158016439381
-0.24999999999999994
8.326672684688674e-17
-0.05676158016439381
-0.22883534852238163
-0.24999999999999994
-0.5784271608473307
-0.24999999999999994
0.0
-0.5784271608473307
-0.22883534852238163
-0.05676158016439381
-0.05676158016439381
-0.05676158016439381
-0.05676158016439381
-0.06898466141712103
-0.22883534852238163
-1.0878696602775406
-0.05676158016439381
0.10308910694086679
-1.0878696602775406
-0.05676158016439381
-0.05676158016439381
4.163336342344337e-17
-0.5784271608473309
-1.0878696602775406
-0.5784271608473309
-0.05676158016439381
-0.05676158016439381
-0.05676158016439381
-0.5784271608473309
-0.5784271608473307
-0.05676158016439381
4.163336342344337e-17
-0.06898466141712079
-1.0878696602775406
-0.5784271608473309
-0.24999999999999994
-0.25
-0.22883534852238163
-1.0878696602775406
-0.05676158016439381
-0.06898466141712112
-0.5784271608473307
-5.551115123125782e-17
-0.06898466141712103
-0.06898466141712103
2.7755575615628914e-17
-0.05676158016439381
0.0
-0.22883534852238163
-0.06898466141712079
-0.05676158016439381
0.10308910694086679
-1.0878696602775406
8.326672684688674e-17
-1.3877787807814457e-17
-0.5784271608473307
-0.05676158016439381
-0.5784271608473307
4.163336342344337e-17
-0.22883534852238163
-2.7755575615628914e-17
-0.5784271608473309
-0.24105842977510886
-4.163336342344337e-17
-0.05676158016439381
-0.06898466141712079
-0.5784271608473309
-0.5784271608473307
-0.5784271608473307
-0.05676158016439381
-0.05676158016439381
-0.24999999999999994
-0.22883534852238163
0.0
-0.05676158016439381
-5.551115123125783e-17
-0.22883534852238163
-0.05676158016439381
-0.2499999999999999
-0.05676158016439381
-0.05676158016439381
-0.22883534852238163
-0.24105842977510886
-0.24105842977510886
-0.24999999999999994
4.686749320818305e-34
-1.0878696602775406
-0.22883534852238163
8.326672684688674e-17
-0.24999999999999994
-0.05676158016439381
-0.05676158016439381
-0.05676158016439381
2.7755575615628914e-17
-0.5784271608473307
-0.05676158016439381
-0.05676158016439381
-0.05676158016439381
-0.05676158016439381
-0.05676158016439381
-0.05676158016439381
-0.24105842977510886
-0.24999999999999994
-0.06898466141712079
-0.24999999999999994
0.0
-0.5784271608473307
-0.5784271608473309
-0.5784271608473307
-0.06898466141712112
-0.24999999999999994
-0.05676158016439381
-0.05676158016439381
-0.05676158016439381
0.0
-0.05676158016439381
-0.5784271608473309
-0.06898466141712112
-0.06898466141712079
-0.24105842977510886
5.551115123125783e-17
-0.05676158016439381
5.551115123125783e-17
-0.06898466141712103
-0.05676158016439381
0.10308910694086679
-0.22883534852238163
-0.05676158016439381
-0.05676158016439381
-0.05676158016439381
-0.5784271608473309
-0.05676158016439381
-0.05676158016439381
-0.05676158016439381
-0.05676158016439381
-0.05676158016439381
-0.22883534852238163
-0.05676158016439381
-0.24999999999999994
-0.5784271608473309
-0.25
-0.05676158016439381
-0.05676158016439381
-0.05676158016439381
-0.25
-0.05676158016439381
8.326672684688674e-17
-0.05676158016439381
-0.24999999999999994
-0.5784271608473309
-0.5784271608473309
-0.22883534852238163
-0.05676158016439381
5.551115123125783e-17
-0.05676158016439381
-0.22883534852238163
0.10308910694086679
-0.05676158016439381
-0.22883534852238163
-1.1102230246251565e-16
-0.5784271608473309
-0.5784271608473307
-5.551115123125783e-17
0.0
-1.0878696602775406
-0.05676158016439381
-0.22883534852238163
-0.22883534852238163
-0.05676158016439381
-0.5784271608473307
-0.05676158016439381
-0.05676158016439381
-0.5784271608473309
-0.05676158016439381
-0.05676158016439381
-0.05676158016439381
7.703719777548945e-33
-0.5784271608473309
0.0
-0.05676158016439381
-0.05676158016439381
-0.5784271608473309
5.551115123125783e-17
-0.05676158016439381
2.7755575615628914e-17
-0.5784271608473309
-0.05676158016439381
4.686749320818305e-34
1.3877787807814457e-17
-0.06898466141712079
-0.5784271608473309
2.7755575615628914e-17
-0.05676158016439381
-0.5784271608473307
-0.5784271608473309
-5.551115123125783e-17
-1.0878696602775406
-0.05676158016439381
-0.22883534852238163
3.8518598887744724e-33
0.0
-0.05676158016439381
-0.5784271608473307
-2.7755575615628914e-17
-0.5784271608473307
-0.5784271608473309
-0.05676158016439381
-0.05676158016439381
-0.05676158016439381
-0.05676158016439381
-0.06898466141712112
-0.24999999999999994
-0.24999999999999994
0.0
-0.24105842977510886
-0.22883534852238163
-0.05676158016439381
-0.05676158016439381
-0.22883534852238163
-0.5784271608473307
-0.25
-0.5784271608473309
-0.05676158016439381
-0.05676158016439381
8.326672684688674e-17
-0.05676158016439381
-0.24999999999999994
5.551115123125783e-17
-0.25
-0.06898466141712112
-0.22883534852238163
-0.05676158016439381
-0.5784271608473309
-0.06898466141712112
-1.3877787807814457e-17
-0.05676158016439381
-0.05676158016439381
-0.5784271608473307
-1.0878696602775406
-0.5784271608473309
-0.5784271608473309
-1.0878696602775406
-0.5784271608473307
-1.0878696602775406
-0.5784271608473307
-0.22883534852238163
-0.5784271608473307
-0.5784271608473307
-1.0878696602775406
-0.06898466141712079
-5.551115123125783e-17
-0.22883534852238163
-1.0878696602775406
-0.06898466141712112
-0.05676158016439381
-1.0878696602775406
-1.0878696602775406
-0.5784271608473309
-1.0878696602775406
-1.0878696602775406
-1.0878696602775406
-1.0878696602775406
-0.5784271608473309
-1.0878696602775406
8.326672684688674e-17
-0.5784271608473307
-0.5784271608473307
-0.05676158016439381
-1.0878696602775406
-0.5784271608473307
-1.0878696602775406
-0.5784271608473307
-1.0878696602775406
-1.0878696602775406
-1.0878696602775406
-1.0878696602775406
-1.0878696602775406
-1.0878696602775406
-1.0878696602775406
-1.0878696602775406
-1.0878696602775406
-0.5784271608473309
-0.5784271608473309
-1.0878696602775406
-1.0878696602775406
-0.5784271608473307
-1.0878696602775406
-0.06898466141712079
-0.5784271608473309
-0.25
-0.06898466141712112
-1.0878696602775406
-0.06898466141712079
-1.0878696602775406
-0.5784271608473309
-0.22883534852238163
-0.06898466141712103
-0.05676158016439381
-0.5784271608473309
-1.0878696602775406
-0.5784271608473309
-1.0878696602775406
-1.0878696602775406
0.10308910694086679
-0.5784271608473307
-0.06898466141712079
-0.5784271608473307
-0.5784271608473307
0.0
-1.0878696602775406
-0.5784271608473307
-1.0878696602775406
-1.0878696602775406
-0.5784271608473307
-0.25
-0.5784271608473307
-0.06898466141712079
-1.0878696602775406
2.7755575615628914e-17
-0.5784271608473307
-0.5784271608473309
-1.3877787807814457e-17
-0.5784271608473307
-0.24999999999999994
-1.0878696602775406
-0.05676158016439381
-1.0878696602775406
-1.0878696602775406
-1.0878696602775406
-1.0878696602775406
-0.5784271608473307
-1.0878696602775406
-0.5784271608473309
-1.0878696602775406
-1.0878696602775406
-0.05676158016439381
-0.05676158016439381
-0.5784271608473307
-1.0878696602775406
-0.5784271608473309
-0.5784271608473307
-0.24999999999999994
-0.5784271608473307
-0.5784271608473307
-1.0878696602775406
-0.05676158016439381
-0.05676158016439381
-0.5784271608473309
-0.5784271608473309
3.8518598887744724e-33
-0.5784271608473307
-0.24999999999999994
-1.0878696602775406
-0.06898466141712079
-0.5784271608473309
-0.05676158016439381
-0.5784271608473309
0.0
-1.0878696602775406
-1.0878696602775406
-0.5784271608473309
-0.5784271608473309
-0.06898466141712112
-1.0878696602775406
-0.5784271608473309
-0.5784271608473309
-0.5784271608473307
-1.0878696602775406
-1.0878696602775406
-1.0878696602775406
-1.0878696602775406
-1.0878696602775406
-0.5784271608473307
-0.5784271608473307
-1.0878696602775406
-1.0878696602775406
-0.5784271608473309
-1.0878696602775406
-0.5784271608473307
-1.0878696602775406
-1.0878696602775406
-9.71445146547012e-17
-0.5784271608473307
0.0
-1.0878696602775406
-0.06898466141712079
-1.0878696602775406
-1.0878696602775406
-1.0878696602775406
-0.5784271608473307
-1.0878696602775406
-1.0878696602775406
-0.22883534852238163
-0.05676158016439381
-1.0878696602775406
-1.0878696602775406
-1.0878696602775406
-0.24999999999999994
-0.5784271608473307
-0.05676158016439381
-1.0878696602775406
-1.0878696602775406
-0.5784271608473307
-1.0878696602775406
-0.5784271608473307
-0.5784271608473307
-0.05676158016439381
-0.5784271608473309
-1.0878696602775406
-1.0878696602775406
-0.5784271608473307
-1.0878696602775406
-1.0878696602775406
-1.0878696602775406
-1.0878696602775406
-1.0878696602775406
-1.0878696602775406
-1.0878696602775406
-1.0878696602775406
-1.0878696602775406
-0.5784271608473309
-0.25
-0.5784271608473307
-0.5784271608473307
-0.5784271608473307
-1.0878696602775406
-1.0878696602775406
-1.0878696602775406
-1.0878696602775406
-1.0878696602775406
-1.0878696602775406
-1.0878696602775406
-0.06898466141712079
-0.5784271608473307
-1.0878696602775406
-0.05676158016439381
-0.5784271608473307
-0.24999999999999994
-0.5784271608473307
-1.0878696602775406
-0.06898466141712079
-0.05676158016439381
-0.06898466141712079
-1.0878696602775406
-0.5784271608473307
-0.5784271608473307
-1.0878696602775406
-0.06898466141712112
-0.5784271608473307
-1.0878696602775406
-1.0878696602775406
-1.0878696602775406
-1.0878696602775406
-1.0878696602775406
-0.05676158016439381
-1.0878696602775406
-1.0878696602775406
-1.0878696602775406
-1.0878696602775406
-1.0878696602775406
-0.06898466141712079
-0.5784271608473307
-1.0878696602775406
-0.05676158016439381
-0.5784271608473307
-1.0878696602775406
-1.0878696602775406
-1.0878696602775406
-1.0878696602775406
-1.0878696602775406
-1.0878696602775406
-1.0878696602775406
-1.0878696602775406
-1.0878696602775406
-1.0878696602775406
-0.5784271608473307
-1.0878696602775406
-1.0878696602775406
-1.0878696602775406
-1.0878696602775406
-1.0878696602775406
-1.0878696602775406
-0.5784271608473307
-0.5784271608473307
0.0
-1.0878696602775406
-0.5784271608473307
