-1.1157165199485695
-0.36756574915824436
-0.3564299543544541
-0.741641134553407
-0.36756574915824447
-0.741641134553407
0.0
-0.3452941595506639
-0.25
-0.7416411345534069
-0.741641134553407
-5.551115123125783e-17
0.0
-0.2499999999999999
-0.36756574915824447
-0.5385335660270102
-0.7416411345534069
-0.3564299543544541
-0.5385335660270102
2.4074124304840438e-33
-0.3564299543544541
-0.741641134553407
-0.3564299543544541
2.343374660409154e-33
-0.3564299543544541
-0.3564299543544541
-0.741641134553407
-0.7416411345534069
-0.3564299543544541
-0.5385335660270102
-0.36756574915824425
-0.36756574915824436
-0.3564299543544541
-0.25
-0.741641134553407
-0.3564299543544541
9.62964972193618e-33
-0.3564299543544541
-0.36756574915824425
-0.5385335660270102
-5.551115123125783e-17
-0.3564299543544541
-0.7416411345534069
-0.3564299543544541
-0.3564299543544541
-0.3564299543544541
-0.3564299543544541
-0.7416411345534069
-0.17432634268189806
-0.5385335660270102
-0.741641134553407
-1.1157165199485695
-0.36756574915824425
-0.5385335660270102
-0.741641134553407
-0.3564299543544541
-0.17432634268189806
-0.3564299543544541
-0.741641134553407
-0.3564299543544541
-0.3564299543544541
-0.3564299543544541
0.0
-0.17432634268189806
-0.17432634268189806
-0.3564299543544541
4.686749320818303e-34
-0.36756574915824436
-0.3564299543544541
-0.3564299543544541
-0.3564299543544541
-0.3564299543544541
5.551115123125783e-17
-0.24999999999999994
-0.3564299543544541
-0.741641134553407
-0.3564299543544541
-0.7416411345534069
-0.3564299543544541
-0.741641134553407
-0.36756574915824425
-0.52739777122322
-0.7416411345534069
-0.3564299543544541
-0.3564299543544541
-0.7416411345534069
-0.3564299543544541
-0.3564299543544541
-0.3564299543544541
-0.3564299543544541
-0.36756574915824436
-0.3564299543544541
-0.3564299543544541
-0.24999999999999994
-0.741641134553407
-0.36756574915824436
-0.3564299543544541
-0.3564299543544541
-0.7416411345534069
-0.17432634268189806
-0.5385335660270102
-0.3564299543544541
1.5407439555097883e-33
-0.3564299543544541
-0.7416411345534069
5.551115123125783e-17
-0.3564299543544541
-0.3564299543544541
-0.3564299543544541
-0.52739777122322
-0.741641134553407
-0.7416411345534069
-0.36756574915824447
-0.3564299543544541
2.7755575615628914e-17
-0.36756574915824425
-0.3452941595506639
-0.7416411345534069
-0.1854621374856883
-0.3564299543544541
-0.741641134553407
-0.3564299543544541
-0.3564299543544541
-0.3452941595506639
-0.3564299543544541
-0.3564299543544541
-0.3564299543544541
-0.3564299543544541
-0.17432634268189806
-0.3564299543544541
-0.3564299543544541
-0.36756574915824447
-0.3564299543544541
5.551115123125784e-17
-0.5385335660270102
-0.3564299543544541
-0.1854621374856883
-0.3564299543544541
-0.3564299543544541
8.326672684688674e-17
-0.741641134553407
-0.5385335660270102
-0.3452941595506639
-0.24999999999999994
-0.25
-0.17432634268189806
-0.36756574915824436
3.0814879110195774e-33
-0.3564299543544541
-0.3564299543544541
-0.3564299543544541
-0.1854621374856883
-0.3564299543544541
-0.5385335660270102
-0.24999999999999994
-0.52739777122322
-0.3564299543544541
5.551115123125783e-17
-0.5385335660270102
-0.3564299543544541
5.551115123125784e-17
-0.36756574915824436
-0.3564299543544541
-0.7416411345534069
-0.17432634268189806
-0.3564299543544541
-0.3564299543544541
-0.3564299543544541
-0.5385335660270102
-0.3564299543544541
0.0
5.551115123125783e-17
-0.5496693608308004
-0.36756574915824436
-0.3564299543544541
-0.3564299543544541
-0.3564299543544541
-0.3564299543544541
-0.36756574915824425
-0.36756574915824436
-2.775557561562891e-17
-0.36756574915824436
-0.3564299543544541
-0.7416411345534069
-0.3564299543544541
-0.3564299543544541
-0.5385335660270102
-0.3564299543544541
-0.3564299543544541
-0.741641134553407
-0.3564299543544541
-0.3564299543544541
-0.17432634268189806
-0.3564299543544541
4.686749320818305e-34
-0.3564299543544541
-0.3564299543544541
-0.3564299543544541
-0.3564299543544541
-0.36756574915824447
-0.3452941595506639
-0.741641134553407
-0.17432634268189806
-0.5385335660270102
-0.36756574915824447
-0.3564299543544541
-0.3564299543544541
-0.5385335660270102
-0.3564299543544541
-0.1854621374856883
-0.3452941595506639
-0.17432634268189806
-0.3564299543544541
-0.3564299543544541
-0.3564299543544541
-0.17432634268189806
-0.36756574915824447
-0.52739777122322
-0.5385335660270102
0.0
-0.3564299543544541
-0.3564299543544541
-0.3564299543544541
-0.3452941595506639
-1.1157165199485695
-0.24999999999999994
-0.3564299543544541
-0.5496693608308004
-0.741641134553407
-0.5496693608308004
-0.5385335660270102
-0.36756574915824447
-0.3452941595506639
-0.741641134553407
-0.5385335660270102
-0.3564299543544541
-0.5385335660270102
0.0
-0.3564299543544541
-0.3564299543544541
-0.3564299543544541
-0.3564299543544541
-0.17432634268189806
-0.3564299543544541
-0.3564299543544541
-0.3564299543544541
-0.3452941595506639
-0.17432634268189806
-0.5496693608308004
-0.5496693608308004
-0.5385335660270102
-1.1157165199485695
-0.7416411345534069
-0.7416411345534069
-0.741641134553407
-0.7416411345534069
-0.741641134553407
-0.36756574915824425
-0.7416411345534069
-0.7416411345534069
-0.7416411345534069
-0.7416411345534069
-0.3564299543544541
-0.5385335660270102
-0.3564299543544541
-1.1157165199485695
-0.3564299543544541
-0.741641134553407
-0.7416411345534069
-0.7416411345534069
-0.36756574915824425
-0.36756574915824425
-1.1157165199485695
-1.1157165199485695
-1.1157165199485695
-1.1157165199485695
-0.3564299543544541
-1.1157165199485695
-0.7416411345534069
-0.7416411345534069
-0.7416411345534069
-0.7416411345534069
-1.1157165199485695
-1.1157165199485695
-1.1157165199485695
-1.1157165199485695
-1.1157165199485695
-1.1157165199485695
-1.1157165199485695
-0.7416411345534069
-1.1157165199485695
-1.1157165199485695
-1.1157165199485695
-0.3564299543544541
-1.1157165199485695
-1.1157165199485695
-0.7416411345534069
-1.1157165199485695
-0.3564299543544541
-1.1157165199485695
-1.1157165199485695
-1.1157165199485695
-0.3564299543544541
-1.1157165199485695
-1.1157165199485695
-1.1157165199485695
-0.5385335660270102
-1.1157165199485695
-1.1157165199485695
-1.1157165199485695
-1.1157165199485695
-0.7416411345534069
-1.1157165199485695
-0.7416411345534069
-0.3564299543544541
-0.7416411345534069
-0.7416411345534069
-1.1157165199485695
-1.1157165199485695
-1.1157165199485695
-1.1157165199485695
-1.1157165199485695
-1.1157165199485695
-1.1157165199485695
-0.7416411345534069
-0.7416411345534069
-0.3564299543544541
-0.3564299543544541
-0.36756574915824425
-1.1157165199485695
-0.7416411345534069
-0.7416411345534069
-0.741641134553407
-0.36756574915824425
-1.1157165199485695
-1.1157165199485695
-1.1157165199485695
-1.1157165199485695
-1.1157165199485695
-1.1157165199485695
-0.36756574915824425
-0.3564299543544541
-1.1157165199485695
-1.1157165199485695
-0.7416411345534069
-1.1157165199485695
-0.25
-0.7416411345534069
-1.1157165199485695
-1.1157165199485695
-0.36756574915824447
-1.1157165199485695
-0.3564299543544541
-1.1157165199485695
-1.1157165199485695
-1.1157165199485695
-1.1157165199485695
-1.1157165199485695
-1.1157165199485695
-1.1157165199485695
-1.1157165199485695
-1.1157165199485695
-1.1157165199485695
-1.1157165199485695
-1.1157165199485695
-1.1157165199485695
-0.7416411345534069
-1.1157165199485695
-1.1157165199485695
-0.7416411345534069
-1.1157165199485695
-0.7416411345534069
-0.36756574915824425
-1.1157165199485695
-0.7416411345534069
-1.1157165199485695
-1.1157165199485695
-1.1157165199485695
1.5407439555097883e-33
-1.1157165199485695
-1.1157165199485695
-1.1157165199485695
-1.1157165199485695
-1.1157165199485695
-1.1157165199485695
-1.1157165199485695
-1.1157165199485695
-1.1157165199485695
-0.7416411345534069
-1.1157165199485695
-0.741641134553407
-1.1157165199485695
-0.7416411345534069
-1.1157165199485695
-5.551115123125783e-17
-1.1157165199485695
-0.7416411345534069
-1.1157165199485695
-1.1157165199485695
-1.1157165199485695
-1.1157165199485695
-1.1157165199485695
-1.1157165199485695
-1.1157165199485695
-0.3564299543544541
-0.3564299543544541
-1.1157165199485695
-1.1157165199485695
-1.1157165199485695
-0.36756574915824425
-1.1157165199485695
-1.1157165199485695
6.938893903907228e-17
-1.1157165199485695
-1.1157165199485695
-1.1157165199485695
-1.1157165199485695
-0.7416411345534069
-1.1157165199485695
-1.1157165199485695
-1.1157165199485695
-1.1157165199485695
-0.3564299543544541
-1.1157165199485695
-1.1157165199485695
-0.7416411345534069
-1.1157165199485695
-1.1157165199485695
-1.1157165199485695
-1.1157165199485695
-0.3564299543544541
-1.1157165199485695
-2.775557561562891e-17
-1.1157165199485695
-1.1157165199485695
-1.1157165199485695
-1.1157165199485695
-1.1157165199485695
-0.7416411345534069
-0.36756574915824447
-1.1157165199485695
-0.7416411345534069
-1.1157165199485695
-1.1157165199485695
-0.3564299543544541
-1.1157165199485695
-1.1157165199485695
-1.1157165199485695
-0.7416411345534069
-1.1157165199485695
-1.1157165199485695
-1.1157165199485695
-1.1157165199485695
-0.7416411345534069
-1.1157165199485695
-1.1157165199485695
-1.1157165199485695
-1.1157165199485695
-1.1157165199485695
-1.1157165199485695
-1.1157165199485695
-1.1157165199485695
-1.1157165199485695
-1.1157165199485695
-1.1157165199485695
-5.551115123125783e-17
-1.1157165199485695
-0.3564299543544541
-1.1157165199485695
7.703719777548945e-33
-1.1157165199485695
-1.1157165199485695
-1.1157165199485695
-1.1157165199485695
-1.1157165199485695
-1.1157165199485695
-1.1157165199485695
-1.1157165199485695
-1.1157165199485695
-1.1157165199485695
-1.1157165199485695
-1.1157165199485695
-1.1157165199485695
-1.1157165199485695
-0.7416411345534069
-1.1157165199485695
-1.1157165199485695
-1.1157165199485695
-0.7416411345534069
-1.1157165199485695
-1.1157165199485695
-1.1157165199485695
-1.1157165199485695
-1.1157165199485695
-1.1157165199485695
-1.1157165199485695
-1.1157165199485695
-1.1157165199485695
-1.1157165199485695
-1.1157165199485695
