0.0009765625
-3.3881317890172006e-21
-8.470329472543003e-21
-1.0587911840678754e-21
5.0821976835258035e-21
-5.0821976835258035e-21
1.4823076576950256e-21
8.470329472543003e-22
1.1858461261560205e-20
-3.3881317890172014e-21
3.388131789017199e-21
1.1858461261560206e-20
-9.317362419797304e-21
-6.988021814847978e-21
-8.470329472543003e-22
-1.8211208365967457e-20
2.7105054312137608e-20
-2.964615315390051e-20
9.317362419797304e-21
-3.3881317890171976e-21
-5.929230630780102e-21
1.0164395367051604e-20
2.286988957586611e-20
6.776263578034406e-21
2.5410988417629025e-21
2.371692252312041e-20
8.470329472543003e-22
-7.411538288475128e-21
4.235164736271502e-21
-2.625802136488331e-20
-3.5998900258307764e-21
-4.658681209898652e-21
2.541098841762902e-21
-8.470329472543003e-21
2.541098841762902e-21
-2.0328790734103208e-20
-2.541098841762901e-21
1.694065894508601e-21
2.0328790734103208e-20
1.2705494208814505e-21
2.541098841762901e-21
-1.1858461261560205e-20
-1.9481757786848908e-20
8.470329472543003e-21
-2.795208725939191e-20
2.541098841762901e-21
-6.776263578034402e-21
-2.4775713707188285e-20
-4.2351647362715017e-20
-3.049318610115481e-20
3.3881317890172014e-21
5.293955920339377e-21
-1.1011428314305904e-19
6.776263578034403e-21
0.0
5.929230630780102e-21
-2.202285662861181e-20
2.1175823681357513e-22
-8.258571235729428e-21
-3.3881317890172014e-21
2.7105054312137608e-20
0.0
-3.3881317890172014e-21
1.1434944787933055e-20
5.929230630780105e-21
-2.710505431213761e-20
2.879912020664621e-20
-2.541098841762901e-21
2.117582368135751e-22
5.082197683525802e-21
-1.6093625997831706e-20
1.9058241313221758e-21
-8.470329472543003e-20
-9.317362419797304e-21
-3.5998900258307764e-21
6.1409888675936775e-21
6.776263578034403e-21
2.710505431213761e-20
-6.776263578034403e-21
-2.117582368135751e-21
-1.6178329292557136e-19
-2.541098841762901e-21
3.388131789017204e-21
-1.6940658945086007e-21
-4.870439446712227e-21
5.082197683525802e-21
2.541098841762901e-21
3.7269449679189215e-20
-2.5410988417629018e-21
4.404571325722362e-20
-3.176373552203626e-21
5.929230630780102e-21
-3.8116482626443515e-21
7.623296525288703e-21
-6.776263578034403e-21
-2.541098841762901e-21
-1.3552527156068805e-20
6.352747104407253e-22
6.988021814847978e-21
-3.3881317890172014e-21
1.6940658945086007e-20
-5.929230630780102e-21
7.199780051661553e-21
-3.5998900258307764e-21
-2.541098841762901e-21
4.235164736271502e-21
-6.776263578034403e-21
1.1011428314305904e-20
4.235164736271501e-21
-2.541098841762901e-21
3.7269449679189215e-20
-1.503483481376383e-20
1.334076891925523e-20
6.776263578034403e-21
0.0
-4.0657581468206416e-20
-1.079967007749233e-20
-1.0164395367051604e-20
-2.0328790734103208e-20
-2.329340604949326e-21
-8.470329472543003e-22
1.6093625997831706e-20
-1.0164395367051604e-20
-3.3881317890172e-21
-1.5246593050577406e-20
-3.3034284942917713e-20
9.529120656610879e-21
5.293955920339377e-21
-1.3552527156068805e-20
2.964615315390051e-21
-1.9058241313221758e-21
6.564505341220828e-21
-2.752857078576476e-21
1.01643953670516e-20
1.0376153603865179e-20
4.235164736271503e-21
6.776263578034403e-21
8.470329472542994e-22
1.6940658945086018e-21
-1.3552527156068805e-20
3.1763735522036263e-21
-1.3552527156068805e-20
8.470329472543003e-21
-1.4399560103323106e-20
-5.082197683525802e-21
-9.529120656610879e-21
-4.235164736271501e-21
-3.3881317890172014e-21
-6.776263578034392e-21
1.0164395367051604e-20
-2.752857078576476e-21
8.893845946170154e-21
-7.199780051661553e-21
2.0328790734103208e-20
-2.286988957586611e-20
5.505714157152952e-21
-6.352747104407253e-22
1.9481757786848908e-20
7.623296525288703e-21
3.6422416731934915e-20
-6.564505341220828e-21
-3.3881317890172014e-21
-1.8465318250143747e-19
-1.0164395367051604e-20
-1.0164395367051604e-20
8.470329472543003e-21
6.776263578034403e-21
-7.623296525288703e-21
6.606856988583543e-20
-1.6940658945086007e-21
-4.828087799349512e-20
-1.7787691892340307e-20
-1.4907779871675686e-19
-5.717472393966527e-21
-2.625802136488331e-20
1.8634724839594607e-20
-4.235164736271502e-21
7.623296525288703e-21
-3.3881317890172014e-21
-0.2951722200053597
-5.082197683525802e-20
1.694065894508601e-20
3.7269449679189215e-20
-1.2705494208814505e-20
3.6440324875490917e-37
-1.207021949837378e-20
2.117582368135751e-21
-1.0587911840678754e-21
-1.0164395367051604e-20
-4.2351647362715024e-21
-9.317362419797304e-21
8.470329472543003e-22
-1.0164395367051604e-20
5.929230630780102e-21
-5.505714157152952e-20
5.717472393966527e-21
-8.470329472543003e-21
1.6940658945086005e-21
-5.082197683525802e-20
-1.6940658945086007e-21
4.0234064994579266e-21
1.5246593050577406e-20
1.5246593050577406e-20
-1.6940658945086007e-21
-1.0164395367051604e-20
-1.3552527156068805e-20
-2.541098841762901e-21
-5.082197683525802e-21
-6.098637220230962e-20
-3.3881317890172014e-21
3.218725199566341e-20
2.117582368135751e-22
-8.470329472543005e-22
-6.564505341220828e-21
-5.929230630780102e-21
-1.9058241313221758e-21
-2.795208725939191e-20
-1.6940658945086007e-20
-1.249373597200093e-20
3.3881317890172014e-21
9.317362419797304e-21
-2.541098841762901e-21
-0.3695085651439127
-2.3293406049493244e-21
-1.6940658945086007e-20
-1.1434944787933055e-20
-1.0164395367051604e-20
-9.317362419797302e-21
-6.776263578034403e-21
-1.6940658945086007e-19
1.9058241313221754e-21
-5.082197683525804e-21
-2.0328790734103208e-20
-5.082197683525803e-21
1.7787691892340307e-20
4.235164736271501e-22
1.6093625997831706e-20
1.1434944787933055e-20
-1.6940658945085995e-21
8.470329472543032e-22
9.317362419797304e-21
-8.470329472543003e-21
8.470329472543007e-22
-1.207021949837378e-20
2.541098841762901e-21
5.929230630780102e-21
1.3552527156068805e-20
-6.3527471044072525e-21
-3.8116482626443515e-21
-1.6940658945086007e-20
-5.082197683525802e-21
-7.199780051661553e-21
2.541098841762901e-21
-1.9481757786848908e-20
6.437450399132683e-20
-5.929230630780102e-21
-2.0117032497289633e-20
-2.329340604949326e-21
1.1858461261560205e-20
1.8846483076408183e-20
-0.39622365357401357
-0.38262246262988775
-6.1409888675936775e-21
-1.8634724839594607e-20
-1.7787691892340307e-20
-0.4250996907470874
-0.14120282125560113
1.0164395367051604e-20
-2.329340604949326e-21
-0.31278686685898993
-1.8211208365967457e-20
3.8116482626443515e-21
-1.4399560103323106e-20
-1.6940658945086004e-20
-0.3207407426585096
-0.058721179440559546
-0.4449914760594167
-6.776263578034404e-21
3.049318610115481e-20
2.752857078576476e-21
-0.19350029500279575
-6.776263578034403e-21
-0.38262246262988775
-0.4250996907470874
-3.3881317890171995e-21
-0.40280585179100736
-1.0164395367051607e-20
-2.752857078576476e-21
-1.1011428314305904e-20
1.1011428314305904e-20
-0.3207407426585096
-0.04089638537941109
-1.6093625997831706e-20
7.623296525288703e-21
1.6940658945086003e-21
1.1858461261560205e-20
-0.28664059740946435
-0.7320079644402888
6.776263578034403e-21
-2.541098841762901e-21
-0.7320079644402888
4.235164736271502e-21
-0.7487544525685159
-2.117582368135751e-22
-0.7803353244846383
-0.06969205751704433
6.776263578034404e-21
6.352747104407253e-22
-0.7054668075196391
-0.507955744916468
-0.7395371713176644
-5.082197683525802e-21
1.5246593050577406e-20
-0.7468178993979473
-3.3881317890172002e-21
-0.7215893139229328
1.3552527156068801e-20
1.6940658945086003e-21
-0.7482174489897284
3.8963515573697816e-20
-0.7245072480022596
-1.35525271560688e-20
-0.8332905555938925
4.235164736271502e-22
-0.238027322094978
-3.813732825178543e-37
-0.6705958830892822
-5.4210108624275216e-20
-1.9058241313221758e-21
-8.470329472543003e-21
-1.4264230860019111
1.7152417181899582e-20
-1.6940658945086007e-20
8.470329472543003e-21
2.371692252312041e-20
-0.4638592164847415
-1.1468854887047906
-1.220106976517898
-0.7639097510081188
1.0164395367051604e-20
8.470329472543003e-21
-1.2771461030750948e-36
-1.220106976517898
2.5410988417629003e-21
1.3552527156068805e-19
5.082197683525802e-21
-4.870439446712227e-21
-1.5246593050577406e-20
7.623296525288703e-21
-2.0170897184852617e-36
-0.7923166228362568
-2.5410988417629006e-21
-0.24969306958844317
-2.7105054312137605e-20
-1.3854863167160358
-0.7761686625062705
0.0
-1.2335855397564561
-8.470329472543003e-22
-1.0842021724855044e-19
-0.11289945623176312
-4.0657581468206416e-20
-0.6199981783978874
-1.3854863167160358
-4.0657581468206416e-20
-4.0657581468206416e-20
-1.2291342330888044
-0.4568586100522962
-0.770281173352851
-0.7259030455626148
-1.0373266626981739
-6.776263578034403e-20
-4.235164736271502e-21
-0.6224253959677961
-0.0014405583287695478
-0.26394260673271575
-0.24161395195543633
2.541098841762901e-21
-0.4428746500962051
-0.42889069014011305
-0.4638592164847415
-0.7625175780109839
3.3881317890172014e-20
-1.0393697073324528
-0.30658600969421457
-1.4264230860019111
-0.19045367032687377
-0.8361994246476963
2.879912020664621e-20
-1.4264230860019111
-3.3881317890172006e-21
-3.1763735522036263e-21
-0.8114253285964548
1.355252715606881e-20
-0.17744782418172012
-1.232896396667181
-0.8214709203694719
-2.7105054312137608e-20
-0.9405693792207792
-0.19346919027938725
-1.0489015193048434
-0.5540115901222578
-1.4264230860019111
6.4505252501373e-37
-1.4004853872545278
6.776263578034403e-21
-0.19964481917836352
8.715289800473994e-36
1.6263032587282567e-19
-1.1624162214559686
-1.3854863167160358
-2.329340604949326e-21
-1.0842021724855044e-19
-0.4218900837076687
-1.6940658945086007e-20
-1.0647134175284938
-1.1037752652923079
-0.2066454256108088
-0.48495986399262847
-1.2205899316030626
-1.41345423662822
-6.3527471044072525e-21
-0.4428746500962042
-0.4428746500962051
-0.6634245290672345
-1.441422156540403
8.046812998915853e-21
-4.235164736271502e-22
-0.34199538178136457
-0.6783612357921633
-0.07749973403728827
-0.2803658367451458
-0.25136555334176514
-0.4218900837076687
-0.8238586258781986
-0.7475213289065392
-0.8452008271682754
-0.6815908939278232
-1.4264230860019111
-0.8274301589835256
-1.167406350586278
-1.1775409943787594
-0.9096899169622921
-1.1795391646324003
-0.4638592164847415
-0.9025661178310109
-2.371692252312041e-20
-1.1088905884517164
4.0657581468206416e-20
2.837560373301906e-20
-0.4428746500962051
-1.41345423662822
-0.4428746500962051
2.7105054312137608e-20
-0.17744782418172012
-0.8452008271682754
-0.9427226256235777
-0.8238586258781986
-0.8351747518823336
-0.9373898985740272
-0.8184259350288992
-1.6074885247494782e-36
-0.49055910117484114
-4.0234064994579266e-21
-0.47604114762680094
-1.4004853872545278
-1.2644772685833026
-0.8463938549410832
-1.153553634137526
-0.22718917581218268
-0.4638592164847415
-1.0319237762540991
-1.441422156540403
-1.167406350586278
-1.41345423662822
-5.505714157152952e-21
-1.4264230860019111
-1.3854863167160358
-1.1834962326113443
-0.7390118186827097
-0.4428746500962051
-0.9373898985740272
-0.0014405583287695478
-0.6503933158799793
-1.41345423662822
-0.6783612357921633
-1.41345423662822
1.5246593050577406e-20
-1.4264230860019111
-1.2767911023303578
-0.4428746500962051
-1.41345423662822
-6.7762635780344e-21
-1.4264230860019111
5.421010862427522e-20
-0.8238586258781986
-0.9065791830179801
1.694065894508601e-21
-1.4264230860019111
-0.4638592164847415
