-5.452515010721213
-3.7968322778100325
-3.7037935612016955
-3.7915021389751193
-3.6627675287850305
-3.425656692767954
-3.945602414975292
-3.8956948303052603
-2.664781475093467
-2.3710173992846943
-4.8099790607722035
-3.6667704457363484
-3.5067693829154
-3.189737272382797
-3.824868693771512
-3.354278002464307
-3.6788439048469255
-3.5438544210238927
-4.164879896332556
-4.22518101936153
-3.702333221173595
-3.7047068575474236
-3.6024875539160126
-3.850560250369265
-2.628349906627445
-3.734945401690776
-3.6756105406870745
-3.8518362403606474
-3.723149324094411
-3.725753751724481
-3.8559213821519567
-3.9229239116041352
-3.790875611993958
-3.726397136670286
-3.6904303241999528
-3.966558109296031
-3.8055044272103644
-3.728742851656374
-3.7907516311095857
-3.735897983833455
-2.668244844414325
-3.6745288641327494
-4.198212773656138
-4.221536726741379
-3.9133739084768733
-3.572882052379686
-3.7858884417376846
-3.790223164598493
-3.809032809958355
-3.997041544819147
-3.7353949553132404
-3.9186229072424235
-3.6520143818646775
-4.116081732201664
-2.5998659079466155
-3.798824889475568
-4.11743391287976
-3.908872500107178
-3.736551769940641
-3.8196451293614615
-3.660752578945072
-4.595652759789685
-2.6065575004001094
-3.7405001198635475
-3.7290782179149216
-2.82700459895807
-3.8401222532031776
-4.51462304424399
-4.186284927281637
-3.8520433462506034
-3.819175680643077
-3.3574267670712516
-2.545682305477277
-3.725322565879957
-3.7038898404497234
-3.731685489108061
-3.44188382855864
-3.7789366222803356
-2.662923960173549
-3.7298366774771745
-3.7467751963386178
-3.3606334812604457
-4.023254049909578
-3.678979335167951
-3.717753101983491
-4.258591663684452
-3.6952848140146934
-4.104252356423339
-3.6664511805377784
-3.7993664743107933
-3.731673988292768
-3.612284235733383
-3.628233886933899
-3.7608292601345097
-3.803614094120166
-3.7454022718012183
-4.560296942574713
-2.637037210484155
-4.2173846949687395
-3.4396795385395955
-3.765440179872774
-3.7615045778445486
-3.7267962066448947
-2.569983444937128
-3.8452902083095903
-3.7349040840367485
-3.7244621681522996
-4.078149836870473
-3.833320182791861
-4.792960243459022
-3.7314341104049147
-3.7166910821481176
-2.5329995578554976
-3.7268270668824637
-3.75760069310448
-3.966573477964711
-3.798824889475568
-3.2336615303687357
-4.745217205852291
-3.9283698404741036
-3.3155720932156845
-3.85793214621248
-4.168304179018552
-2.4478772242287734
-2.6545529374959544
-3.6517726834617656
-3.520342105868469
-3.5262987643082337
-3.5604297851520164
-4.80322291194123
-2.5247959184210798
-2.650926582338013
-3.5178452507323406
-3.82788153014533
-3.80467712896141
-3.708709481514814
-3.6674899297100176
-2.8032896124380757
-3.830518732550435
-3.750139515292891
-3.7526877177877185
-3.8477805410165455
-4.745669563039332
-3.8807891020668293
-4.1251752966967885
-3.8721970493247215
-2.7490548809956854
-4.087902435234545
-3.8264740262141124
-3.702691602896561
-3.7340630345556565
-3.3481111434913338
-3.231255421191496
-3.6713980822449903
-2.3980724270872
-3.482526225615511
-3.3846490502033793
-3.7484738425696746
-3.7703572718508678
-3.640559878685218
-3.6645230871099677
-3.3396474657378143
-4.782723859276752
-3.7864548267734963
-3.85175367998496
-3.851866405841791
-3.3372588829854863
-2.7174544919586614
-3.63822458020276
-2.4967363638660234
-3.7383080330464056
-3.467122710198781
-3.836693321817581
-2.581836009631931
-4.110888887077809
-3.8760732893181897
-4.158468758477717
-3.7882950711706824
-1.1672841857934184
-3.523430107755471
-3.5061809041671084
-3.6110164641073346
-4.143999778300172
-4.317688935734389
-4.109882086793455
-3.7140084841475236
-3.9039597084663202
-3.769106848407797
-3.703962031185979
-3.7387227396083738
-3.6352863702557983
-3.6912392746364997
-3.8883296659114053
-3.8207658900555814
-3.7553314628448464
-4.113666131703041
-3.5416186053950085
-3.407921539713024
-3.6757345114040745
-3.5274263496849976
-4.213679384966473
-3.611718392625293
-3.983516005806927
-3.864648659612657
-4.012529352759777
-3.5980608934853406
-3.793754354903892
-3.6394072127407546
-3.883156485821013
-3.727711750292839
-3.363761383403133
-3.776621349312052
-3.73162447951919
-2.5200385796853637
-3.6987842285657897
-3.5395686089861482
-3.633601501166151
-4.177924057319249
-2.285091011005922
-2.7368422284780687
-3.570662634305013
-4.034981081010446
-4.140246786802674
-3.833021868576171
-3.7544010909344068
-3.697920294755694
-3.673818691786577
-3.702785578360635
-3.4895153130149983
-3.7369301964046273
-3.4010014837140607
-3.7041400963574844
-3.262148695228634
-3.6611982138553754
-3.5304780617052325
-3.7578069313717273
-3.7414981786081616
-2.635815418653829
-3.8769008481505227
-3.665420382886855
-4.818096919419654
-3.747090532167978
-3.8447765183398412
-3.353602971693924
-3.924323213823263
-3.6225533150643674
-4.411058243583568
-3.87660308338886
-4.2149099979498965
-3.8131832217508306
-3.4914161372760524
-4.928569943187316
-3.8785427099198473
-2.6449800254176505
-4.7896748087643575
-5.165045610293925
-2.6543047428050373
-5.165045610293925
-4.5209013028980305
-5.336619615262901
-3.556939020104777
-5.263221942712498
-5.452515010721213
-4.812368107035091
-3.4939623789838032
-5.3630295281667735
-4.883282769024589
-3.938887336235708
-5.316697944856622
-4.081844734134081
-4.817775418022514
-4.801905784124698
-2.918070294364168
-3.616965089995829
-3.479682590315159
-4.807037968200179
-4.031869053434546
-3.787441350130965
-4.766809606067582
-2.8855812247795116
-3.545442575520796
-2.701049534826395
-5.336619615262901
-4.271901703203785
-5.4285383499032
-5.452515010721213
-5.452515010721213
-5.452515010721213
-4.752552454395673
-3.8593108457363057
-2.199826843602718
-4.81609792417898
-4.812368107035091
-2.6562567211729258
-5.428591343758761
-5.320695193608864
-5.148176470780235
-2.6850377715864395
-4.243900552536301
-6.283925047222141
-5.399330139260836
-4.816036708370383
-6.71483360181453
-3.7128531044324906
-4.174382872787779
-4.6581472357382845
-5.343947699483296
-5.466679686549236
-4.737719768886493
-2.732294359020532
-4.762531383189026
-5.641802220615337
-4.019460025898151
-6.71483360181453
-6.71483360181453
-6.735612286389532
-4.669575392973142
-5.423877547992687
-6.71483360181453
-6.735612286389532
-5.679882496316127
-3.6426382856155337
-4.805078519122906
-4.982655334245125
-6.3676009893531775
-2.4290832924952217
-3.854700523090655
-3.64197371575584
-4.972779163156613
-6.71483360181453
-2.712008628190442
-6.71483360181453
-6.71483360181453
-6.735070415624881
-4.140034751462236
-4.69810571789986
-6.238217468188598
-5.413933489871977
-6.735070415624881
-5.844194869432835
-4.757870095187654
-5.497249695278663
-6.7415022338758686
-6.701028606255167
-6.035830733389382
-6.721265420065518
-5.878884974627628
-4.615872993634547
-5.75769112282726
-5.874167853530134
-5.427767324637283
-6.552473965971096
-6.735070415624881
-5.669222218646301
-6.618292840442013
-5.7374543090169094
-5.928502576371748
-4.549482208121968
-5.432708716949984
-5.676195907661939
-6.735070415624881
-5.913647239018353
-5.605784469554407
-5.858232874382102
-4.188831538003203
-6.252889922524839
-5.669764089410952
-5.75769112282726
-3.4770891419660828
-6.866677718074136
-5.811406337669525
-6.04226255164037
-5.204983748704628
-6.8769223253920675
-6.851437007509995
-5.679882496316127
-6.861681614827926
-5.184746934894278
-6.32757213842904
-6.861681614827926
-5.878762376619493
-6.866677718074136
-5.492867054221374
-3.962451462640902
-5.868867130308
-6.03491550453257
-6.5823756600686085
-6.45790382438277
-6.102674247199234
-3.618571458245694
-6.600811516905777
-4.790969603952397
-4.174367085887306
-3.834617569634929
-6.175728022169432
-6.4301591517662775
-6.8769223253920675
-6.8769223253920675
-4.792276720185443
-6.866677718074136
-6.866677718074136
-5.205329972455893
-5.619082948210709
-6.60736953556952
-4.50340965615841
-6.861681614827926
-6.8769223253920675
-6.881554191142925
-4.911933021550146
-6.861681614827926
-6.600811516905777
-6.5971249282515885
-6.501627427516951
-6.851801245005349
-6.1070244065602814
-3.875821181765101
-3.8685492491331646
-5.92512983291846
-6.8769223253920675
-6.238217468188599
-6.480342002622546
-6.1485564004771796
-6.8769223253920675
-6.487254045052552
-7.132543919242496
-6.866677718074135
-6.16856615772677
-2.8507372303768266
-3.6349084445007747
-5.517228720364091
-3.734299334474662
-7.132543919242496
-6.7183994530738715
-6.51084021258564
-7.112307105432146
-6.346371237019435
-6.755585601567001
-7.132543919242496
-6.838493137324661
-6.7785994732094395
-4.734575770851282
-3.873741437353907
-3.5944736335047542
-5.974677736272686
-7.223260487388151
-7.112307105432146
-6.102952094669506
-5.736320798547758
-2.8759421320833707
-7.23813696045694
-7.363590492710247
-3.6855049466302554
-6.929362185342859
-5.917467387277065
-6.600811516905777
-6.113196701987437
-5.9749700973158095
-7.223260487388151
-3.4054808369140037
-4.1774625256842075
-7.363590492710247
-6.045044061503896
-6.076474285151502
-6.592000624377446
-7.117431409306288
-6.402753722341909
-7.2226001915701605
-6.431230605825954
-4.789725589568488
-5.869755123924628
-7.363590492710247
-6.701395678554333
-7.132543919242496
-6.901497345774745
-6.983172510587185
-7.246571530213784
-7.363590492710247
-6.939173949250494
-7.363590492710247
-3.8533435457366223
-7.246074850692308
-7.5045807938503355
-6.793685784426848
-6.611373109672784
-6.210309163317835
-3.8531690457110783
-7.3799788075688895
-4.571635068477889
-6.055325983302282
-7.3799788075688895
-4.877104973916458
-4.466024851896269
-5.825127778946465
-5.691483979773757
-4.800957682824613
-4.754491801297787
-6.121631271744282
-6.773137657723182
-7.241029992659499
-7.05797695176156
