0.0009765625
-0.34615427940314714
-0.1918544396255193
1.2705494208814505e-21
-0.1895217541042129
-3.3881317890172014e-21
9.317362419797304e-21
-0.5765983587773569
-0.3413955708392997
3.3881317890172014e-21
-0.06383226276223475
-0.13756897958376957
3.3881317890172002e-21
-0.6458141535741939
-1.7575933655526732e-20
-0.7369868620515669
-0.08746926784009101
-0.5552965695469902
-0.19938600126200434
-5.738648217647885e-20
-0.022769845559973412
-1.6940658945086004e-20
8.470329472543003e-21
-0.15815837746570516
-0.2527066563665894
-0.29599160302001337
-0.22046341390676716
-0.20582540697434748
-0.10591530339821364
3.388131789017201e-21
-0.07346946619964712
0.0
3.049318610115481e-20
-2.541098841762901e-21
1.6940658945086007e-21
-0.2527512853746998
-0.4813931341916229
-4.743384504624082e-20
1.5246593050577406e-20
-0.027871875888651587
-0.09836274590787042
8.4703294725430015e-22
-0.37915157295108326
-0.11928205360591448
-3.3881317890172014e-21
-0.08385739419898108
-0.11612184421993454
-0.048114431634340704
-0.26519310835066356
-0.1524663065698082
-1.2705494208814505e-20
-0.05827632617830503
-0.14432796928516733
-0.10021095249952694
-0.0668197036050211
-0.0660286967963204
-0.1843359331218597
-0.09896874477296347
2.710505431213761e-20
-0.038456948264423474
-0.08509181957685108
-2.541098841762901e-21
-0.4332559562182574
-0.04148565165168261
-0.28714201782879467
-0.1131775107231654
-2.1288515440273028e-36
-0.16277028675660965
-0.12923316659809636
-0.06640667921325338
-8.470329472543003e-21
-0.32719348118286806
-0.23772572267318548
-0.16649950419203474
-0.10508386670860936
-8.893845946170154e-21
-0.1262592784272627
-1.0164395367051604e-20
-0.06825631923880948
1.2705494208814505e-20
-7.623296525288703e-21
-0.11603999016367084
-0.7211555729665626
-0.03839645270076808
-8.470329472543003e-22
-1.1011428314305904e-20
-0.107117374441982
-0.7326580717437778
-0.13265386154889125
-0.054326074282293746
-3.7269449679189215e-20
-0.05819903197311138
-0.10773635910094459
-0.28460922222260265
-0.10316991142237608
2.879912020664621e-20
-0.12097616492815266
-3.7269449679189215e-20
-0.10596333762655252
-2.286988957586611e-20
-0.11878344451689138
-0.09233693499238438
-0.15119724339493157
-0.08472931960128349
-0.11187670346572531
-0.06769957555570016
-0.468168760927246
-0.547752902839985
-0.016166880051261323
2.456395547037471e-20
-0.04133849021967695
-0.12000802191838478
5.082197683525802e-21
-0.08319308959244864
3.8116482626443515e-21
-0.09590390082310662
-0.7183891879799118
-7.623296525288703e-21
-0.05155216176918298
-0.5232612758423016
-0.15927942020449137
-0.09575619721466477
-0.09677428480202188
-0.04415610515484936
-0.14897118953358035
-0.09470342459955283
-0.4079602923974317
-0.14554460341529385
-2.371692252312041e-20
-0.5206813164911841
-0.4495241101010343
-0.09547054739521954
-0.13866497902675778
-0.10411994524344337
-0.14327868485438255
-0.04690331724050267
-0.11401448500600164
3.134021904840911e-20
2.202285662861181e-20
-0.16337841890305516
-0.1279010165363328
9.317362419797304e-21
-0.0760986343374892
-0.05274955764191791
2.456395547037471e-20
-0.3240754829628827
-0.22189486435030492
-9.317362419797302e-21
-0.10907561024931667
-0.3890145156687552
-0.0886151926357428
-0.15006633346224252
-0.03586491667354963
-1.0164395367051603e-20
6.7762635780344e-21
-0.03615878893864011
-0.020743871356478927
-0.7357086512847202
-6.776263578034403e-21
-0.15501574751942115
1.1858461261560211e-20
-1.2705494208814513e-21
-0.3566574322715619
-0.0735237767847714
-1.1011428314305904e-20
-0.10109966340074283
1.0164395367051606e-20
-0.058364041296958824
-0.10455394583566502
-0.03295269756548791
-0.43893111206030966
-0.1779512149058755
-2.541098841762903e-21
-0.007212167240204792
-0.1126832423122508
4.0657581468206416e-20
-0.13140529657227606
7.6232965252887e-21
-0.015561173321253285
-2.879912020664621e-20
-0.019419196880421374
-0.09741681191544682
-2.371692252312041e-20
-0.09315912108316216
7.623296525288703e-21
-0.0631704439428642
-5.082197683525802e-21
2.752857078576476e-21
-0.14491436857892204
-0.6239171896786804
-0.07938813588407534
-0.42215784703314085
-0.08793703969863564
1.8634724839594607e-20
-0.11213958166508942
-0.11848749155149729
2.541098841762901e-20
-0.15572415696777941
-0.42990345848284317
-0.348473741058271
-0.018306242743326706
-0.1934192774481902
-0.06254847091710936
-0.08010655087640117
-0.007554762109593938
-0.07756562580092208
-2.964615315390051e-20
-0.2915094827811888
-0.09964117707301234
-0.06989310441311858
-1.0164395367051604e-20
-0.0411145131348416
-0.06608668391959771
-0.018962796242875335
-0.16542303054975882
-0.19693893852259325
-0.25256437190988734
-0.1036494839519424
-0.22460631095512174
-0.02069854714593866
-0.33605454274616253
-0.07191511381857296
-0.2572545891927067
-0.18920324588749438
-0.2831307454794407
2.5410988417629006e-21
-0.2818344827759143
1.1858461261560205e-20
-0.19255164207643283
-0.003308506411404899
-0.03330805051602148
-0.14282589202617846
-9.317362419797304e-21
9.317362419797304e-21
-0.5510672374091499
-0.07014543706599774
-0.7861543947831446
-0.11259517265061803
-0.05212269123894231
-7.623296525288703e-21
-0.11510750448618179
-0.34101584554661013
-0.05947481630597906
-0.08553236835300382
-0.12413212525224981
1.0164395367051604e-20
-0.16607724907162158
2.202285662861181e-20
-1.8634724839594607e-20
-1.009932471052946
-0.40565475720405164
-0.1436304736353362
-0.6473253772712013
-1.009932471052946
4.0234064994579266e-21
-0.9335478437397473
-1.6940658945086003e-21
-0.3896385073575761
-0.5829302946344068
3.388131789017201e-21
-0.5806850811057362
-0.11050309750406928
-2.541098841762901e-20
-0.907948835592415
-0.9923940190954914
-0.12399396891125392
-0.8624039324214046
-0.10089002498179145
-1.009932471052946
-0.07863504373393582
-0.07633033037996473
-0.06943699192208008
-5.30613956509659e-37
-0.7631791118263056
-1.0268956382930847
-0.6579484077937616
2.541098841762901e-21
-0.3365014062811085
-0.1245018009467147
-0.2780835392633554
-0.19321798852218652
-1.0268956382930847
-0.038726408372100174
-0.41362137475111016
-0.9774601220069261
-0.9321319556556409
-1.0339003859789715
-0.5350181177619993
1.6093625997831706e-20
1.6093625997831706e-20
-0.9047800749509056
-8.47032947254302e-22
-1.278130380068732
-0.09915244734672157
-0.12821820004555917
-4.235164736271502e-21
-0.7417817398858828
-1.2364612681463125
-0.22995992547217003
-1.278130380068732
-1.2779050218575456
-0.14422259340342958
-0.34802808489231474
-0.7462035711348598
-1.3119049950021635
8.470329472543003e-21
-0.9418111920879957
-0.08646145026131347
-1.1840444907863166
-0.08069861757657026
-1.7787691892340307e-20
-0.0937116481891751
-0.7570891184988184
-1.1858461261560205e-20
-0.3010964566343919
-1.1663477040904189
-1.267495574529681
-0.11193651893861567
7.623296525288703e-21
-0.6840720364865138
-1.2773798667870704
-0.03961353979574511
-1.2192183334680697
-0.7909795872656744
-1.2103822866592067
-0.060632260232793556
-1.1862126886371192
-1.1487408723685881
-0.30611091909267607
-1.2621404778821539
-0.7246887310853207
-0.2646805828977721
-1.2971669756188993
-0.7327711776864891
-1.2111029704375742
-1.2872641590444598
-1.0438039756492463
-1.2369152935564705
-1.2575927579552415
-0.3351371431748813
-0.35271612907392935
-1.3552527156068805e-20
-1.2221772741732062
-1.2872641590444598
-0.6131150871483442
-0.9994728940782407
-1.2275477248652837
-1.2994391959520524
-1.2287578972398512
-0.7060046401358777
-1.1438053761617155
-1.2773798667870704
-0.3529105934318304
-1.0739575417786922
-0.281055608537776
-1.231691102542527
-1.191023968176033
-1.2916977597693844
-1.3074467009660653
-1.2592086920046137
-1.2773798667870704
-0.6169194751971805
-1.2842849887575039
-1.1906147242626712
-0.9001249712393733
-1.2009227770135622
-0.8176973000176888
-1.0769451942324118
-1.2296608897633767
-0.7227736746557927
-0.8900240458975963
-0.9720231151273548
-1.2901800427776617
4.7433845046240825e-20
-1.2842092866931294
-1.1170673336566566
-0.10318420349406754
-1.2766293535054087
-1.3084816502776135
-0.37936608248360315
-1.2241892364605516
-1.2627723725062747
-0.5717336077184374
-0.3890377329881396
-1.9689280996476377
-1.0269096940971414
-1.1546051513059084
-1.7068232936525431
-0.562565676214982
-0.9666385395613908
-0.35939872304957454
-1.4660900741986884
-1.0855790591239511
-1.8223969279876933
-0.10012700003355146
-0.8735765951852521
-0.9047169280187806
-1.1953265733161116
-1.4332164228621274
-0.03304851350216609
-1.540038964353215
-1.9209056404582778
-1.552433954094016
2.7105054312137605e-20
-1.2657058329850797
-1.4222844736282703
-0.5078247507488234
-0.2761242618490556
-0.21265438941282788
-1.8869583496506301
-1.6556871410578209
-2.0883897910893916
-1.8741769758929205
-0.002409821171458937
-1.6701876866183492
-1.914052132317881
-0.3060715233826672
-2.0971578865025675
-1.648563151284696
-2.0971578865025675
-1.9544441218208615
-1.5796701962988209
-6.776263578034404e-21
2.541098841762901e-21
-0.24268305848800242
-1.4907779871675686e-19
-1.3899556214242743
-1.9481757786848908e-20
-0.8651429958742627
-1.0171083655118371
-0.2513656784933165
-2.0971578865025675
-2.097780301480695
-2.0971578865025675
-0.8463006619313109
-1.6254202733387038
-1.0164395367051603e-20
-2.13950654737393
-1.3698773262155042
-1.0819130759898075
-2.177363485675449
-0.9036879973506222
-1.0290115042172285
-1.649894397032635
-1.4907782669564202
-1.8956625138176655
-1.6797550743101857
-1.1925316211743073
-1.9866564920466638
-2.1336056672142165
-1.6897262112501288
-1.7812182127804093
-2.17957981000157
-0.03565684561929672
-2.177363485675449
-1.7956059312616652
-2.177363485675449
-2.177363485675449
-0.5245475233004324
-1.7199179901056318
-1.208188141180087
-1.0596351849175756
-2.0438798784503307
6.776263578034403e-21
-0.5465534153978453
-1.2099855857333637
-1.1780408775219975
-1.9103962712252116
-2.177363485675449
-1.766897230580775
-1.5349855297951915
-2.177363485675449
-2.066455219566783
-1.7222085319339735
-2.1751471613493285
-2.1751471613493285
-1.8652149586106797
-2.0213045373338785
-2.046096202776451
-1.680009122985382
-0.8041930482373925
-2.1127433683976333
-1.7028520481577676
-2.0998522419345518
-1.5458488333299147
-0.8889199013937512
-2.177363485675449
-1.523165976481537
-1.4260856518439606
-1.0400628917671781
-0.09319274131567212
-1.7443030025971629
-2.177363485675449
-2.177363485675449
-2.177363485675449
-1.9103962712252116
-1.2281977735187355e-20
-2.177363485675449
-0.8041930482373925
-1.7221343144317522
