-1.0809622773615368
-0.8005426193377425
-0.5105704909103076
-0.5010180205066668
-0.5105704909103076
-0.22059836248287268
-0.5105704909103076
-0.703901538461141
-0.22059836248287262
-0.30768697295583347
-0.5105704909103076
-0.5105704909103076
-0.5105704909103076
-0.3172394433594743
-0.5105704909103076
-0.8005426193377425
-0.703901538461141
-0.5105704909103076
-0.5105704909103076
-0.5105704909103076
-0.22059836248287268
-0.5105704909103076
-0.6943490680575002
-0.703901538461141
-0.5105704909103076
-0.8005426193377426
-0.5105704909103076
-0.5105704909103076
-0.5105704909103076
-0.5105704909103076
-0.5105704909103076
-0.5105704909103076
-0.5105704909103076
-0.5105704909103076
-0.8005426193377426
-0.8005426193377426
-0.5201229613139484
-0.5105704909103076
-0.5105704909103076
-0.22059836248287262
-0.5010180205066668
-0.5201229613139484
-0.5105704909103076
-0.5105704909103076
-0.3172394433594743
-0.8005426193377426
-0.5105704909103076
-0.6943490680575002
-0.5105704909103076
-0.5201229613139484
-0.5105704909103076
-0.5105704909103076
-0.5105704909103076
-0.22059836248287262
-0.5105704909103076
-0.22059836248287268
-0.5105704909103076
-0.22059836248287262
-0.703901538461141
-0.5105704909103076
-0.703901538461141
-0.703901538461141
-0.5201229613139484
-0.5105704909103076
-0.3172394433594743
-0.22059836248287268
-0.703901538461141
-0.3267919137631151
-0.5201229613139484
-0.22059836248287262
-0.703901538461141
-0.5105704909103076
-0.703901538461141
-0.22059836248287262
-0.5105704909103076
-0.8005426193377425
-0.5105704909103076
-0.8005426193377425
-0.5105704909103076
-0.5105704909103076
-0.8005426193377426
-0.8005426193377425
-0.3267919137631151
-0.703901538461141
-0.22059836248287262
-0.8005426193377425
-0.22059836248287268
-0.22059836248287268
-0.5105704909103076
-0.8005426193377426
-0.5105704909103076
-0.5105704909103076
-0.5105704909103076
-0.6943490680575002
-0.5201229613139484
-0.5105704909103076
-0.22059836248287262
-0.5105704909103076
-0.22059836248287262
-0.22059836248287262
-0.5105704909103076
-0.22059836248287262
-0.3172394433594743
-0.3172394433594743
-0.22059836248287268
-0.8005426193377426
-0.22059836248287268
-0.22059836248287262
-0.5201229613139484
-0.5201229613139484
-0.5105704909103076
-0.703901538461141
-0.8005426193377425
-0.3172394433594743
-0.5201229613139485
-0.5105704909103076
-0.8005426193377426
-0.22059836248287262
-0.5201229613139485
-0.8005426193377425
-0.5010180205066668
-0.5105704909103076
-0.5105704909103076
-0.7134540088647818
-0.5105704909103076
-0.8005426193377425
-0.3172394433594743
-0.8005426193377426
-0.5105704909103076
-0.703901538461141
-0.3172394433594743
-0.5105704909103076
-0.5201229613139485
-0.5105704909103076
-0.8005426193377425
-0.3172394433594743
-0.5105704909103076
-0.5105704909103076
-0.22059836248287262
-0.5105704909103076
-0.22059836248287262
-0.703901538461141
-0.703901538461141
-0.5105704909103076
-0.6943490680575002
-0.22059836248287268
-0.5105704909103076
-0.22059836248287268
-0.22059836248287268
-0.703901538461141
-0.22059836248287262
-0.5105704909103076
-0.22059836248287262
-0.5105704909103076
-0.5105704909103076
-0.703901538461141
-0.8005426193377425
-0.5105704909103076
-0.5201229613139485
-0.5105704909103076
-0.22059836248287262
-0.5105704909103076
-0.8005426193377425
-0.5010180205066668
-0.8005426193377426
-0.5010180205066668
-0.25
-0.8005426193377426
-0.22059836248287262
-0.7134540088647818
-0.5201229613139485
-0.703901538461141
-0.7134540088647818
-0.22059836248287268
-0.5105704909103076
-0.5105704909103076
-1.0809622773615368
-0.5105704909103076
-0.30768697295583347
-0.8005426193377425
-0.22059836248287268
-0.5105704909103076
-0.5105704909103076
-0.22059836248287262
-0.22059836248287268
-0.5105704909103076
-0.8005426193377425
-0.703901538461141
-0.22059836248287268
-0.5105704909103076
-0.22059836248287262
-0.22059836248287262
-0.5105704909103076
-0.5105704909103076
-0.5201229613139485
-0.5201229613139484
-0.22059836248287262
-0.5105704909103076
-0.5201229613139484
-0.5105704909103076
-0.25
-0.8005426193377425
-0.22059836248287262
-0.3172394433594743
-0.22059836248287262
-0.22059836248287268
-0.5105704909103076
-0.5105704909103076
-0.22059836248287262
-0.5105704909103076
-0.3267919137631151
-0.5105704909103076
-0.5105704909103076
-0.5010180205066668
-0.22059836248287262
-0.5105704909103076
-0.5105704909103076
-0.8005426193377426
-0.5105704909103076
-0.8005426193377425
-0.5105704909103076
-0.5105704909103076
-0.5105704909103076
-0.5201229613139484
-0.703901538461141
-0.5105704909103076
-0.25
-0.8005426193377425
-0.5105704909103076
-0.22059836248287262
-0.5105704909103076
-0.703901538461141
-0.3172394433594743
-0.8005426193377426
-0.5105704909103076
-0.22059836248287268
-0.3267919137631151
-0.8005426193377425
-0.5105704909103076
-0.5105704909103076
-0.22059836248287262
-0.5105704909103076
-0.5105704909103076
-0.22059836248287262
-0.5105704909103076
-0.5105704909103076
-0.5105704909103076
-0.5105704909103076
-0.5105704909103076
-0.8005426193377425
-0.8005426193377425
-0.8005426193377426
-0.22059836248287262
-0.5105704909103076
-0.30768697295583347
-0.30768697295583347
-1.0809622773615368
-1.0809622773615368
-0.5201229613139485
-0.22059836248287262
-0.5201229613139485
-0.8005426193377425
-1.0809622773615368
-0.5201229613139485
-0.703901538461141
-0.8005426193377425
-1.0809622773615368
-0.30768697295583347
-1.0809622773615368
-1.0809622773615368
-0.5201229613139485
-0.8005426193377425
-0.30768697295583347
-1.0809622773615368
-0.8005426193377426
-1.0809622773615368
-0.8005426193377425
-1.0809622773615368
-0.8005426193377425
-0.8005426193377425
-0.8005426193377426
-0.5201229613139485
-0.5201229613139485
-0.8005426193377425
-0.8005426193377425
-0.8005426193377425
-0.5105704909103076
-0.22059836248287262
-1.0809622773615368
-0.5105704909103076
-1.0809622773615368
-0.8005426193377425
-0.5105704909103076
-1.0809622773615368
-0.8005426193377425
-0.5201229613139485
-1.0809622773615368
-0.8005426193377425
-0.8005426193377425
-0.5201229613139485
-1.0809622773615368
-1.0809622773615368
-1.0809622773615368
-1.0809622773615368
-1.0809622773615368
-1.0809622773615368
-0.5105704909103076
-1.0809622773615368
-1.0809622773615368
-0.22059836248287262
-1.0809622773615368
-0.8005426193377425
-0.5201229613139485
-1.0809622773615368
-1.0809622773615368
-0.3172394433594743
-0.8005426193377426
-1.0809622773615368
-1.0809622773615368
-1.0809622773615368
-1.0809622773615368
-1.0809622773615368
-1.0809622773615368
-1.0809622773615368
-1.0809622773615368
-1.0809622773615368
-1.0809622773615368
-1.0809622773615368
-1.0809622773615368
-1.0809622773615368
-0.8005426193377426
-1.0809622773615368
-1.0809622773615368
-1.0809622773615368
-0.22059836248287268
-1.0809622773615368
-1.0809622773615368
-1.0809622773615368
-1.0809622773615368
-1.0809622773615368
-0.8005426193377425
-0.5105704909103076
-0.5105704909103076
-0.8005426193377425
-1.0809622773615368
-1.0809622773615368
-0.8005426193377425
-0.8005426193377425
-0.22059836248287262
-1.0809622773615368
-1.0809622773615368
-1.0809622773615368
-1.0809622773615368
-1.0809622773615368
-0.8005426193377425
-1.0809622773615368
-0.8005426193377425
-1.0809622773615368
-0.8005426193377425
-1.0809622773615368
-0.8005426193377425
-1.0809622773615368
-1.0809622773615368
-0.5105704909103076
-0.8005426193377425
-1.0809622773615368
-0.8005426193377425
-1.0809622773615368
-1.0809622773615368
-1.0809622773615368
-1.0809622773615368
-1.0809622773615368
-1.0809622773615368
-0.5105704909103076
-0.5105704909103076
-1.0809622773615368
-0.30768697295583347
-1.0809622773615368
-1.0809622773615368
-1.0809622773615368
-1.0809622773615368
-0.8005426193377425
-1.0809622773615368
-1.0809622773615368
-0.5105704909103076
-1.0809622773615368
-0.25
-1.0809622773615368
-1.0809622773615368
-1.0809622773615368
-1.0809622773615368
-1.0809622773615368
-1.0809622773615368
-1.0809622773615368
-1.0809622773615368
-1.0809622773615368
-1.0809622773615368
-1.0809622773615368
-1.0809622773615368
-1.0809622773615368
-0.22059836248287268
-1.0809622773615368
-1.0809622773615368
-1.0809622773615368
-1.0809622773615368
-0.8005426193377425
-1.0809622773615368
-0.703901538461141
-1.0809622773615368
-0.8005426193377425
-1.0809622773615368
-0.8005426193377425
-1.0809622773615368
-1.0809622773615368
-0.3172394433594743
-0.3172394433594743
-1.0809622773615368
-1.0809622773615368
-0.8005426193377426
-1.0809622773615368
-1.0809622773615368
-1.0809622773615368
-1.0809622773615368
-1.0809622773615368
-0.8005426193377426
-1.0809622773615368
-1.0809622773615368
-0.8005426193377426
-1.0809622773615368
-0.3267919137631151
-1.0809622773615368
-0.5201229613139485
-1.0809622773615368
-1.0809622773615368
-1.0809622773615368
-1.0809622773615368
-0.5105704909103076
-1.0809622773615368
-0.8005426193377425
-0.8005426193377425
-1.0809622773615368
-1.0809622773615368
-1.0809622773615368
-1.0809622773615368
-1.0809622773615368
-1.0809622773615368
-1.0809622773615368
-1.0809622773615368
-1.0809622773615368
-1.0809622773615368
-0.24999999999999994
-1.0809622773615368
-0.5201229613139485
-1.0809622773615368
-1.0809622773615368
-1.0809622773615368
-1.0809622773615368
-1.0809622773615368
-0.5201229613139485
-1.0809622773615368
-1.0809622773615368
-1.0809622773615368
-1.0809622773615368
-1.0809622773615368
-1.0809622773615368
-1.0809622773615368
-1.0809622773615368
-1.0809622773615368
-1.0809622773615368
-1.0809622773615368
-1.0809622773615368
-0.5201229613139485
-0.703901538461141
-1.0809622773615368
-1.0809622773615368
-1.0809622773615368
-1.0809622773615368
-1.0809622773615368
-0.8005426193377425
-1.0809622773615368
-1.0809622773615368
-1.0809622773615368
-0.5105704909103076
-1.0809622773615368
-0.5201229613139485
-0.5201229613139485
-1.0809622773615368
-0.5201229613139485
-1.0809622773615368
-0.22059836248287262
-1.0809622773615368
-0.8005426193377425
-0.8005426193377425
-1.0809622773615368
-1.0809622773615368
-1.0809622773615368
-0.3172394433594743
-1.0809622773615368
-1.0809622773615368
-1.0809622773615368
