-5.575895641011404
-3.948654643992447
-3.6859132521885423
-4.402727342932672
-3.794239190191163
-3.9316461927681665
-3.883151678364477
-3.1584959316069763
-3.895254337896406
-3.9657096081920753
-4.877082247448725
-2.674088328818005
-3.9994659131099763
-3.8526440069508605
-3.9115083767469803
-3.8435310343528366
-3.9009657935374986
-3.694083222489801
-4.151824988647633
-3.87609630017475
-3.971820970043584
-3.894468640678906
-3.481144462799384
-4.130043186279794
-4.029991889957632
-3.9282297219004354
-4.417680780249447
-3.5786271919874157
-3.3900311561464727
-3.030998173596143
-3.614079790659076
-4.505374616150396
-3.9845621359893837
-3.2565691380564417
-3.970141139220139
-5.453591190901059
-3.549874855731411
-3.911909975313478
-3.799517982864275
-3.8984486960479687
-3.777200710667105
-2.980434760638049
-2.850913979281521
-3.9384285161944694
-4.092070429439584
-4.2546123983100355
-3.9096057150769177
-4.065401831427501
-2.963428359060157
-4.093090093399979
-4.967298512956219
-3.941440506254814
-3.5490360238680463
-3.640907279335023
-2.857147995658167
-4.008056141964408
-3.957767688735001
-3.5232919199705544
-3.3528687292671644
-3.9718209700435843
-3.6553126060589323
-3.8787102308795447
-3.8919012727881204
-4.391440074148197
-3.9085624261048753
-3.0517133199250956
-3.967722267252105
-4.0009781646720155
-5.508258161127293
-2.554790883488603
-3.960892225326427
-3.9169789921697102
-5.1174137928691525
-3.99632269128456
-3.1866627307779063
-3.9114978370907183
-3.9767765060286107
-2.9834364534858255
-3.7927841289955633
-2.8265697055645345
-4.019023490748465
-3.9087138218103257
-2.667727218071841
-3.9916597819947954
-3.6605525976623374
-3.9050545372412593
-3.834011410633102
-5.377975852239015
-2.795705255865979
-3.9069565605738092
-4.021933972642225
-3.4957431933881966
-4.301243147186028
-3.9322896350294756
-4.129156857979864
-3.8784855149809365
-3.717458098041067
-3.581096157102714
-4.130758613022339
-5.004774864196316
-2.836142180616066
-3.92402874933144
-4.062093564561214
-4.459381336216131
-3.90711688257023
-2.913816331239083
-3.950821687547275
-4.022632254999725
-4.43147621128702
-3.922524620701786
-3.8535903850490505
-4.089141775868798
-3.6200012462523667
-4.00061132810533
-3.9170208764103993
-4.319925875174142
-3.9377216028669935
-3.8426320381983414
-3.9019770151557305
-3.5427891783413
-3.8728507388021605
-3.9429618048916724
-2.8518546403290013
-2.501171151680676
-5.150427008569916
-4.242477642833414
-3.953923684038187
-2.8795949292271907
-3.912605701843515
-3.527631585144157
-3.8030697986640862
-3.890629587472854
-3.963878718020112
-5.260838858047632
-3.708706585840264
-4.029676426549163
-4.085675682350399
-4.004344864028538
-5.6033842888665095
-3.8870105941527826
-3.7302411857106144
-4.0129477006915595
-3.512526041418771
-3.914350044602166
-3.7039513518778877
-3.967086636758093
-3.4433831351590736
-3.924818584532403
-3.5485863479571464
-3.3023352381052558
-4.331827118266494
-3.9277691853206096
-3.886442009339638
-4.186743007271771
-4.746971826040608
-4.094699593046428
-3.8470786134137396
-3.884793628426711
-3.476513203582747
-4.96711345809695
-3.526151155304965
-4.12006721851461
-4.064258234450712
-3.566675974192208
-3.152985518493887
-3.916437022075234
-2.7871152594816486
-3.712762828844185
-3.9134727776562084
-3.971478130934843
-3.8805025031916367
-2.8276576293622115
-4.03054025919726
-3.9048479806537353
-3.7944082116171387
-3.5052159328515358
-3.903385988419572
-4.95096914250556
-3.9053808828436725
-4.232737217744913
-3.0198798747991353
-3.9259732866823756
-3.8369223223282094
-4.394451581459969
-4.2893337891598495
-3.3555211584395677
-4.844098110380863
-3.9068944098111826
-3.90711688257023
-3.8123662786577612
-3.8848118898290656
-3.9981113177207517
-3.9071168825702296
-3.8832965224253853
-2.854137802633373
-3.8552026231598733
-3.7303627499089997
-4.973652213504014
-3.869141904937439
-3.894488616960624
-4.206352382673188
-3.723981986453936
-3.801492758416194
-3.9916476885793344
-3.87146694223141
-4.027302713638326
-3.6167128752326128
-3.7447118681549783
-4.005727037987864
-3.7996916217879146
-3.554216100524166
-3.69331488677717
-3.881682168962892
-3.9698923216479898
-4.140915158183505
-3.8610592678226134
-3.9598531269843185
-3.809412715297537
-3.979563052805174
-3.9989095225332756
-3.898581719992478
-3.8081489937793385
-3.8876764598105846
-3.90370295610051
-3.961451370972561
-3.9201017058846634
-3.9773408612904215
-3.640116580450494
-4.019474380046851
-3.9409965670527116
-3.9677796736353055
-3.5053338283921334
-2.822932876228465
-3.9418049902854895
-3.895360998322206
-3.8908780091066335
-4.950445449785577
-4.968044410526225
-3.4799125167855705
-3.9068701525590868
-4.95105943293042
-5.012398200464618
-3.5030869827657938
-3.5084157282928117
-3.8777189192671324
-3.8907113341067125
-2.791541221631348
-3.905462558314749
-3.7063843923418744
-4.622730782130093
-4.121960139532804
-5.715517606352138
-2.855132249570865
-3.96432818574944
-3.8296175395260748
-3.60413954178331
-3.907606290373976
-2.8440314013744983
-3.6870293038862836
-4.943457823823708
-4.1733671169925906
-3.8067687405654516
-5.473906164843889
-4.167593112294703
-4.242245611559294
-4.953562459066207
-2.880617718557575
-4.110615594920596
-3.9328987518437977
-4.944266315973714
-3.8999840907573464
-5.711787602166155
-5.780140057035285
-3.2015799575330974
-4.014798447884189
-3.2053099617190797
-3.990511698830014
-4.526901236811748
-4.9109167301548995
-4.314333586771601
-3.2053099617190797
-5.6434351472970254
-5.711787602166155
-5.708057597980173
-3.778341248266587
-3.9322896350294756
-5.711787602166155
-3.8753301833349503
-5.685965945812832
-5.711787602166155
-5.548718408154409
-5.711787602166155
-5.711787602166155
-3.9103917485534883
-5.711787602166155
-5.410658662300287
-3.1536154396129996
-5.454718459972137
-5.709269715864831
-4.434705142141938
-5.711787602166155
-3.9150887595332384
-5.069145455339017
-3.835062213046002
-5.779959478168488
-4.4571880834936515
-4.458548781942618
-3.87564148306685
-3.8318032543376845
-5.280535677190659
-5.713296479819927
-5.711787602166155
-5.874229396822802
-3.7251591053969273
-4.043294547318587
-5.712134180503433
-5.711787602166155
-3.9095775902807466
-4.892864947954788
-5.874229396822802
-5.024249009643207
-3.9109484626535673
-5.682160660833252
-5.6998819007192
-5.720657604678513
-5.702917599653798
-5.8693609800761495
-5.653814027463155
-5.784438908514888
-5.555656563061158
-5.903404624741885
-5.874229396822802
-5.462075701677241
-4.623840074914991
-5.388702955105221
-5.458774489947695
-5.800001118395328
-5.5533816454290275
-4.1982580615473495
-5.711787602166155
-5.707576368217229
-5.060116831994751
-5.6140498949828626
-5.876092281763315
-5.642442399871242
-5.544535718126191
-5.711787602166155
-4.304067038904743
-5.903404624741885
-5.970104601969682
-3.559043838247077
-5.716597691549473
-5.798575687442193
-5.7387322802940695
-4.122524181341081
-4.813891415749212
-3.3901459562675997
-5.876092281763315
-5.81397131439873
-5.949843205612963
-5.7621696395755695
-5.55084647367784
-5.4073130330715795
-5.778125791757976
-4.010915201873976
-5.9609357136091505
-5.946486894301217
-5.77856722515234
-5.647472304804928
-5.9609357136091505
-5.915624606821441
-3.9439125592360385
-5.454046379760977
-5.8777062944936285
-4.469932656582146
-3.918838997320072
-5.870336111655175
-5.759459383723263
-5.546496309193782
-5.448500125762883
-5.776618458883503
-5.807977858964586
-5.896583455146666
-5.93187324706854
-5.668100682772955
-5.792574611065909
-5.932038074993284
-3.714989073936155
-5.711787602166155
-4.131681782079701
-6.935579580561025
-5.522195654982714
-5.914228351107603
-3.9983026469764034
-5.914228351107603
-5.287830186045107
-5.946486894301217
-4.411449615919223
-5.08245566312444
-5.488399345474364
-4.609274346000003
-4.832626761597918
-5.955389459611056
-6.5805152272354
-4.763701374018666
-6.465984942920514
-3.8446225876780997
-3.9437514149609267
-3.38274333649319
-3.9841499912594514
-5.694394221643573
-5.029409191379924
-6.017938983089449
-6.340362150609439
-5.776449023185229
-4.902340855654968
-5.030423560004271
-3.9052612143753294
-5.470105023593505
-5.07183384372109
-6.469816523003852
-3.9023388840874125
-5.39289597987188
-5.4601151106096495
-4.952552170844861
-5.927235766156695
-6.276583169119067
-5.868839749989715
-5.935047428193632
-5.428533109449815
-5.525415182563277
-5.914148137166796
-5.616929831132769
-3.8734893243694293
-6.017628251088555
-5.696038829197526
-6.604161080680861
-5.901556702525292
-6.273482219302759
-4.219033131584402
-5.8756085834197505
-6.946672088557213
-6.614977461163129
-5.465907281760579
-5.820050944429318
-6.615115524920089
-2.9838461732744834
-6.609569270921995
-6.941504012857154
-6.5847848245890885
-5.1075642373156045
-5.156423369180549
-4.434163488496341
-5.822345111902418
-6.609707334678955
-3.918704853562769
-6.6417850608599105
-6.946672088557213
-5.346378881157921
-6.885897654785946
-4.963748105515951
-5.708486390436609
-5.717329757864765
-5.530153853982618
-5.996866557758865
-6.208698389094078
-6.131229582141364
-3.899873090633106
-4.93295575139756
-4.951386612936111
-4.549499392227443
-3.8141987837536053
-6.554341091148822
-4.015508903272481
-5.43475326509706
-5.643961325336052
-5.771825871322646
-5.614526525560629
-4.956204428840824
-6.885897654785946
-3.90062955651499
-6.289280089269672
-6.283558961282964
-5.868245411813215
-5.874229396822802
-6.60747519343084
-5.773593173135954
-5.877011871290467
-5.909655997352123
-7.041767851902911
-6.466600428991917
-5.940940640303123
-4.733622170598144
-3.927499355022525
-4.526950490512213
-6.544662585018852
-4.835000856527917
-5.727247796902125
-6.304236989620875
-5.913289497834577
