-1.026037993627347
-0.5930188735016408
-0.5930188735016408
-0.37268700305375585
-0.6006634942717051
-0.3875852987380188
-0.5930188735016408
-0.5930188735016408
-0.3875852987380188
-0.5930188735016408
-0.37268700305375585
-0.37268700305375585
-0.3726870030537558
-0.5930188735016408
-0.5930188735016408
-0.7984524482652628
-0.5930188735016408
-0.5930188735016408
-0.5853742527315766
-0.5930188735016408
-0.5930188735016408
-0.8133507439495259
-0.6006634942717051
-0.5930188735016408
-0.5930188735016408
-0.7984524482652628
-0.3875852987380188
-0.5930188735016408
-0.5930188735016408
-0.5930188735016408
-0.3875852987380188
-0.3875852987380188
-0.5930188735016408
-0.8133507439495259
-0.5930188735016408
-0.5930188735016408
-0.5930188735016408
-0.813350743949526
-0.37268700305375585
-0.3726870030537558
-0.5930188735016408
-0.5930188735016408
-0.6006634942717051
-0.5930188735016408
-0.8133507439495259
-0.813350743949526
-0.813350743949526
-0.5930188735016408
-0.3726870030537558
-0.3726870030537558
-0.3726870030537558
-0.5930188735016408
-1.026037993627347
-0.5853742527315766
-0.3875852987380188
-0.3726870030537558
-0.37268700305375585
-0.813350743949526
-0.3726870030537558
-0.5930188735016408
-0.5930188735016408
-0.3799406779679546
-0.5930188735016408
-0.5930188735016408
-0.813350743949526
-0.39522991950808295
-0.3875852987380188
-0.5930188735016408
-0.8133507439495259
-0.5930188735016408
-0.5930188735016408
-0.8133507439495259
-0.7908078274951986
-0.3726870030537558
-0.3726870030537558
-1.026037993627347
-0.8060970690353271
-0.5930188735016408
-0.3726870030537558
-0.3875852987380188
-0.3875852987380188
-0.813350743949526
-0.5930188735016408
-0.37268700305375585
-0.813350743949526
-0.37268700305375585
-0.25
-0.3726870030537558
-0.813350743949526
-0.5930188735016408
-0.5930188735016408
-0.5930188735016408
-0.5930188735016408
-0.3875852987380188
-0.37268700305375585
-0.25
-0.7908078274951986
-0.5930188735016408
-0.8060970690353271
-0.5930188735016408
-1.026037993627347
-0.37268700305375585
-0.8133507439495259
-0.8060970690353271
-0.3726870030537558
-0.813350743949526
-0.3875852987380188
-0.6006634942717051
-0.7984524482652628
-0.8133507439495259
-0.5930188735016408
-0.3726870030537558
-0.37268700305375585
-0.813350743949526
-1.026037993627347
-0.5930188735016408
-0.5930188735016408
-0.37268700305375585
-0.8060970690353271
-0.7984524482652628
-0.8133507439495259
-0.3875852987380188
-0.3726870030537558
-0.5930188735016408
-0.8133507439495259
-0.5930188735016408
-0.5930188735016408
-0.8133507439495259
-0.5930188735016408
-0.7908078274951986
-0.5930188735016408
-0.813350743949526
-0.39522991950808295
-0.5930188735016408
-0.37268700305375585
-0.7984524482652628
-0.3875852987380188
-0.5930188735016408
-0.25
-0.5930188735016408
-0.7984524482652628
-0.6006634942717051
-0.7984524482652628
-0.3726870030537558
-0.7984524482652628
-0.37268700305375585
-0.5930188735016408
-0.6006634942717051
-0.7908078274951986
-0.5930188735016408
-0.5930188735016408
-0.5930188735016408
-0.5930188735016408
-0.5930188735016408
-0.5930188735016408
-0.3726870030537558
-0.5930188735016408
-0.5930188735016408
-0.5930188735016408
-0.6006634942717051
-0.5930188735016408
-0.813350743949526
-0.5930188735016408
-0.5930188735016408
-0.3875852987380188
-0.5930188735016408
-0.3875852987380188
-0.5930188735016408
-1.026037993627347
-0.813350743949526
-0.3726870030537558
-0.3875852987380188
-0.8133507439495259
-0.7984524482652628
-0.3875852987380188
-0.8060970690353271
-0.5930188735016408
-0.7984524482652628
-0.37268700305375585
-0.8133507439495259
-0.3726870030537558
-0.6006634942717051
-0.813350743949526
-0.5930188735016408
-0.5930188735016408
-0.7984524482652628
-0.3799406779679546
-0.813350743949526
-0.5930188735016408
-1.026037993627347
-0.8133507439495259
-0.5853742527315766
-0.5930188735016408
-0.7908078274951986
-0.3726870030537558
-0.7984524482652628
-0.3875852987380188
-0.3875852987380188
-0.5930188735016408
-0.8133507439495259
-0.7984524482652628
-0.37268700305375585
-0.5930188735016408
-0.813350743949526
-0.5930188735016408
-0.8133507439495259
-1.026037993627347
-0.5853742527315766
-0.37268700305375585
-0.7984524482652628
-0.5930188735016408
-0.5930188735016408
-0.5930188735016408
-0.7984524482652628
-0.5930188735016408
-0.5930188735016408
-0.6006634942717051
-0.7908078274951986
-0.3726870030537558
-0.8133507439495259
-0.5930188735016408
-0.5930188735016408
-0.24999999999999994
-0.5930188735016408
-0.5930188735016408
-1.026037993627347
-0.24999999999999994
-0.7984524482652628
-0.37268700305375585
-0.6006634942717051
-0.7984524482652628
-0.5930188735016408
-0.5930188735016408
-0.813350743949526
-0.813350743949526
-0.5930188735016408
-0.6006634942717051
-0.5930188735016408
-0.5930188735016408
-0.7984524482652628
-0.813350743949526
-0.3875852987380188
-0.5930188735016408
-0.3799406779679546
-0.3726870030537558
-0.5930188735016408
-0.5930188735016408
-0.6006634942717051
-0.5930188735016408
-0.8133507439495259
-0.5930188735016408
-0.7984524482652628
-0.8133507439495259
-0.7984524482652628
-1.026037993627347
-0.8133507439495259
-0.8133507439495259
-0.8133507439495259
-1.026037993627347
-1.026037993627347
-0.8133507439495259
-0.8133507439495259
-0.8133507439495259
-1.026037993627347
-1.026037993627347
-0.5930188735016408
-0.6006634942717051
-0.8133507439495259
-1.026037993627347
-0.8133507439495259
-0.8133507439495259
-0.5930188735016408
-0.8133507439495259
-1.026037993627347
-0.7908078274951986
-0.3726870030537558
-1.026037993627347
-1.026037993627347
-0.8133507439495259
-0.5853742527315766
-0.3875852987380188
-1.026037993627347
-0.5930188735016408
-0.6006634942717051
-0.813350743949526
-0.5930188735016408
-1.026037993627347
-0.8133507439495259
-0.8133507439495259
-0.813350743949526
-1.026037993627347
-1.026037993627347
-0.8133507439495259
-1.026037993627347
-0.6006634942717051
-0.5930188735016408
-0.7908078274951986
-0.8060970690353271
-1.026037993627347
-0.7984524482652628
-1.026037993627347
-1.026037993627347
-1.026037993627347
-1.026037993627347
-0.5853742527315766
-1.026037993627347
-0.813350743949526
-0.813350743949526
-0.5930188735016408
-1.026037993627347
-1.026037993627347
-0.6006634942717051
-1.026037993627347
-0.813350743949526
-1.026037993627347
-0.6006634942717051
-1.026037993627347
-1.026037993627347
-0.813350743949526
-0.5930188735016408
-1.026037993627347
-0.813350743949526
-1.026037993627347
-0.813350743949526
-0.3799406779679546
-0.24999999999999994
-0.5930188735016408
-1.026037993627347
-1.026037993627347
-0.5853742527315766
-0.6006634942717051
-0.7908078274951986
-0.3875852987380188
-1.026037993627347
-0.5930188735016408
-1.026037993627347
-1.026037993627347
-0.813350743949526
-1.026037993627347
-1.026037993627347
-0.5930188735016408
-1.026037993627347
-1.026037993627347
-0.813350743949526
-0.8133507439495259
-1.026037993627347
-0.813350743949526
-0.24999999999999994
-0.5853742527315766
-0.813350743949526
-1.026037993627347
-1.026037993627347
-0.813350743949526
-0.6006634942717051
-0.37268700305375585
-0.8133507439495259
-0.5853742527315766
-1.026037993627347
-1.026037993627347
-0.37268700305375585
-0.813350743949526
-1.026037993627347
-0.813350743949526
-0.813350743949526
-1.026037993627347
-1.026037993627347
-1.026037993627347
-0.5853742527315766
-1.026037993627347
-0.813350743949526
-1.026037993627347
-1.026037993627347
-0.3726870030537558
-0.8133507439495259
-1.026037993627347
-0.813350743949526
-0.5930188735016408
-1.026037993627347
-0.813350743949526
-0.8133507439495259
-1.026037993627347
-1.026037993627347
-0.5853742527315766
-1.026037993627347
-1.026037993627347
-0.813350743949526
-1.026037993627347
-1.026037993627347
-0.8133507439495259
-1.026037993627347
-1.026037993627347
-0.3726870030537558
-1.026037993627347
-1.026037993627347
-1.026037993627347
-1.026037993627347
-1.026037993627347
-0.8133507439495259
-1.026037993627347
-0.813350743949526
-1.026037993627347
-1.026037993627347
-1.026037993627347
-0.5930188735016408
-1.026037993627347
-1.026037993627347
-1.026037993627347
-1.026037993627347
-1.026037993627347
-1.026037993627347
-1.026037993627347
-1.026037993627347
-0.3799406779679546
-1.026037993627347
-1.026037993627347
-1.026037993627347
-1.026037993627347
-1.026037993627347
-1.026037993627347
-0.8133507439495259
-0.5930188735016408
-0.6006634942717051
-0.6006634942717051
-1.026037993627347
-1.026037993627347
-1.026037993627347
-0.813350743949526
-1.026037993627347
-1.026037993627347
-0.3726870030537558
-0.8133507439495259
-0.8133507439495259
-0.6006634942717051
-1.026037993627347
-0.8133507439495259
-1.026037993627347
-1.026037993627347
-1.026037993627347
-1.026037993627347
-0.5853742527315766
-0.39522991950808295
-1.026037993627347
-0.6006634942717051
-1.026037993627347
-1.026037993627347
-0.813350743949526
-0.8133507439495259
-1.026037993627347
-1.026037993627347
-1.026037993627347
-1.026037993627347
-1.026037993627347
-0.813350743949526
-1.026037993627347
-0.5930188735016408
-0.5930188735016408
-1.026037993627347
-1.026037993627347
-0.8133507439495259
-1.026037993627347
-1.026037993627347
-1.026037993627347
-1.026037993627347
-1.026037993627347
-0.6006634942717051
-0.8133507439495259
-0.37268700305375585
-0.8133507439495259
-0.8133507439495259
-1.026037993627347
-1.026037993627347
-0.813350743949526
-0.813350743949526
-0.5930188735016408
-0.6006634942717051
-0.8133507439495259
-0.5930188735016408
-1.026037993627347
-1.026037993627347
-1.026037993627347
-1.026037993627347
-1.026037993627347
-0.813350743949526
-1.026037993627347
-0.6006634942717051
-0.8133507439495259
-0.813350743949526
-0.6006634942717051
-1.026037993627347
-0.5930188735016408
-1.026037993627347
-1.026037993627347
-1.026037993627347
-0.813350743949526
-1.026037993627347
-1.026037993627347
-0.8133507439495259
-1.026037993627347
-0.5930188735016408
-0.37268700305375585
