-5.640442357179731
-3.845449411123069
-4.0260955641885605
-3.895870065906321
-5.025092789883335
-2.780023114257369
-3.890071728290607
-4.015994480023803
-3.9803793546913386
-5.212215850203199
-4.228205393491887
-3.824611735674657
-3.764284784878707
-3.985986688278154
-4.020599561386347
-4.708675196762431
-3.9964273004279285
-4.005054839389981
-5.284958775577975
-3.9923400925417942
-4.040705380438409
-3.761694666510878
-4.058818233423485
-4.086139511801206
-4.088129635570941
-3.790931208023223
-4.178410475976152
-4.305462316349699
-3.9806415195058813
-3.4581359909480893
-3.607568442031456
-3.9710856473438616
-3.5799232326392403
-4.081809016016029
-3.921355681840855
-3.2710307134884458
-4.146707975715881
-4.0479698566938165
-4.303595554845744
-3.9970300861282766
-3.797522054867872
-4.082506266727751
-3.9705077531154904
-3.698244123204878
-3.9603723962136943
-3.9163740818065493
-4.02087179630192
-4.020210166811518
-5.786867717524471
-3.8802405745411095
-4.133853888735256
-4.501139037219781
-3.7983522521690647
-3.888794638693902
-3.9480940026599507
-2.946806538469897
-3.977445183090614
-4.084031997792052
-3.9241737581186946
-4.00890420901825
-3.9903153990640488
-3.8887514475230534
-3.368514356704744
-3.3151481116341195
-3.785533598452624
-3.472534024286441
-4.1097740514785075
-3.7618466525533227
-3.775453341635594
-3.63905256165641
-4.702268971069556
-3.9794951354438446
-3.9766615594400445
-4.00970942439924
-5.018435230753779
-4.038677228804221
-4.083259811724238
-3.309917843112703
-3.9774966131525793
-3.335686710720025
-4.037501667074732
-3.740720378252101
-5.041103060556958
-4.00073577646741
-5.008748181364892
-3.896155360124472
-4.056817251566134
-4.006748917914484
-4.496632288424548
-3.299227670848394
-3.9673883865841795
-3.5861599008401135
-4.081768907919696
-2.939561026946624
-3.87346631490572
-3.8293770988932434
-3.990214770890147
-2.672990885929296
-3.8763856231970704
-5.787067800487242
-3.988744603438519
-3.873019655155037
-5.0314019190966235
-2.9585109524200517
-3.9546518346442303
-4.2115825921375105
-3.981433791396639
-5.633572286762568
-3.987129801747849
-4.798567510477157
-3.96056222850307
-3.5694530218557072
-3.9661239819896403
-3.0342573314069865
-3.952637543759706
-3.9612164013057267
-4.772199614247212
-3.9900167416725614
-3.9926586129710535
-3.7842254216212234
-3.99084639235919
-4.142908465131342
-2.9464278236072454
-4.093939099017253
-3.98647578847768
-3.9860060624207962
-4.145826376364464
-3.4762166003492307
-4.075940824495901
-3.7620304466718313
-4.054559848313961
-2.796268766060065
-3.5937428292247593
-4.20517498344948
-5.009407428125638
-4.106761303282823
-3.969614716483881
-4.561593066508857
-3.8673503933588114
-3.3285252813868276
-3.9392701865105737
-3.8442230690799635
-3.9644360341257796
-3.7889071247758896
-4.40470374747432
-3.9720303750341817
-4.190108559998663
-4.017069800662817
-3.7645644282851976
-4.180123738879552
-3.9599071923525564
-4.10007331535908
-3.6329120344706998
-3.918091363942014
-4.300800922055484
-3.336637019552289
-4.078808503397972
-3.8729059234261123
-4.661417588476064
-3.9702141397204587
-3.336956487221519
-3.979898082991195
-4.087817576743793
-3.968885433868473
-3.2886122208337767
-3.7809669873559884
-3.773591591113145
-4.936727164067753
-2.932698576899438
-4.668828843558766
-4.040458996053817
-3.845965861724747
-3.5627895824172997
-4.124592426575594
-4.125018198316241
-3.9855976963450384
-3.596177317092518
-4.192350219611482
-4.649984173510789
-3.9516307089330747
-4.679980669920664
-3.0135136895779295
-4.908705886059224
-3.9848863854522953
-4.289459353592115
-2.940584985625404
-4.0107307982465805
-3.9503490440446667
-5.012654014736835
-4.194164961741211
-3.837557833645125
-4.042653747229358
-5.0280648594509065
-3.926057848960727
-3.8175661620456873
-4.205634290727123
-4.192904442749574
-4.160789486341377
-4.044574240995324
-4.165705363571073
-3.0352296493868627
-4.051523313022626
-3.9777401343449963
-4.49820919646375
-3.968374212562776
-4.167351768869443
-3.345965678132822
-2.9550788799720884
-3.275374915848067
-4.679959072429514
-2.95313868065891
-3.5845757609574127
-4.561852578765705
-4.084260324156352
-3.9104849212848887
-3.952726156762947
-3.934872230922429
-4.043035796342846
-4.088129635570941
-3.9856762888124937
-4.250198694287343
-4.296136692056768
-3.9229684925896535
-3.7535795509311054
-3.935357282836946
-5.082544490025055
-3.9843739995570093
-4.415633576535043
-4.032478285677057
-3.6262037686366693
-3.9575316724854064
-4.088129635570941
-3.0152459675167993
-2.879117696267933
-3.9843739995570093
-3.155531390321717
-3.9240907168046735
-4.036369754033143
-4.4971341276528385
-3.882864949697633
-5.021647110161504
-4.2445049324270485
-2.969305031418774
-4.121822212255472
-3.894982940149287
-3.708409612979673
-4.040203637113813
-3.935810628903983
-3.7865848688689647
-3.955487303178467
-4.204699375836462
-3.9085187711249496
-4.005318700914848
-4.706124322865932
-3.9894759152615205
-5.533661517018691
-4.45402082920968
-4.896051926336727
-2.9388703993199363
-5.453445439436864
-4.559076532670858
-5.021667015932234
-5.78822476600857
-3.565211465019816
-5.015034289495333
-5.3453385877132495
-5.008387912365421
-5.951023677939489
-3.919911004260756
-5.395954170051375
-5.411943919655487
-5.331932522397168
-4.015024460237609
-4.061461161026253
-5.5853466481907175
-4.690888065825081
-4.063540909761843
-3.9848855706527306
-3.988744603438519
-4.262209522626798
-5.009207462937849
-4.731796568381675
-4.010008319856952
-5.444371823164607
-5.530481153193069
-4.495733351670961
-5.00991957859597
-5.531396161651734
-5.526290031255945
-5.539699891433938
-3.9981549845154696
-5.842493041730488
-3.7471041365909774
-5.951023677939489
-3.4254267474631903
-5.938502061121782
-4.749319089147907
-5.091444412042417
-5.86504579334175
-6.011223919377803
-5.938502061121782
-4.015586930510121
-3.9775821504102087
-5.116683407423756
-6.011223919377803
-5.959456369872467
-5.890823436501174
-4.7430728726842935
-5.192946348417974
-5.949902839107543
-5.065091861617489
-6.011223919377803
-5.971977986690174
-5.937626473341131
-4.727403014004615
-6.018560400478927
-2.973194601951658
-5.027414445964908
-5.623111923034996
-4.826822228396518
-5.954204041765111
-6.012717876820274
-6.002393480834209
-6.011223919377803
-5.988663333006674
-6.009729961935333
-5.379480158830158
-5.713014423947222
-5.69535203910398
-6.011223919377803
-3.5969720553212445
-6.011223919377803
-6.011223919377803
-5.955427738553141
-5.842270262404492
-6.00418277961807
-5.00563224265619
-6.011223919377803
-5.8523724180386765
-6.024622974666502
-6.0127178768202745
-3.8978503825085244
-6.010394429543144
-6.003887438276679
-5.9547402073448685
-6.011223919377803
-5.837977833210669
-5.003385651927485
-5.955427738553141
-5.690431894129651
-4.043154557546566
-6.009729961935332
-5.892317393943645
-4.673834683419282
-6.024622974666502
-4.802559404358875
-5.500339324256915
-6.048899104408205
-5.924227418052432
-3.504106894425127
-6.062298159696905
-6.062298159696905
-6.014807591648675
-6.062298159696905
-4.560073613875606
-5.966940910455689
-6.048899104408205
-6.062298159696905
-6.062298159696905
-6.066397520406182
-6.253228013552166
-5.896545193228362
-5.727869924985631
-5.9126169253140075
-5.812327188777831
-5.652017194511095
-6.306380597644459
-6.253228013552166
-4.140616524105348
-5.8574402066936155
-5.925372055299822
-6.058198798987627
-6.306380597644459
-5.958864217710858
-5.5000210879392
-6.118150699839047
-4.784134356208566
-2.8200198177985305
-6.144726991885194
-5.701647774011882
-4.5717924707068605
-5.993376352561127
-4.055369864280248
-6.1265852695958944
-6.3148151674013056
-6.3148151674013056
-5.989034585188903
-5.730653314083
-6.3148151674013056
-6.105046631650653
-6.106992945769207
-6.106992945769207
-3.98053438897064
-5.160841664692232
-6.3148151674013056
-6.3148151674013056
-6.058865544448686
-4.929372647383335
-4.856059389444479
-6.2177537879233356
-5.294240802289699
-5.056433457336887
-6.106992945769207
-3.0756146476149375
-3.4591151858927014
-6.3148151674013056
-6.289068365189818
-6.379174273625464
-6.379174273625464
-6.051262518720971
-6.393882676728084
-6.206025671526537
-6.024442499670764
-4.092722642379093
-6.384218991042187
-6.379174273625464
-6.2857229801005
-5.999128957463199
-6.13282086171443
-4.739197209511984
-6.423573642381027
-6.231499352301057
-6.201808386648114
-3.8152331875600805
-6.29384882502147
-6.212044004519783
-5.856368785917241
-5.05032947614186
-5.858508353737255
-3.3111224450501786
-6.27647470331915
-6.501446755672427
-3.0043928541256166
-6.210904056585256
-6.323249737158151
-6.177729863026053
-5.457243484379282
-5.943590419291107
-6.501446755672427
-6.501446755672427
-4.99569822710648
-3.970548407433652
-6.501446755672427
-6.18637140470022
-6.339793149913162
-6.501446755672427
-5.71314921397622
-6.107297984824323
-6.478474232605588
-6.473684814543788
-6.085343455932917
-5.845546172780474
-4.650703695934597
-6.276423364468962
-6.292228829634823
-4.89820056335898
-6.400732408066163
-6.493012185915582
-6.501446755672427
-6.4865974315016235
-6.486908802362434
-5.09287998036287
-6.237027993036122
-6.470039662848743
-6.3700422881091665
-6.28631859778374
-6.393882676728084
-6.233983931444007
-2.966778428622952
-6.57686129687091
-6.261579980801609
-5.035186753946893
-3.9241737581186946
-5.561561967804158
-5.105286398940178
-6.132820861714429
-6.492182696080922
-5.8628890796391095
-6.048509814815527
-6.331358580156316
-5.119052759224265
-6.260057950005551
-5.667557656781038
-6.3862034555553455
-6.1245462675972275
-6.1542372332501705
-4.016813291221545
-5.880616812476978
-4.938182882045645
-6.0097340965681445
