-0.3663594507992567
-0.8001734303404326
-0.9583160616165651
-0.7759042219743435
-0.64625992494173
-1.0561607596584448
-0.6786149649179869
-0.6921802988671528
-0.7933949992157459
-0.5745704342004103
-0.8111237753549876
-0.8088912116293656
-0.6409757890807422
-0.34658152769477724
-0.9610083301817709
-0.7926844458267812
-0.7733611875634105
-0.8399944904811156
-0.872879638625851
-0.7894039391370038
-0.8756081639659836
-0.7864462848732021
-0.919593424928161
-0.2625166893506874
-0.6772963587280199
-0.4057704803797533
-0.574440782173351
-0.8005283922970365
-0.6354587766682727
-0.29589207537566864
-1.381844725083428
-0.8718573726741923
-0.8293458921833103
-0.8786690360234193
-0.7592928840261077
-0.585817524000797
-0.7518533198939572
-0.8191439484338661
-0.7393552085065354
-0.545881425015887
-0.7843288522484331
-0.8153725117331465
-0.767902749019461
-0.7908867193618985
-0.716309550737444
-0.6725079937974661
-0.7230614395483874
-0.5942331648495731
-0.7495676793164217
-0.7895157245203084
-0.7880841695474148
-1.0549087848792396
-1.6209506770430986
-0.5857991117674599
-0.8688212815278114
-0.679249149466437
-1.1457826801342028
-0.44733548921676913
-0.7890928699569191
-1.0186827935454676
-0.8314473482385782
-0.7253794444892998
-0.5439363389476544
-0.8529677322624094
-0.9991607216469554
-0.4097939741268499
-0.7797168440397604
-0.7296297259417832
-0.5976522068778367
-0.8010506854730197
-0.538905047799596
-0.7946643205942125
-0.1695607334851541
-0.7632651375601842
-0.70913865050494
-0.8010933550243147
-0.7615966009317221
-0.8198326973188808
-0.7898491317332996
-0.34008781947087297
-0.5718196686605825
-0.8726473195343791
-0.8175617973496854
-0.6864147448572426
-1.1481999603865374
-0.733027815466933
-1.0568836749241353
-1.1716288730547602
-0.8285754150756226
-0.7089361033611175
-0.4497117056971991
-0.9694972855425963
-0.7570371376857894
-0.5120756530708102
-0.8843716362382992
-0.7064663056204221
-0.973466503441927
-0.7446945271362724
-0.8159726727595453
-0.4777962351240399
-0.7679612404629728
-0.762233260847176
-0.6440752413788005
-0.8540938683608319
6.776263578034403e-21
-0.7179040290966867
-1.0723606392270693
-0.5118405975467768
-0.6881007144977325
-0.7882037948498226
-0.9263000377343689
-0.7599334109081379
-0.5411416639169522
-0.8012691044430484
-0.7142952299418912
-0.822771523039957
-0.7194597626979071
-0.9393033209765655
-0.862933293132385
-0.8259772325770305
-0.7468404346621682
-0.9049756827874544
-0.77988760293354
-0.686403290892529
-0.8406168582650353
-0.6704914979817893
-0.7442833002972904
-0.8271876373569689
-0.4349821875843327
-0.7222508140885333
-0.7540676660450529
-0.43152344572724033
-0.6808648094240688
-0.8445702425961361
-0.8558439434360787
-0.5418990783624054
-1.0528749393494845
-0.6375870465967255
-0.7915740294194089
-1.0258456742021886
-0.9091933139819668
-0.5995433943084381
-0.6952749961278166
-0.5271520959414158
-0.9327249277459004
-0.7789810798789372
-0.7859675545627542
-0.8511694867723008
-0.6767627596949772
-0.7576182314884976
-0.8964585291640965
-0.5993570044854701
-0.7311240907084455
-0.8157366420867893
-0.7722766131401171
-0.7759740712728354
-0.5162267030079253
-0.6808017545370459
-1.109753331273783
-0.7783156867943557
-0.7987088343616779
-0.8193668750394147
-0.6140725567492424
-0.6278863215218422
-1.0659120820603425
-0.7605652282207602
-0.7180331213467905
-0.7143038150983667
-0.7064875673075806
-0.7872068276359467
-0.7710452706118289
-0.721036364970538
-0.8617297017226031
-0.7741868668142322
-1.1126121069475303
-0.38911211108610644
-0.5966123759367887
-0.7871469227382688
-0.8717180942914733
-0.7141835729527237
-0.7818272829078845
-0.7331568855240524
-1.093523087203275
-1.0500126404294345
-0.6245222371233989
-1.367234848905687
-0.755927163196894
-0.7918358182769722
-0.32698518514650843
-0.7476518566884174
-0.7695299240570614
-0.4644552265551374
-0.4093271665830862
-0.9578424442141884
-0.9133115757543129
-0.8816548536523152
-0.7839504787355676
-0.5087450718088595
-0.8360907970339468
-0.7425448877138114
-0.6232649932998706
-0.7721887661098492
-0.388965566331418
-0.8023812418133964
-0.8107126047212363
-0.9626536545196274
-1.314168729891703
-1.000803267071059
-0.20865236118518293
-0.7335342311145272
-0.9935079851183835
-0.5710909172458374
-0.7636216541172507
-0.5547330928836063
-0.49226071138276595
-0.5318053666608407
-0.6978510736158272
-0.7747881601548672
-0.8055988691209897
-0.72462628704998
-0.75973462296633
-0.5470774604923907
-1.2022087580750838
-0.7103115691579243
-0.7485411674532143
-0.6898836711664078
-0.7561503563113501
-0.9166132554620718
-0.9120083486208381
-0.7976171318502878
-0.7114395633002437
-0.6031728417270852
-1.1273734653197387
-0.6489600595416132
-0.6963918998966561
-0.576978942031956
-0.587661651207565
-0.8438057536692596
-0.8570304338361572
-0.671826559424411
-0.7984678685992082
-0.7205520696562369
-0.6972951731545631
-0.9241005787272911
-0.6459660081281786
-0.5804570521064676
-0.7242669253250327
-0.3881693173268834
-0.23316529436424993
-0.7829883893553555
-0.905016712664942
-0.7282588487385295
-1.6898604233396792
-0.7347164093016527
-0.6350332477632605
-1.5785786937299786
-1.010639713104049
-1.277181851319611
-1.1576088418784156
-1.0899583677027476
-1.7084876843792332
-0.9487280570550158
-0.43772304134612217
-1.2580880740099731
-1.1850567108052266
-0.7658888444800249
-0.7615579986377048
-0.5960922042063856
-0.9398352321633086
-1.5155753937908765
-0.9717751385831992
-0.6830771058812442
-0.7036446546041324
-0.875890223729761
-0.23544667847015344
-1.7599985574281982
-0.2814875265116825
-0.9833760177676578
-0.5720078200962071
-1.3950507564520302
-1.5961080769589806
-0.8989712800862919
-0.6509572280757308
-0.6667720711830318
-1.3253152624257565
-1.5670834017361193
-1.877586460899216
-0.9568135104723963
-0.963904790909289
-0.5465119824608253
-0.4015245292484124
-1.6515669882384203
-1.450834553132177
-1.1417258778066786
-0.8714027262135735
-0.7435831048013384
-1.3780521077862078
-1.044840625716299
-1.2563241502069635
-1.2010122433085986
-1.4883315488806845
-1.8885791668579324
-1.882863467839515
-1.3799743285632013
-0.6239499641788546
-1.7542167381154474
-1.4423781978946737
-1.8122603815072842
-1.7451658306358473
-0.8114231442254347
-1.7804401787803843
-1.162608575759493
-0.6355150602882711
-2.020199801535157
-2.0497292274898222
-1.8354048053860614
-1.364348318547691
-1.713270438533499
-0.8092692912460171
-1.266343209459035
-1.702212424942628
-1.6771803171792872
-0.7391109149101425
-0.8173006075887752
-1.4925609642536815
-2.1046191046517437
-2.1312735003950154
-1.9326297418370548
-1.3843601450200644
-1.0750571665798097
-1.4950972092437218
-1.7964229401820604
-0.6796092786771082
-2.109571206045078
-0.7583723341977118
-1.9326865256246935
-1.027802426602653
-1.5760312764088988
-2.095403204215055
-0.8589655505368965
-1.9876317810579383
-0.8684525675427484
-0.9595322368377
-0.9316231454789281
-0.9836240854481542
-0.46540858352653647
-1.808444692033457
-2.0282181576689653
-1.7268082691616806
-1.8264070578517582
-2.0627934636049483
-1.4432722052300866
-1.7695906302125515
-2.0902722161057694
-1.6125361947006511
-1.808444692033457
-1.6729823781651412
-1.9276322276346103
-2.1089692335774353
-2.0002761391580672
-1.801792268935885
-1.4371893006942607
-0.7522033230094136
-1.3970091281019137
-2.0396126754005337
-0.5617971081335447
-1.801409727757493
-1.9409937882539836
-2.1312735003950154
-2.0910331689577997
-1.6661324542967773
-1.985179175002043
-2.020199801535157
-1.5519142013510807
-0.34575747867780837
-1.6969533003864976
-0.8083456078038704
-2.101792396190057
-1.4329719518309623
-2.1312735003950154
-0.7365514086102571
-2.1312735003950154
-1.9139895081530276
-2.0056503331475093
-1.5447110893976435
-2.018497028366815
-1.8581124606149375
-1.870275147169525
-0.6570029229003342
-1.7612990977835121
-1.6533530855186376
-1.4561432261681655
-1.6410523336022926
-1.5410497738846383
-1.7268082691616806
-1.9276322276346103
-1.0274642810097845
-1.622501183550685
-1.4045582393077911
-1.6423146995079954
-1.8618567200826526
-1.7277587873448503
-0.5230620623008484
-2.2444804261326117
-0.8405512889666911
-1.9139895081530276
-2.2444804261326117
-1.8490522159919207
-1.6096591052392073
-1.911473949198787
-2.2444804261326117
-1.9452936378320627
-2.108756774171934
-1.41938547113718
-1.8080554364649917
-2.230381450026171
-2.230381450026171
-0.8387689551500306
-1.5077390507339667
-1.6378378977171004
-2.230381450026171
-2.232255959058855
-1.8081504835861724
-1.2202227925401479
-2.015835450488878
-2.1973473508547534
-1.9837678520454771
-1.992359987323721
-1.9778262432202038
-2.2208312364051066
-2.0106668695861343
-1.8789351334709368
-0.6448044206388692
-1.6227869849400252
-1.8640817013189261
-1.3055688017436369
-1.6036913734967553
-1.8921594793156613
-2.2775145253040288
-1.9097566340917203
-1.9476728702292672
-1.8423199425061991
-2.049953471321217
-1.9708443746509245
-0.6841234662308793
-2.0497292274898222
-1.8078320704686517
-2.021084517877083
-1.2767211014536999
-0.8479200879430491
-2.0322749233877717
-1.8921594793156613
-2.04814538065252
-1.4951111207465821
-1.8711629484317873
-1.4612961809652334
-2.0226315042740217
-2.230381450026171
-1.0868341862621516
-2.2775145253040288
-1.996920646356494
-1.8694666168058962
-1.6378378977171004
-1.3381516501905466
-1.3091750484251152
-2.232255959058855
-1.9382517758131241
-2.2314972668333755
-1.876674922219855
-2.2775145253040288
-1.6946617825515196
-1.8544565347408253
-2.012988085160272
-2.132109937596933
-1.8217332611366386
-2.2374309380793913
-0.7673859333412674
-1.9417987198963553
-2.291053309316511
-1.597039202010202
-2.2549577983796993
-2.1838085668422713
-0.8249802144245271
-1.606765806292299
-1.8997623570236248
-1.8640817013189261
-1.7585746532533593
-1.4729574179561555
-1.9192471179685913
-0.8416563282289964
-0.6465136189361917
-2.291053309316511
-1.6147678584355796
-2.2775145253040288
-2.04616212406542
-1.8897457557340953
-1.8787602387989577
-1.790437399810167
-2.2992755972343115
-0.780069745493269
