-0.9007048385347911
-1.0824479662186248
-1.009336627284037
-1.1417177386507005
-1.065983214753751
-0.9855351588338879
-1.1814957971254754
-1.3094664407591212
-1.1671373607503064
-1.3757802974742273
-0.929527602211186
-1.0363509359330578
-1.1455408446363395
-1.3727831598718114
-1.0957069042704108
-1.1970040210924937
-1.0002727618457246
-1.246708989983944
-1.1377968397088516
-1.167950155837076
-1.1342692277118203
-1.2104556686043955
-1.2360053132476176
-1.1276555912111568
-1.2499547144139918
-1.3541458846617012
-1.173080131006421
-1.5472592610800833
-1.1749772249799713
-1.1526999929886026
-1.1574875908457716
-1.1622514618636868
-1.2773831488762126
-1.1673706230860144
-1.3644931366749304
-1.0444067103418933
-1.1082694118755043
-1.2806642399972423
-1.1657321559635707
-1.172365929025494
-1.1384943796402638
-1.1311676323962496
-1.139908543916114
-1.03960969586447
-1.2809287911399148
-1.0499372534641362
-1.008501838758714
-1.0598402064822703
-1.1785944883520223
-1.1043645367682973
-1.187147883073167
-1.5653518852666082
-0.763836836519574
-1.3094291804865272
-1.0953689817430008
-1.2364141753056481
-1.0525024408344708
-1.209058077595536
-1.0083819332026143
-0.9664075892138917
-1.1758047708735413
-0.9793096647189681
-1.0700029196343421
-0.8743644674589994
-1.2601847806828457
-0.9325187580042869
-1.1595308482194904
-1.1308123230153826
-1.06503148323445
-1.0006890025237096
-0.8693919920216002
-1.1887133316409013
-1.083126216197154
-1.3529804345286265
-1.0136325003561963
-1.0363055474751635
-1.08183259444034
-1.003564976496858
-1.32490129749858
-1.2773747525581545
-1.288596177781474
-1.041293721909497
-1.2036930693282333
-1.0873102850178498
-1.247605223290043
-1.281844415875606
-1.297562138247263
-1.4220942890370187
-0.9722797634881788
-1.1526423328555602
-1.161167190146267
-1.071397154392161
-0.8108593769645553
-1.2498441176366168
-1.3131884406608045
-0.9688370420846959
-1.2797434984556366
-1.1952368575004328
-0.8521057545444113
-1.0472858466569943
-0.9618446087106682
-1.12775068898023
-0.9259979312812532
-0.9749380145687958
-1.133911379957913
-1.00228356787924
-1.0699160546040734
-1.3101157176424736
-1.2570222548615289
-1.3087172076382028
-1.2113258774802578
-1.1812071462537213
-1.4336583474926958
-1.103553458832533
-1.0953928567749567
-1.1395958013310659
-1.2120051043057156
-1.1549647851402214
-1.10637912782733
-1.286647839057514
-1.3300298246751523
-0.9241862555428795
-1.2398078663882708
-0.9464310481548655
-1.1830050457216985
-1.1217573188499212
-0.954640441026712
-1.1426601662606926
-1.093334555533704
-1.1625255927084694
-1.0982542557703674
-1.1583656437793213
-0.8843074197476137
-0.9255618721333447
-0.906359174381437
-1.3696646498277105
-1.1461474501467457
-1.2129632116400955
-0.9235774950496012
-1.2555376079478058
-1.0483821305065035
-1.091900412831341
-1.3679865770482578
-1.0083653837325564
-0.9390308383024544
-1.0959025743898945
-1.0025352791951154
-1.0572972208579006
-0.9759584521405569
-1.4400837333938665
-1.1704578733807862
-1.0714093307096215
-1.1100232776330574
-1.3329862261327232
-1.202304143925217
-1.09203997080867
-1.3644529151809652
-1.3523836305460266
-1.1482098405078567
-1.1178137106810664
-1.1418247000029154
-1.072474636328474
-1.3855908473380922
-1.0172693454820103
-1.1333875126042026
-0.9627342240321677
-1.1859790808458497
-1.4203104864386558
-1.0467691036792925
-1.051246398467589
-1.19048093025591
-1.113774496893781
-1.2242374358901031
-1.2317438713270268
-1.0326406002320354
-0.8484558298330711
-1.2072047859402293
-1.1149002985483465
-1.3411676516201827
-0.9932719111054507
-1.1062443557923505
-1.3235581960264358
-1.1838240239166278
-1.1819276387344715
-1.1214119595731011
-1.247342873425373
-1.1945517675962183
-1.1648994871781966
-1.0807156794634207
-1.1361615102417097
-1.183782337818723
-1.0838050491913243
-1.0806843885581308
-1.1806156072907648
-1.2675552449562035
-1.2716171302178583
-1.1762516524310636
-1.1439288528774725
-1.1272299426604526
-1.2219764901683456
-1.0811050043338524
-1.139823777801404
-1.1047047934584726
-1.16510120341266
-1.019787465752497
-1.2456280940010438
-1.0692762811797851
-1.1302342247364052
-1.1019499158499206
-1.3075485106565767
-0.7162055871403195
-1.16262309585673
-1.0099480533360037
-1.323839543034396
-1.1954118303271413
-1.2166009072783508
-0.9647050957614627
-1.1321591109589972
-1.381473376946853
-0.8677870650052508
-1.4266373244444464
-1.0192070224217664
-1.1623360558698925
-1.0977491170124059
-0.9803191546620447
-1.0632024202398944
-1.2404009525083763
-0.9672166626940979
-1.24936365691722
-1.2258178132103899
-1.2549282165281421
-1.1646280818496555
-1.1694023055272122
-1.1371289477985127
-1.1582968484241207
-1.1524723682358204
-1.1336746200811683
-1.1414443390013989
-1.1863102316716452
-1.1383004976966813
-1.1722804006426828
-1.3223990864533968
-0.9750721786084133
-1.1402758385010299
-1.0794106352721027
-1.3018421942633678
-1.2204543443848443
-1.0107764295373438
-1.1442931853892269
-1.184568647328704
-1.4780894653898158
-1.2474802075913618
-1.3170382666226468
-1.1541338645843706
-1.1178966381466577
-1.0918489061029044
-1.1625741003285506
-1.1167263219469086
-1.2082926864401466
-1.4790426518865902
-1.143768962596654
-1.154844857537329
-1.1766102775763283
-1.462428762254524
-1.4513234831535646
-1.0813657972217867
-1.2305519480098481
-1.2844975542902337
-1.1400058502124497
-1.6365163510211191
-1.4750630914960254
-1.599983801091203
-1.050487743694978
-1.1425646041956123
-1.17817453867942
-0.9264668248703014
-1.080699588937931
-1.2428641644145237
-1.1519242615774377
-0.9744770258643074
-1.1401595014046264
-1.0762379761758845
-0.9682792405652374
-1.4403180498133592
-1.141585191877235
-1.0344106944506133
-1.5019562191291573
-1.7137273913514735
-1.8010795106539486
-1.1810167184714517
-1.087542784951713
-1.678545527995301
-1.1901681149614158
-1.372004143620801
-1.1289759038384943
-1.1535140285255507
-1.678545527995301
-1.194128759181476
-1.2093647476940257
-1.8010795106539486
-1.5519026653969696
-0.8245118606810307
-1.0678132312576407
-1.1460332385699878
-1.2870353954593265
-1.2210141089094204
-1.8376161963191109
-1.4340228682735634
-1.117989827220295
-1.9063849263998942
-1.7967504555676181
-1.9030927148973635
-1.9125735122314524
-0.9496840028635751
-1.1314994274112347
-1.9145976031991174
-0.9658373419222306
-1.5421965129331117
-1.1275960452553622
-1.743191677604555
-1.3578820888299532
-1.3125351274365018
-1.4641159964936707
-1.488447482728271
-1.6631142449619558
-1.9630521347412673
-1.621819606391174
-1.4524972862976218
-1.1965097059014091
-1.9142722475114677
-1.7821842375106591
-1.7366157574450978
-1.9290534956831142
-1.8335255029873507
-1.6776904503939258
-1.8577613795642316
-1.832528046331003
-1.6301796474888857
-1.711572007291358
-1.7310829078051961
-1.0559410041727695
-1.1324152305877164
-1.914557241783346
-1.5650382221948704
-1.945943450609342
-1.7351992629548039
-1.9289441310802657
-1.4029089497809601
-1.3171062783893568
-1.4941311537511996
-1.9069792200477358
-1.5074025933356467
-1.6330547411580802
-1.6297629956454163
-1.9509669621746553
-1.0598728703641416
-1.584813788650377
-1.8014919249178512
-1.0985553904926286
-1.7884027672514682
-1.9668216350218413
-1.7423507847510322
-0.908275708867321
-1.7884569444459504
-1.589894265947268
-1.6464815598481088
-1.1874825029833196
-1.6696365349630269
-1.9140117855037029
-1.0851888342651517
-1.9668216350218413
-1.2932738502815382
-0.9769630760159509
-1.3456847345320626
-1.0509441121052077
-1.8595710537098458
-1.9289441310802657
-1.719751219815735
-1.805144531896477
-1.929489322125149
-1.9580392665647608
-1.5880912760862351
-1.4509046107760852
-1.2635127987246788
-1.4571302727968698
-1.7708018232507188
-1.6770255737859463
-1.892985424249424
-1.7033485244082938
-2.086175370983452
-1.17111651359032
-1.2501013773761689
-1.9655701022071876
-1.698787224872285
-1.914557241783346
-1.6757747604913606
-1.2434568730215787
-1.1332236129662996
-1.731063480687157
-2.0426877213405366
-1.1595373616636446
-1.1379453044898824
-1.815200540819995
-1.106104760115151
-1.944691917794688
-1.9138509000135762
-1.7351399909535057
-1.9093840682779346
-1.6577243886717108
-1.0437944589874482
-1.9512259887176033
-1.2929739728323848
-1.711785546467377
-1.6280534319770736
-1.8006115500133957
-2.086175370983452
-1.5741716892981326
-1.059408745045539
-1.9487057856524168
-1.059408745045539
-1.4747694315171147
-1.9624440942739376
-2.032980987374393
-1.4786100066325791
-1.4102774308581734
-1.9343680564434793
-1.5974074156210998
-1.944691917794688
-1.7318411888741108
-1.7690770281934474
-1.6994853422321703
-1.944691917794688
-1.6909702962430067
-1.9413346660440745
-1.7877085563211343
-1.5600880828051231
-2.142143926668487
-2.198099955106622
-1.6397779818352718
-2.192260171200614
-2.142143926668487
-1.393672184178992
-0.955471745018722
-1.7331855554620734
-1.8589613337775122
-1.1593167204099348
-1.598925888115288
-1.780441609153963
-1.5150528646283847
-1.9565711972229511
-2.1242628930843095
-1.5165284088791138
-1.741130472647395
-1.562396064071979
-1.3521097522622236
-1.8187288792570206
-1.8358571535117716
-2.2295955285354663
-2.0241261680094507
-2.2635941675936193
-2.4754725890422655
-1.3530358398651319
-1.0688813403285424
-2.300612669465653
-1.8567601954465371
-2.1492800101026193
-2.5747374158916188
-1.4306562322391203
-0.6114985415074181
-1.1121084624808568
-1.325345586739553
-2.248381369429212
-1.0490739810727754
-2.5378892529972563
-2.5378892529972563
-1.2682357346421882
-2.2009131306839267
-2.159253997140502
-1.9830606659811045
-1.2673413623615377
-1.5466419128243127
-1.8847965702894953
-2.230995471680629
-2.14803677965642
-1.7342394497178355
-1.5715473610103694
-1.3445545198839226
-1.9033818887178553
-1.9744975985234419
-2.5378892529972563
-1.4802003991066925
-2.2138344078823957
-1.5924892795919359
-2.2549883859716546
-1.4252034257772808
-2.574604509585938
-1.1455408446363395
-1.9419708374137792
-1.5391381069034327
-1.8950956088563458
