-5.669917539299531
-4.041251687444628
-4.049249088254367
-4.4328914331875175
-4.989668794749026
-4.141459729278141
-4.019525830930409
-3.8379218044642913
-3.932325552042002
-4.020477775708725
-4.1510973031726675
-4.027898227853149
-3.9177510775669937
-5.017873432160288
-4.28912276789014
-3.889940636717284
-4.059529645545325
-4.521087477475034
-3.629366030232803
-5.076583176671873
-3.8218440964562754
-4.213291616535733
-4.526412563914623
-3.952107014360841
-4.049048503048561
-3.7220379140914783
-3.9254431489301895
-4.05152411050035
-3.9780433295619737
-5.140916401240542
-4.142089744514706
-5.059064577099409
-3.8795907393629747
-4.435530892486567
-4.0468051386989785
-4.335090673616852
-5.095804607947991
-3.84385134708062
-4.045653792065007
-4.3869746422072335
-4.043878665269073
-4.2563317309672115
-3.086357215688605
-3.9880545380127703
-4.104559146739319
-4.460828040760039
-4.74419653570967
-2.4978983763666482
-4.858997160551619
-3.750558630479879
-3.9446285290685674
-3.8176198568461954
-4.2050829008053965
-3.726288446514636
-4.035257137437358
-3.7089317073902963
-3.969447967370129
-4.141722098405281
-4.041496532414963
-4.121272423465955
-3.769334936047396
-3.9836585975176018
-4.363489448435181
-4.044304690418498
-5.691956978154986
-3.557701574772544
-4.282346726918751
-3.6089739033962083
-3.6263540504926244
-3.6686053624792607
-5.078711864586307
-4.05649457369125
-4.109488875180473
-4.151084663193384
-4.100068759759441
-5.1274214536704426
-4.024124274312794
-4.4607522646306155
-3.9955317017053846
-3.8941469743540846
-4.048010761065896
-4.027641171300201
-3.948440674562659
-4.041453308610501
-3.9767062724159796
-4.037010178577851
-4.044386248546262
-4.362974373032879
-4.527158069558194
-3.904510942839342
-4.097670304672075
-3.6420693548791334
-4.122434857596007
-4.053262610348422
-3.4989721395324294
-3.7543810564659763
-4.442253104378921
-4.015028550746733
-4.289240183163247
-4.737125595637346
-3.5290656978472104
-4.044515228271978
-4.103794460664243
-4.066348848415006
-4.2698226733378615
-3.9044365557232146
-4.038809147670563
-4.557652575736062
-4.113709936365739
-3.9522564557421047
-4.109572648309604
-4.128779299487891
-4.506171773291866
-3.4534896957963688
-4.672396978434842
-4.324760755499544
-3.88980290943528
-3.6960438624327194
-3.7641113934687276
-4.050011104439254
-4.014691197124845
-5.445282600386472
-4.213853644824287
-5.390493143899351
-3.694231730828848
-4.210043738592595
-4.03145635324331
-4.471441157063168
-3.9448712943996895
-3.951404200125242
-4.014815224472066
-4.05955883070982
-4.048418593503953
-4.048352801013108
-4.123511777016053
-3.483036188351239
-4.138697593096005
-5.078010162313044
-4.722915011181431
-4.011263500498575
-3.691476462177186
-2.5679575176912506
-4.111100545245782
-5.064295329630905
-3.7123909805885673
-4.147847698030545
-4.086432613963285
-4.274898966650434
-4.0430824841768676
-3.0841503837379993
-3.965119524669966
-4.03823906660164
-5.502463589770013
-4.460828040760039
-4.079892877490549
-3.9530883126787995
-3.3753522139838203
-5.444290383822141
-5.06242046477888
-4.135903649157269
-4.1459018900087985
-3.9444254442042097
-4.182266727097869
-4.7999017035390485
-4.063661323975354
-4.043313650679417
-4.059757510971896
-4.07761633513428
-4.173461956031227
-4.02349183900586
-4.0266015737543785
-3.6702259596982225
-3.0678392382452353
-3.8434454923329424
-3.824191688182697
-4.143493509482846
-3.5200255902936757
-3.9722398219554327
-4.114386713197634
-3.3110222382289827
-2.910844757761592
-3.9704399774969827
-3.171642066887352
-4.983790927412967
-4.5494489054485685
-3.9501850246308976
-4.03907777959792
-4.045265209538683
-4.443923673279663
-3.20147649564824
-3.648848474020703
-4.052739404906314
-1.6850789347491713
-4.109182380259829
-4.313077861649907
-4.107776620953691
-4.059338206920115
-4.692023441581106
-4.045265209538683
-3.5053271816891716
-3.72686236682004
-4.03598589167994
-4.81353773477095
-3.999116026753531
-3.98222858487762
-3.6988236494152558
-4.091121334931257
-3.020797955459383
-3.555722907189811
-4.046239229490056
-4.828835663231323
-3.9526329948442482
-4.180604228438241
-4.045265209538683
-4.048103335081402
-4.349914830691177
-4.037903604185837
-3.971412825181295
-4.126086234207012
-5.571925799203293
-4.049077355032775
-4.128750785350611
-4.09919226298411
-3.0210308012537297
-3.951901347836235
-4.632928008413769
-5.067166359679451
-3.9354100640188965
-3.890746655600023
-3.085465634427071
-3.9898372459576774
-4.123538538738833
-4.048613537363385
-4.064370696474119
-4.151362940256439
-4.464841562854094
-4.038747502035922
-3.0973011694105157
-4.461101437304983
-4.0516825690236065
-4.032736846576222
-4.046441438735897
-4.343170165536761
-1.8257585275071584
-3.8263665951838224
-3.339425431789939
-3.8854475182719685
-2.894689107316455
-5.0796964267113704
-4.302359254254104
-4.014145594064145
-4.420216536972878
-5.378672279660224
-4.0453981200744
-5.115318023071733
-4.211310753479673
-4.412516194623447
-4.0950403956410515
-5.655106749384398
-5.427787590109936
-5.783639309640164
-5.727969232720405
-5.2316757681490405
-5.830857202137776
-5.5253137061025805
-5.067166359679451
-5.055378575709444
-5.076479843207105
-6.090909682113128
-5.169399919425799
-2.8592729304195776
-5.073117961960569
-6.090909682113128
-5.624312289952649
-5.115829456821642
-5.107530986395508
-3.936313866634115
-5.068365611423384
-5.084774399855377
-5.040001248720847
-5.475795684174677
-5.988550108308387
-5.741678473354077
-3.8962151448307756
-4.110963134848787
-5.212393606443565
-6.090909682113128
-5.130747185647109
-5.135006669116996
-5.226770248371367
-4.050488813535258
-7.116211357575926
-6.084569091257189
-7.099342218062235
-7.099342218062235
-4.494272048329082
-2.9058524749756787
-3.049277146104406
-4.452111949863541
-6.409933587951419
-5.012554456921425
-5.776848049128552
-3.7266272291920117
-7.210537273979595
-4.8435827789380035
-5.991026115369309
-7.053216390699453
-4.883844899441027
-6.328223801469255
-5.069660758365377
-7.004897045763695
-2.7007665136027645
-7.1013458015287085
-4.562462001984422
-6.889373568351487
-7.082473078548543
-4.075077085089808
-6.92733062679329
-6.172736091033387
-6.054969086821979
-3.0223349266467774
-6.4302811690403585
-6.0038289450674505
-4.448784211292725
-5.732723311445235
-6.468370991298278
-5.36619013205376
-6.242497378046781
-5.581858278758437
-4.045427677197723
-4.952885400279949
-7.132283464216963
-5.710361149434552
-6.655840661436188
-5.062551965022751
-6.063403656578824
-6.863305460000514
-4.002176682647789
-3.8020820745017883
-7.116211357575925
-7.338601469410647
-5.135202170815333
-7.210537273979595
-7.218971843736442
-3.7547460406920936
-4.492955150388255
-5.035109679718818
-7.210537273979595
-6.013216271066257
-6.844142493588456
-5.137363698285055
-7.371892678869093
-3.987843761386764
-6.467311434964064
-5.792165327606597
-5.82227924122475
-4.106060750816001
-5.699291550238366
-7.115414324703272
-4.015435002397204
-7.1013458015287085
-7.3634581091122495
-6.989132636929215
-7.147520795269414
-7.131466706893195
-6.177809080248668
-5.56371538893786
-7.218971843736442
-7.3634581091122495
-7.3634581091122495
-7.3634581091122495
-6.436226087932429
-7.379693003242677
-5.76910169075908
-4.749111275580557
-7.089065990122023
-7.1013458015287085
-3.4072335200439103
-2.6098288990138627
-7.379693003242677
-7.379693003242678
-4.067505305040301
-6.041436162942651
-7.379693003242677
-7.379693003242677
-7.395927897373105
-6.715253013754042
-6.39079140748993
-5.712236438728741
-7.126864005687803
-3.8216816287972355
-6.728132652016962
-6.0447963495664405
-7.23437949668235
-6.82299859981474
-7.29246230850924
-7.395927897373105
-7.379693003242677
-2.9672822098454072
-4.549292201441893
-7.395927897373105
-7.395927897373105
-7.395927897373105
-7.395927897373105
-6.311642605679616
-7.395927897373105
-7.395927897373105
-4.133223464123083
-7.395927897373105
-7.2622788799933256
-7.395927897373105
-7.395927897373105
-7.395927897373105
-7.690344845678868
-7.530726713338901
-6.255525543775618
-7.530726713338901
-7.2079711960235935
-7.690344845678868
-6.433161558531543
-7.690344845678868
-6.118736115798716
-4.491979892805421
-7.66739399267741
-7.690344845678868
-7.690344845678868
-7.248285134775604
-6.88532280631242
-7.226790829773738
-7.690344845678868
-7.690344845678868
-7.690344845678868
-6.364807554615234
-7.2878338259956434
-4.313412332379958
-5.532490572551693
-7.690344845678868
-7.287833825995643
-7.478544875392567
-6.833215938239251
-7.248285134775604
-7.2878338259956434
-7.478544875392567
-7.690344845678868
-5.623455770070056
-7.690344845678868
-6.437044424530895
-5.962223522447062
-7.690344845678868
-7.690344845678868
-7.690344845678868
-5.80346539936708
-7.690344845678868
-6.3466064841513194
-7.2667449051062665
-2.9740000770872097
-7.478544875392567
-4.0563738484423775
-7.154741072545469
-6.30688737184121
-7.371108580998935
-7.138679467825125
-7.690344845678868
-7.690344845678868
-7.690344845678868
-5.324865334646967
-7.690344845678868
-6.628571515841777
-7.690344845678868
-7.690344845678868
-7.690344845678868
-7.690344845678868
-7.6444431396759525
-7.7724290018723545
-7.772428214961712
-7.7724290018723545
-7.507775860337444
-4.058049476895321
-3.846831891333755
-7.1925376641415415
-7.7724290018723545
-7.7724290018723545
-7.7724290018723545
-4.158207842769266
-7.183769503394989
-7.7724290018723545
-7.7724290018723545
-6.21007658362883
-7.854512371155199
-7.3699175887338075
-5.788991712740704
-7.854512371155199
-5.734623116267512
-7.854512371155199
-6.6145010602878855
-7.34201474289298
-7.4145121567519965
-7.854512371155199
-6.833020253111009
-6.614501060287885
