-0.9658365999516927
-0.46924354092378745
-0.8546172259671123
-0.46924354092378745
-0.6366888183817041
-0.860359999312957
-0.6366888183817041
-0.46924354092378745
-0.8041340958396208
-0.6366888183817041
-0.6366888183817041
-0.8041340958396208
-0.46924354092378745
-0.6424315917275488
-0.6366888183817041
-0.8041340958396208
-0.6366888183817041
-0.46924354092378745
-0.8488744526212676
-0.4245031841421408
-0.41876041079629606
-0.860359999312957
-0.6366888183817041
-0.6366888183817041
-0.6366888183817041
-0.46924354092378745
-0.46924354092378745
-0.6366888183817041
-0.6366888183817041
-0.6366888183817041
-0.46924354092378745
-0.6366888183817041
-0.6366888183817041
-0.6366888183817041
-0.8041340958396208
-0.8546172259671123
-0.6366888183817041
-0.6366888183817041
-0.6366888183817041
-0.6309460450358594
-0.46924354092378745
-0.8041340958396208
-0.6424315917275488
-0.6366888183817041
-0.6424315917275488
-0.46924354092378745
-0.41301763745045134
-0.6366888183817041
-0.41301763745045134
-0.46924354092378745
-0.6366888183817041
-0.6366888183817041
-0.6366888183817041
-0.46924354092378745
-0.46924354092378745
-0.46924354092378745
-0.6366888183817041
-0.6366888183817041
-0.8041340958396208
-0.8041340958396208
-0.8488744526212676
-0.46924354092378745
-0.6366888183817041
-0.6366888183817041
-0.6366888183817041
-0.8546172259671123
-0.6366888183817041
-0.9658365999516927
-0.8546172259671123
-0.6366888183817041
-0.46924354092378745
-0.8546172259671123
-0.860359999312957
-0.860359999312957
-0.6366888183817041
-0.8041340958396208
-0.6366888183817041
-0.6366888183817041
-0.6366888183817041
-0.6366888183817041
-0.6366888183817041
-0.6309460450358594
-0.46924354092378745
-0.6424315917275488
-0.8041340958396208
-0.6366888183817041
-0.8041340958396208
-0.46924354092378745
-0.46924354092378745
-0.6366888183817041
-0.8041340958396208
-0.6366888183817041
-0.6366888183817041
-0.6366888183817041
-0.6366888183817041
-0.46924354092378745
-0.8546172259671123
-0.6366888183817041
-0.6366888183817041
-0.6366888183817041
-0.8488744526212676
-0.8546172259671123
-0.8546172259671123
-0.8041340958396208
-0.46924354092378745
-0.6366888183817041
-0.8546172259671123
-0.860359999312957
-0.4245031841421408
-0.41876041079629606
-0.6366888183817041
-0.8041340958396208
-0.41301763745045134
-0.6366888183817041
-0.46924354092378745
-0.6424315917275488
-0.46924354092378745
-0.9658365999516927
-0.6366888183817041
-0.6366888183817041
-0.46924354092378745
-0.8041340958396208
-0.6366888183817041
-0.8041340958396208
-0.6366888183817041
-0.46924354092378745
-0.2960554901200261
-0.6366888183817041
-0.46924354092378745
-0.46924354092378745
-0.46924354092378745
-0.6366888183817041
-0.8546172259671123
-0.6366888183817041
-0.41876041079629606
-0.8546172259671123
-0.8488744526212676
-0.46924354092378745
-0.8546172259671123
-0.6366888183817041
-0.6424315917275488
-0.6366888183817041
-0.8041340958396208
-0.46924354092378745
-0.6366888183817041
-0.6366888183817041
-0.6309460450358594
-0.6366888183817041
-0.6366888183817041
-0.6366888183817041
-0.8041340958396208
-0.6366888183817041
-0.8041340958396208
-0.6424315917275488
-0.41876041079629606
-0.8546172259671123
-0.6366888183817041
-0.6366888183817041
-0.6366888183817041
-0.6424315917275489
-0.6366888183817041
-0.41876041079629606
-0.46924354092378745
-0.41876041079629606
-0.6309460450358594
-0.6366888183817041
-0.6366888183817041
-0.6366888183817041
-0.41301763745045134
-0.46924354092378745
-0.2960554901200261
-0.41876041079629606
-0.6366888183817041
-0.46924354092378745
-0.6366888183817041
-0.6366888183817041
-0.6366888183817041
-0.6309460450358594
-0.46924354092378745
-0.46924354092378745
-0.6366888183817041
-0.8488744526212676
-0.6366888183817041
-0.8546172259671123
-0.6424315917275489
-0.6366888183817041
-0.6366888183817041
-0.6424315917275488
-0.6366888183817041
-0.6366888183817041
-0.8041340958396208
-0.46924354092378745
-0.6366888183817041
-0.6366888183817041
-0.6366888183817041
-0.860359999312957
-0.8041340958396208
-0.46924354092378745
-0.6424315917275488
-0.6424315917275488
-0.6366888183817041
-0.6366888183817041
-0.46924354092378745
-0.6366888183817041
-0.46924354092378745
-0.2960554901200261
-0.8546172259671123
-0.6366888183817041
-0.6366888183817041
-0.6366888183817041
-0.6424315917275488
-0.46924354092378745
-0.6366888183817041
-0.46924354092378745
-0.6366888183817041
-0.6424315917275488
-0.6366888183817041
-0.9658365999516927
-0.8041340958396208
-0.41876041079629606
-0.6366888183817041
-0.4245031841421408
-0.6366888183817041
-0.46924354092378745
-0.8041340958396208
-0.6424315917275488
-0.2960554901200261
-0.6366888183817041
-0.46924354092378745
-0.8041340958396208
-0.9658365999516927
-0.6366888183817041
-0.8488744526212676
-0.46924354092378745
-0.6366888183817041
-0.6366888183817041
-0.41876041079629606
-0.8041340958396208
-0.6366888183817041
-0.46924354092378745
-0.6366888183817041
-0.41301763745045134
-0.6366888183817041
-0.6366888183817041
-0.6366888183817041
-0.8041340958396208
-0.6366888183817041
-0.6366888183817041
-0.8041340958396208
-0.860359999312957
-0.6366888183817041
-0.41876041079629606
-0.46924354092378745
-0.9658365999516927
-0.46924354092378745
-0.8041340958396208
-0.8041340958396208
-0.8041340958396208
-0.8041340958396208
-0.9658365999516927
-0.8488744526212676
-0.8041340958396208
-0.9658365999516927
-0.9658365999516927
-0.8041340958396208
-0.6424315917275488
-0.9658365999516927
-0.9658365999516927
-0.6424315917275489
-0.8041340958396208
-0.41876041079629606
-0.8041340958396208
-0.8488744526212676
-0.9658365999516927
-0.8041340958396208
-0.9658365999516927
-0.8041340958396208
-0.8041340958396208
-0.8041340958396208
-0.9658365999516927
-0.6366888183817041
-0.46924354092378745
-0.9658365999516927
-0.9658365999516927
-0.8546172259671123
-0.9658365999516927
-0.9658365999516927
-0.9658365999516927
-0.9658365999516927
-0.46924354092378745
-0.9658365999516927
-0.6366888183817041
-0.8488744526212676
-0.9658365999516927
-0.9658365999516927
-0.8546172259671123
-0.46924354092378745
-0.9658365999516927
-0.2960554901200261
-0.41876041079629606
-0.6309460450358594
-0.9658365999516927
-0.8041340958396208
-0.8041340958396208
-0.9658365999516927
-0.8041340958396208
-0.9658365999516927
-0.9658365999516927
-0.9658365999516927
-0.8041340958396208
-0.9658365999516927
-0.9658365999516927
-0.9658365999516927
-0.8041340958396208
-0.9658365999516927
-0.41876041079629606
-0.8041340958396208
-0.9658365999516927
-0.8041340958396208
-0.8041340958396208
-0.6366888183817041
-0.6424315917275489
-0.9658365999516927
-0.9658365999516927
-0.9658365999516927
-0.8546172259671123
-0.6424315917275489
-0.8041340958396208
-0.9658365999516927
-0.9658365999516927
-0.9658365999516927
-0.41301763745045134
-0.9658365999516927
-0.8041340958396208
-0.8041340958396208
-0.9658365999516927
-0.9658365999516927
-0.9658365999516927
-0.8041340958396208
-0.9658365999516927
-0.9658365999516927
-0.8041340958396208
-0.9658365999516927
-0.9658365999516927
-0.9658365999516927
-0.6424315917275488
-0.9658365999516927
-0.8041340958396208
-0.6424315917275489
-0.9658365999516927
-0.9658365999516927
-0.9658365999516927
-0.8041340958396208
-0.46924354092378745
-0.9658365999516927
-0.4245031841421408
-0.9658365999516927
-0.9658365999516927
-0.6424315917275489
-0.6366888183817041
-0.8546172259671123
-0.9658365999516927
-0.9658365999516927
-0.8546172259671123
-0.6309460450358594
-0.9658365999516927
-0.9658365999516927
-0.9658365999516927
-0.9658365999516927
-0.9658365999516927
-0.9658365999516927
-0.8546172259671123
-0.9658365999516927
-0.41876041079629606
-0.6366888183817041
-0.6366888183817041
-0.8041340958396208
-0.6309460450358594
-0.9658365999516927
-0.6424315917275489
-0.9658365999516927
-0.9658365999516927
-0.2960554901200261
-0.8041340958396208
-0.9658365999516927
-0.9658365999516927
-0.9658365999516927
-0.9658365999516927
-0.9658365999516927
-0.8488744526212676
-0.9658365999516927
-0.6424315917275489
-0.9658365999516927
-0.9658365999516927
-0.8041340958396208
-0.9658365999516927
-0.46924354092378745
-0.9658365999516927
-0.9658365999516927
-0.9658365999516927
-0.41301763745045134
-0.9658365999516927
-0.9658365999516927
-0.6366888183817041
-0.8041340958396208
-0.8041340958396208
-0.9658365999516927
-0.9658365999516927
-0.9658365999516927
-0.6366888183817041
-0.9658365999516927
-0.9658365999516927
-0.8546172259671123
-0.6366888183817041
-0.8041340958396208
-0.9658365999516927
-0.8041340958396208
-0.9658365999516927
-0.6424315917275488
-0.8041340958396208
-0.9658365999516927
-0.6366888183817041
-0.8041340958396208
-0.8041340958396208
-0.8041340958396208
-0.8041340958396208
-0.9658365999516927
-0.9658365999516927
-0.9658365999516927
-0.6424315917275488
-0.6424315917275489
-0.9658365999516927
-0.46924354092378745
-0.8041340958396208
-0.9658365999516927
-0.8546172259671123
-0.9658365999516927
-0.9658365999516927
-0.9658365999516927
-0.9658365999516927
-0.8041340958396208
-0.8041340958396208
-0.8041340958396208
-0.9658365999516927
-0.9658365999516927
-0.8041340958396208
-0.9658365999516927
-0.9658365999516927
-0.9658365999516927
-0.9658365999516927
-0.9658365999516927
-0.8041340958396208
-0.6424315917275489
-0.9658365999516927
-0.9658365999516927
-0.6366888183817041
-0.9658365999516927
-0.9658365999516927
-0.8041340958396208
-0.9658365999516927
-0.8041340958396208
-0.9658365999516927
-0.9658365999516927
-0.9658365999516927
-0.9658365999516927
-0.9658365999516927
-0.8546172259671123
-0.9658365999516927
-0.9658365999516927
-0.9658365999516927
-0.6366888183817041
-0.9658365999516927
-0.9658365999516927
-0.9658365999516927
-0.8546172259671123
-0.9658365999516927
-0.8041340958396208
-0.9658365999516927
-0.8041340958396208
-0.9658365999516927
-0.9658365999516927
-0.9658365999516927
-0.9658365999516927
-0.9658365999516927
-0.9658365999516927
-0.9658365999516927
-0.6366888183817041
-0.9658365999516927
-0.9658365999516927
-0.8041340958396208
-0.9658365999516927
-0.8041340958396208
-0.9658365999516927
-0.8041340958396208
-0.9658365999516927
-0.9658365999516927
-0.9658365999516927
-0.9658365999516927
-0.9658365999516927
-0.9658365999516927
