-0.9073575917873353
-0.6577071249435753
-0.6577071249435753
-0.7845805247121342
-0.6577071249435753
-0.6577071249435753
-0.8920979881910467
-0.6577071249435753
-0.5308337251750164
-0.8920979881910467
-0.5308337251750164
-0.6618034576369332
-0.7845805247121342
-0.6577071249435753
-0.5308337251750164
-0.6577071249435753
-0.7845805247121342
-0.6577071249435753
-0.5308337251750164
-0.5308337251750164
-0.7845805247121342
-0.6577071249435753
-0.4274125943894617
-0.6577071249435753
-0.6577071249435753
-0.6577071249435753
-0.6577071249435753
-0.6618034576369332
-0.7845805247121342
-0.7845805247121342
-0.6577071249435753
-0.6577071249435753
-0.6577071249435753
-0.7845805247121342
-0.8920979881910467
-0.5308337251750164
-0.6577071249435753
-0.6577071249435753
-0.6577071249435753
-0.6577071249435753
-0.6577071249435753
-0.4315089270828196
-0.6577071249435753
-0.4233162616961038
-0.4233162616961038
-0.883905322804331
-0.5308337251750164
-0.7845805247121342
-0.4274125943894617
-0.6577071249435753
-0.4233162616961038
-0.5308337251750164
-0.6577071249435753
-0.5308337251750164
-0.6577071249435753
-0.6577071249435753
-0.8880016554976888
-0.5308337251750164
-0.6577071249435753
-0.6618034576369332
-0.4274125943894617
-0.6577071249435753
-0.6577071249435753
-0.5308337251750164
-0.6577071249435753
-0.4274125943894617
-0.6577071249435753
-0.6577071249435753
-0.3998639927130996
-0.6577071249435753
-0.9073575917873353
-0.7845805247121342
-0.6577071249435753
-0.6577071249435753
-0.7845805247121342
-0.3998639927130996
-0.6618034576369332
-0.6577071249435753
-0.6577071249435753
-0.7845805247121342
-0.6577071249435753
-0.6577071249435753
-0.6577071249435753
-0.8880016554976888
-0.6577071249435753
-0.6618034576369332
-0.5308337251750164
-0.7845805247121342
-0.6577071249435753
-0.6618034576369332
-0.7845805247121342
-0.5308337251750164
-0.6577071249435753
-0.6536107922502175
-0.7845805247121342
-0.6577071249435753
-0.6618034576369332
-0.6577071249435753
-0.6618034576369332
-0.6577071249435753
-0.7845805247121342
-0.5308337251750164
-0.5308337251750164
-0.7845805247121342
-0.6577071249435753
-0.6577071249435753
-0.6577071249435753
-0.5308337251750164
-0.8880016554976888
-0.5308337251750164
-0.3998639927130996
-0.6577071249435753
-0.4274125943894617
-0.8920979881910467
-0.5308337251750164
-0.883905322804331
-0.7845805247121342
-0.7845805247121342
-0.6577071249435753
-0.5308337251750164
-0.6618034576369332
-0.4315089270828196
-0.3998639927130996
-0.7845805247121342
-0.6577071249435753
-0.4274125943894617
-0.8880016554976888
-0.6536107922502175
-0.6536107922502175
-0.4274125943894617
-0.7845805247121342
-0.6577071249435753
-0.6577071249435753
-0.6577071249435753
-0.7845805247121342
-0.7845805247121342
-0.5308337251750164
-0.7845805247121342
-0.5308337251750164
-0.6577071249435753
-0.6618034576369332
-0.6577071249435753
-0.6577071249435753
-0.6577071249435753
-0.6577071249435753
-0.8920979881910467
-0.6577071249435753
-0.7845805247121342
-0.7845805247121342
-0.6577071249435753
-0.6577071249435753
-0.6577071249435753
-0.5308337251750164
-0.5308337251750164
-0.9073575917873353
-0.7845805247121342
-0.6577071249435753
-0.6577071249435753
-0.883905322804331
-0.5308337251750164
-0.5308337251750164
-0.6577071249435753
-0.7845805247121342
-0.9073575917873353
-0.6577071249435753
-0.7845805247121342
-0.883905322804331
-0.4315089270828196
-0.3998639927130996
-0.6577071249435753
-0.6577071249435753
-0.6577071249435753
-0.8880016554976888
-0.9073575917873353
-0.5308337251750164
-0.6577071249435753
-0.6577071249435753
-0.6577071249435753
-0.5308337251750164
-0.6618034576369332
-0.6577071249435753
-0.7845805247121342
-0.5308337251750164
-0.6577071249435753
-0.6618034576369332
-0.5308337251750164
-0.5308337251750164
-0.7845805247121342
-0.6618034576369332
-0.6618034576369332
-0.4274125943894617
-0.6577071249435753
-0.6577071249435753
-0.4315089270828196
-0.6577071249435753
-0.6577071249435753
-0.7845805247121342
-0.6577071249435753
-0.6618034576369332
-0.6577071249435753
-0.6618034576369332
-0.6577071249435753
-0.6577071249435753
-0.7845805247121342
-0.8880016554976888
-0.4274125943894617
-0.6577071249435753
-0.6577071249435753
-0.7845805247121342
-0.8880016554976888
-0.6577071249435753
-0.6577071249435753
-0.5308337251750164
-0.6577071249435753
-0.6577071249435753
-0.6577071249435753
-0.4315089270828196
-0.6577071249435753
-0.6577071249435753
-0.6577071249435753
-0.6577071249435753
-0.8880016554976888
-0.8880016554976888
-0.6577071249435753
-0.6577071249435753
-0.5308337251750164
-0.7845805247121342
-0.6618034576369332
-0.6618034576369332
-0.4233162616961038
-0.7845805247121342
-0.6577071249435753
-0.5308337251750164
-0.6577071249435753
-0.6577071249435753
-0.6577071249435753
-0.6577071249435753
-0.6577071249435753
-0.6536107922502175
-0.8880016554976888
-0.5308337251750164
-0.4274125943894617
-0.4274125943894617
-0.6577071249435753
-0.3998639927130996
-0.6618034576369332
-0.7845805247121342
-0.8920979881910467
-0.6577071249435753
-0.6577071249435753
-0.3998639927130996
-0.6577071249435753
-0.8880016554976888
-0.4274125943894617
-0.7845805247121342
-0.6577071249435753
-0.4274125943894617
-0.6577071249435753
-0.4315089270828196
-0.8880016554976888
-0.6618034576369332
-0.5308337251750164
-0.7845805247121342
-0.883905322804331
-0.5308337251750164
-0.4274125943894617
-0.4315089270828196
-0.8880016554976888
-0.6577071249435753
-0.8920979881910467
-0.6577071249435753
-0.7845805247121342
-0.3998639927130996
-0.6577071249435753
-0.7845805247121342
-0.6536107922502175
-0.9073575917873353
-0.6577071249435753
-0.9073575917873353
-0.6577071249435753
-0.7845805247121342
-0.9073575917873353
-0.883905322804331
-0.9073575917873353
-0.7845805247121342
-0.4274125943894617
-0.9073575917873353
-0.9073575917873353
-0.883905322804331
-0.7845805247121342
-0.7845805247121342
-0.7845805247121342
-0.6577071249435753
-0.3998639927130996
-0.9073575917873353
-0.8880016554976888
-0.883905322804331
-0.4274125943894617
-0.883905322804331
-0.3998639927130996
-0.7845805247121342
-0.6577071249435753
-0.6536107922502175
-0.6536107922502175
-0.6536107922502175
-0.8880016554976888
-0.6577071249435753
-0.9073575917873353
-0.6577071249435753
-0.8880016554976888
-0.7845805247121342
-0.7845805247121342
-0.7845805247121342
-0.6577071249435753
-0.5308337251750164
-0.6577071249435753
-0.7845805247121342
-0.6577071249435753
-0.8920979881910467
-0.6536107922502175
-0.7845805247121342
-0.6577071249435753
-0.8920979881910467
-0.7845805247121342
-0.7845805247121342
-0.6577071249435753
-0.8920979881910467
-0.6618034576369332
-0.4233162616961038
-0.8880016554976888
-0.6577071249435753
-0.6577071249435753
-0.4233162616961038
-0.9073575917873353
-0.8880016554976888
-0.8920979881910467
-0.7845805247121342
-0.4233162616961038
-0.6536107922502175
-0.4274125943894617
-0.8920979881910467
-0.4315089270828196
-0.6577071249435753
-0.8920979881910467
-0.8880016554976888
-0.8880016554976888
-0.4274125943894617
-0.6577071249435753
-0.6577071249435753
-0.6577071249435753
-0.7845805247121342
-0.883905322804331
-0.9073575917873353
-0.6618034576369332
-0.6577071249435753
-0.8880016554976888
-0.9073575917873353
-0.6618034576369332
-0.6577071249435753
-0.9073575917873353
-0.6577071249435753
-0.9073575917873353
-0.6536107922502175
-0.7845805247121342
-0.9073575917873353
-0.3998639927130996
-0.6618034576369332
-0.7845805247121342
-0.9073575917873353
-0.9073575917873353
-0.7845805247121342
-0.9073575917873353
-0.7845805247121342
-0.7845805247121342
-0.6577071249435753
-0.7845805247121342
-0.6577071249435753
-0.7845805247121342
-0.6618034576369332
-0.9073575917873353
-0.6577071249435753
-0.6577071249435753
-0.8880016554976888
-0.6577071249435753
-0.9073575917873353
-0.9073575917873353
-0.9073575917873353
-0.9073575917873353
-0.9073575917873353
-0.9073575917873353
-0.5308337251750164
-0.9073575917873353
-0.883905322804331
-0.6577071249435753
-0.7845805247121342
-0.6536107922502175
-0.7845805247121342
-0.4274125943894617
-0.8880016554976888
-0.4233162616961038
-0.6577071249435753
-0.9073575917873353
-0.7845805247121342
-0.6618034576369332
-0.9073575917873353
-0.4315089270828196
-0.8880016554976888
-0.9073575917873353
-0.9073575917873353
-0.8880016554976888
-0.4274125943894617
-0.6577071249435753
-0.6577071249435753
-0.9073575917873353
-0.7845805247121342
-0.6577071249435753
-0.9073575917873353
-0.9073575917873353
-0.4233162616961038
-0.6618034576369332
-0.7845805247121342
-0.9073575917873353
-0.6577071249435753
-0.9073575917873353
-0.6618034576369332
-0.3998639927130996
-0.9073575917873353
-0.8880016554976888
-0.9073575917873353
-0.9073575917873353
-0.5308337251750164
-0.883905322804331
-0.9073575917873353
-0.9073575917873353
-0.7845805247121342
-0.5308337251750164
-0.5308337251750164
-0.9073575917873353
-0.6577071249435753
-0.7845805247121342
-0.9073575917873353
-0.7845805247121342
-0.7845805247121342
-0.9073575917873353
-0.6577071249435753
-0.9073575917873353
-0.6618034576369332
-0.6577071249435753
-0.9073575917873353
-0.9073575917873353
-0.6577071249435753
-0.9073575917873353
-0.7845805247121342
-0.7845805247121342
-0.6536107922502175
-0.9073575917873353
-0.6536107922502175
-0.6577071249435753
-0.9073575917873353
-0.9073575917873353
-0.6618034576369332
-0.8920979881910467
-0.7845805247121342
-0.5308337251750164
-0.6577071249435753
-0.6536107922502175
-0.6618034576369332
-0.6577071249435753
-0.6577071249435753
-0.6618034576369332
-0.6577071249435753
-0.9073575917873353
-0.6577071249435753
-0.7845805247121342
-0.9073575917873353
-0.883905322804331
-0.9073575917873353
-0.7845805247121342
-0.6618034576369332
-0.6577071249435753
-0.9073575917873353
-0.8880016554976888
-0.4233162616961038
-0.6577071249435753
-0.6577071249435753
-0.5308337251750164
-0.4233162616961038
-0.9073575917873353
-0.6536107922502175
-0.9073575917873353
-0.4274125943894617
-0.6618034576369332
-0.9073575917873353
-0.6577071249435753
-0.7845805247121342
-0.7845805247121342
-0.4274125943894617
-0.9073575917873353
-0.7845805247121342
-0.9073575917873353
