-5.680160324696928
-5.124718391643934
-3.707158867245772
-5.33201218007994
-3.7106618604857813
-3.713693910126657
-4.107021962803617
-3.9699560656145936
-4.1084965548804595
-4.135570483198668
-4.329381229524225
-4.225191844202367
-3.4483383028263637
-2.787101295185703
-4.162643108915957
-4.031197828465917
-4.036818431678606
-3.6304044787609646
-4.005756894284679
-4.417194737027942
-4.004487279086442
-4.3330221417403045
-3.8055660907983233
-4.086513039150637
-4.128344218503461
-3.886511420040132
-4.112768893694996
-4.081751739793976
-4.175350799666851
-4.105479347069569
-3.376998701758739
-4.5027464093130325
-3.5380217120573647
-4.490563398458829
-4.46178687538478
-3.2170604377596446
-3.204515351299038
-5.192672177956873
-5.2426786978873885
-4.167250346358458
-4.253978113438974
-4.529866013179241
-4.1268089796375715
-4.064704228446219
-4.398778282952089
-4.443290430611994
-4.101654038698623
-3.7107582596576196
-4.165315865707393
-4.115171356134942
-3.803782295148438
-3.8007559087914458
-4.5207369592180076
-3.6394294255733852
-4.128824214863517
-3.957411705484607
-4.249481553184659
-4.01660671355036
-3.6042566672360277
-4.564147527821189
-4.111547089498484
-2.932860508229383
-4.052798388985899
-4.013851352610079
-3.024125632067915
-4.148731240270585
-4.106567836419614
-4.195455535306061
-4.20036752177853
-2.9869815921354514
-4.124776433706539
-4.109756024957338
-4.627678651804425
-4.107451349343876
-3.120779412836858
-4.193194195077443
-4.149474257595058
-5.539480474096224
-4.0992183586118625
-4.842847306555095
-4.700182240472216
-4.068271377999921
-4.273536416140917
-3.7106618604857813
-4.1149665637770205
-4.33287875383234
-4.180759864836645
-4.530963902204947
-4.102578342717422
-4.101832312118282
-4.746539071771155
-3.0937392326668243
-4.116938390752681
-3.887360492806854
-3.640258423649672
-4.1412161907932195
-5.157729135262879
-4.088864672398214
-3.798372060415544
-4.045075324896374
-4.111293190460774
-4.023617996163074
-4.113561316582804
-3.904817819982936
-5.675004391451319
-4.104496299778477
-4.502917246358947
-4.402533461208116
-4.110781146657766
-4.061866955367716
-4.106834938648863
-4.043643307964657
-4.154800417343191
-4.028643112825849
-4.1617221122247114
-4.346426278827137
-4.435637861891939
-5.128225718130385
-4.063283195801459
-3.7179574710307106
-4.099307124814998
-5.121439980413297
-4.194752922239173
-4.330666399800456
-4.116386766901836
-3.0960100505277968
-2.6987044804480886
-4.113257137821638
-4.17173430231369
-5.130607237389785
-4.339824066248577
-4.120738934319104
-4.274672769664001
-4.088631205101423
-4.137900849527057
-4.133319163186908
-3.918150989682615
-3.0970552560643805
-3.8887773268568138
-4.435326517733496
-4.011898897203627
-4.925379800218856
-3.974900087288793
-4.518724267488022
-5.084956579553945
-4.507570635515861
-4.783196490528154
-4.103931842934983
-4.2039603597533395
-5.242206834754069
-4.111470441556872
-4.109858870480659
-4.108661337342632
-2.8944355110809576
-2.7456266609719826
-4.013851352610079
-5.1222312836732735
-4.216316303895979
-4.1017190895900395
-5.032763817958353
-4.0053787164073285
-3.922450800386287
-3.9716731635124276
-5.349753707624361
-4.6335604853543995
-3.8839931852639786
-3.994035876739173
-4.064372351573849
-4.019093341672719
-4.167244762553445
-3.6189822152229993
-4.16095449832166
-4.711520970792052
-4.3559045624933965
-4.186552660300366
-4.597250387284582
-4.522936277366133
-4.195121946089133
-4.140630016033105
-4.1259071893148525
-3.886858115100199
-3.694642212210012
-5.96303995396284
-4.107451349343876
-4.259375554563413
-4.105789981557934
-4.534186059291159
-4.413396202408454
-3.1458128330827675
-4.099296096784354
-3.9216573733839573
-3.050125395664634
-4.14400646563467
-4.11898520023411
-3.8901495410031472
-4.1230922049261824
-4.0814352475323235
-4.171311613747217
-3.8972850864073476
-4.062684516351211
-4.175006357400393
-3.7391657649675287
-3.9559479180113666
-4.053574534926462
-4.763368963125952
-4.413396202408455
-4.2596664072328165
-4.363385067748458
-4.13893577619702
-3.819698280085378
-3.1169743012969127
-3.759887831028996
-4.019425029215687
-4.191514279035245
-4.242979695647669
-2.9058049961482944
-4.112089092670384
-3.9230067168165625
-4.118693196958324
-4.0060763762175196
-3.421742265106629
-4.080708377555906
-4.056420474442232
-4.155293286455326
-3.948010346423378
-4.045502778440969
-4.10741174615937
-3.967647275479913
-3.656018020918789
-5.023164244340194
-4.1550676528171175
-4.690830655634512
-4.11170796607944
-4.095800333669078
-4.499926995568455
-4.206736627274321
-3.6488661324821967
-4.106683066883744
-4.466208228849396
-4.0450357217118675
-5.12857357283049
-4.04616437902174
-3.3655811847570036
-4.204394763550417
-4.082805342782103
-3.41104071680336
-5.116706752034164
-3.481545910130934
-4.5439327482663465
-4.133514089703514
-4.04594050332652
-5.769794596794864
-5.769794596794864
-5.769794596794864
-4.119879237441992
-4.0035386597124445
-4.155701295624714
-4.361949376156096
-4.442737889522862
-5.869449325019726
-4.547832953758239
-4.8591730039929075
-5.952464511089966
-4.12388933677569
-5.869449325019726
-5.072215509962012
-5.8664172753788515
-4.131845292431557
-3.9968520648145986
-5.8664172753788515
-5.4260544631353875
-4.450777292408693
-5.747505819269699
-5.960184517881032
-5.869332132307632
-5.863385225737977
-5.939720165900834
-5.939720165900834
-3.996649361020787
-4.767445862179259
-5.869577265588631
-5.859639162653825
-5.84879144850602
-5.087781668657409
-5.866809567381068
-4.3389342510907065
-4.450737689224186
-5.861754324726517
-4.163833855975739
-5.965245365130658
-3.8996680295382298
-5.757837877979844
-5.958481105203083
-5.8613913698899935
-5.1341877597492696
-5.755200819562907
-4.750300341548767
-5.85996930150712
-5.936991710937077
-3.8027942981856366
-5.93485371629058
-5.958481105203083
-5.026897160070772
-4.323202299361781
-5.427944756068893
-5.967598802722597
-4.103460923543128
-5.8648545126827
-5.993050557826253
-5.9354321784755895
-4.6192378386784
-5.955507610206366
-5.9275230812739075
-3.908001951034235
-6.0222436870765454
-4.669899478034391
-4.122004997596816
-5.082157124275678
-5.961858336371983
-3.5436655327234203
-4.208577599614003
-3.9692980121120827
-3.3355676621411066
-3.8875753884655015
-5.967316131354413
-5.96303995396284
-5.924278273417706
-6.046250303990255
-4.102524699505888
-4.203283141932183
-5.932001798533436
-5.980665780835671
-6.046250303990255
-4.850862961098539
-5.783045280012966
-6.046250303990255
-6.046250303990255
-3.6550621204230955
-3.4721970421708166
-5.521658282082541
-5.817753293076616
-6.046250303990255
-6.046250303990255
-6.046250303990255
-5.777681825979906
-5.920444711714146
-5.8643772383784825
-4.124465063523463
-5.980665780835671
-5.861681751077521
-6.0552822918290055
-5.992662102835198
-6.055282291829005
-3.670874152854118
-6.055282291829005
-4.6494695781815825
-5.116177171470399
-5.918754228224296
-4.859688200045425
-5.792077267851717
-4.076868537810643
-5.194400263090926
-5.552412148302489
-3.415838201443338
-4.7824215667291226
-5.528872243874427
-6.046250303990255
-4.757160763845918
-6.037218316151507
-6.003275080907362
-5.952754855629498
-4.096491285035468
-5.9760028301833374
-5.952754855629498
-6.119783540910048
-4.431054764910528
-4.214700738634726
-6.119783540910048
-4.819750785157955
-5.964821254153405
-5.963612170710783
-5.80629636701563
-6.053025685685504
-5.752208373106539
-4.859688200045425
-6.119783540910048
-6.061429469895106
-5.922845803804586
-5.966400814981893
-4.817398109589455
-5.952754855629498
-5.69053484330968
-4.800901789867007
-5.602867957935959
-5.8565785169327595
-4.193240024150999
-5.609849198262886
-6.08758800170059
-6.119783540910048
-5.704503856128442
-4.781898794425109
-5.3087980805225605
-5.806196206257327
-5.739338190274479
-5.929560865592264
-5.9915373653733734
-4.61070227523205
-5.947299308349075
-5.9846380398528405
-6.044621901475901
-6.119783540910048
-5.925222964313832
-5.773347531400282
-5.996418881575112
-5.8565785169327595
-5.929560865592264
-5.863462225813452
-5.86306905232151
-5.272396471060098
-5.970890324210734
-5.8243829777233005
-5.836652612777712
-5.322250912402028
-6.119783540910048
-6.119783540910048
-5.9666720949372705
-6.00130039777685
-5.802886170087643
-5.8730542222401745
-5.336996853146827
-5.981000925399655
-5.996418881575112
-5.696834359763866
-5.9292940076100145
-6.111379756700446
-5.871933519262726
-5.542991182280038
-4.082647700748261
-5.5504861827633905
-6.0791279537068865
-3.7651123942607057
-5.996418881575112
-6.119783540910048
-5.968456159609877
-6.008199723297383
-5.896181937979992
-5.8730542222401745
-5.687815354531544
-6.119783540910048
-6.1797301857119535
-5.97179811383492
-6.079069759610224
-6.083381931447586
-5.836652612777712
-5.686584246767448
-6.0424678683319994
-5.8509982472807165
-5.368744725324466
-6.083381931447586
-5.5401573962666655
-6.283352144781644
-6.290698873322961
-6.199570754177089
-6.045749688321767
-6.2359723636395525
-7.102838568741419
-4.5081639304747005
-5.603131586352998
-6.507985734442034
-6.216480934827252
-6.451195460603358
-6.451195460603358
-5.8305862587645
-6.312707351469261
-5.315096603497704
-3.035107161266329
-6.2909343584314
-5.60219636690319
-5.55957848299277
-6.491174981099188
-4.469924989257921
-6.283708354455854
-5.5039899155765095
-7.102838568741419
-7.0408465833767595
-6.231430888900478
-4.797676101517695
-4.1789464374023035
-5.741068812950314
-6.215805447086797
-5.601472459460883
-7.0470204495535
-4.973369881286993
-5.139348609336334
-5.590746918034143
-6.349700884409497
-5.5726175739628605
-6.933577377392973
-7.0470204495535
-7.0408465833767595
