-1.2174670067859585
-1.3983361876634066
-1.3179605960111442
-1.2161317625138799
-1.2651290849422345
-1.2689791760473175
-1.3501602440812759
-1.4627719021400494
-1.3628858737352494
-1.3236991711631338
-1.4457850996988086
-1.36642354194698
-0.9913844643609249
-1.3261456333937272
-1.3433535789011786
-1.4212593054550209
-1.5891115547910406
-1.325429367386584
-1.4441195579096275
-1.4006382336345888
-1.1976667750628196
-1.3710924523558674
-1.3177225153653596
-1.4050879639882594
-1.1615614087698916
-1.3274465845924484
-1.32342763930234
-1.326831609949417
-1.03145511521477
-1.5286982677913712
-1.0823493278918042
-1.2835510903457865
-1.5752568471816466
-1.3472482256280305
-1.2537145752242416
-1.393498980855349
-1.2515607459388587
-1.1904027525943732
-1.3522491845114675
-1.3814647161272018
-1.2613452244545043
-1.3559783131363807
-1.2624465274850527
-1.266103059227079
-1.356636367340148
-1.4014534176342854
-1.3984322718595057
-1.548808019836473
-1.1345863257513944
-1.353048331956694
-1.3483493380441898
-1.5248031170509861
-1.4987651548475407
-1.5660881029385205
-1.2210728928885923
-1.402108011915273
-1.4706103455617536
-1.4280150036786634
-1.2252888258691361
-1.3521510462250679
-1.3248447194648545
-1.3608141080160001
-1.295835199008835
-1.3389744217844997
-1.2967477835227803
-1.321087229432882
-1.4947546967410914
-1.178189915986588
-1.3752224773531787
-1.5061136573882847
-1.6386586587753227
-1.2405114485715965
-1.3325935387882097
-1.431977207656252
-1.2945456145211938
-1.2920956002821269
-1.5056789306066212
-1.3297199455720898
-1.3483153544247597
-1.2868639606403316
-1.1626459518238077
-1.3564081396150356
-1.4155020715101871
-1.33579826149546
-1.5388391044311254
-1.3741853840173
-1.2841798119881442
-1.2647150997505143
-1.3770932105870863
-1.2828903373694827
-1.2284698185376763
-1.2949790733756923
-1.3275717518724917
-1.4202666206124177
-1.4431333498665158
-1.4954669428300535
-1.3244864686271778
-1.0348021554422449
-1.2688051037803758
-1.3581841241650574
-1.6211990861252472
-1.2544075647274204
-1.3998949792718562
-1.4648501032161003
-1.482497003721806
-1.3933078286587843
-1.4084929883113357
-1.2167064873705766
-1.4029462571686393
-1.3366992085239935
-1.4049005250143964
-1.3320216461364178
-1.277824337918085
-1.3433980645327397
-1.4266022435403483
-1.413439164371483
-1.4620763829851966
-1.5018363244461606
-1.4600935297011484
-1.4484857455051299
-1.2063870261643923
-1.1804736405649208
-1.438972822960976
-1.3400727228381553
-1.3390215951124977
-1.2885377900576809
-1.3691136391096874
-1.4780844649646596
-1.3474344343184326
-1.3781796815875045
-1.2822189990372275
-1.4419193441181788
-1.332348034267441
-1.237003694771552
-1.561736936763435
-1.2684365499287917
-1.2642257786857196
-1.416106347618094
-1.1788042443781257
-1.1536437567789024
-1.4042747256153691
-1.7500315738808268
-1.2682782821394363
-1.4382830756532496
-1.0637309424863757
-1.375396077693562
-1.3618310758673475
-1.499041392014047
-1.4019240595820635
-1.7573770550844303
-1.2165295752223972
-1.0505073718637794
-1.4768842860051299
-1.3466015810410115
-1.2445382109729857
-1.3439157109247533
-1.2385753620479658
-1.2219899294942262
-1.2200432424173888
-1.4516952539315566
-1.37088029297627
-1.224829654690196
-1.4128686605661844
-1.4402090157227154
-1.3430587900683775
-1.4780650825012942
-1.2178557666718954
-1.7707949630771318
-1.3616372179109693
-1.526069681574874
-1.3574857717204059
-1.4376694452120207
-1.3177204555000674
-1.3946759338014978
-1.4186422215672438
-1.3517434032626965
-1.431815827155301
-1.3731885020342518
-1.2867019683001817
-1.4453011249118473
-1.3689144910445776
-1.2826023542991165
-1.5012790722565827
-1.2593259683721425
-1.3240492231924468
-1.3635875564904718
-1.3091470309004967
-1.404280930612443
-1.2854808794358519
-1.3556550464518513
-1.288097944949329
-1.4607014202782511
-1.2705317910648897
-1.2852600244832897
-1.2377222151320124
-1.5020554934716035
-1.3138522420156509
-1.1590364793896528
-1.3893382980382105
-1.4351402013717323
-1.2504664187107433
-1.3122885646658098
-1.3470554191297182
-1.410205973734068
-1.3823889468249426
-1.6435498040274266
-1.471607796660635
-1.3286458939665677
-1.3458754637435706
-1.3579449870112685
-1.280612402021558
-1.3946290754914656
-1.471133513136491
-1.4526124992317415
-1.2597886036858559
-1.3125640281045814
-1.493881996150194
-1.1309652678845277
-1.5016940031760577
-1.4205203913170088
-1.4977465549708855
-1.532387371106951
-1.4242496411876617
-1.3512952176746822
-1.2596102871186874
-1.6615680967956137
-1.3486527217948572
-1.310398304620414
-1.4692948401907593
-1.2908694153999933
-1.2893485810398757
-1.3137842790278196
-1.3312200763710784
-1.4833529522144548
-1.3383647860354904
-1.2744254743762915
-1.3520257029923304
-1.3083285850250554
-1.2241243118095482
-1.244325337451614
-1.3992658651568357
-1.5076849183153476
-1.3679298389040033
-1.3372746180014672
-1.3259641320651374
-1.3775590299072076
-1.3978729445051847
-1.4372095298805792
-1.6383701790068335
-1.420423473790125
-1.7874758313715073
-1.7260541436096064
-1.2534833495118938
-1.1974596945555072
-1.2407007995608952
-1.4831376468825153
-1.5167982726172475
-1.4126630384797276
-1.3512988980060814
-1.4270619284677664
-1.2314029197066163
-1.574159223942063
-1.3281616559065164
-1.7298745432906046
-1.5490222973710162
-1.7918481929528944
-1.5891167253983554
-1.764596100909499
-1.4954395417095507
-1.4222210163200897
-1.6448548088681822
-1.5158454443142708
-1.6736069645763814
-1.7707949630771318
-1.7349008585077468
-1.6210319917126208
-1.3582441329339758
-1.5734975637786688
-1.4585783177387874
-1.4031063953228222
-1.6830631344205527
-1.76101784918417
-1.7810364362016595
-1.6042767268407947
-1.7406701813029568
-1.634224089624547
-1.5678396206634369
-1.5057120640274615
-1.81874824844011
-1.4157444579111407
-1.5771427295522105
-1.827486763562781
-1.2618260565544306
-1.827486763562781
-1.368138596909998
-1.272954744184979
-1.4006165580817385
-1.6912351142910436
-1.5226971688788833
-1.699852249474949
-1.652701205241922
-1.5144069592599214
-1.7702304532170259
-1.4469276554594983
-1.7218419219638332
-1.7850858989973766
-1.78663988690912
-1.847800389014148
-1.4185948305715081
-1.6482181240282952
-1.1534205402970525
-1.7743393810842099
-1.847800389014148
-1.7282635560028359
-1.1502605092202312
-1.6824965873744642
-1.2480257869969056
-1.8411807461802967
-1.6059538422883488
-1.4081943422845682
-1.6121249422854365
-1.8207408031345609
-1.8156750569797446
-1.870147128436443
-1.303071830034619
-1.4405296268996102
-1.847800389014148
-1.4486358590424424
-1.7632892487147118
-1.5685666925219226
-1.7823215157011796
-1.8990794617411688
-1.4826312592176678
-1.3135345389561994
-1.7173634735547343
-1.7190204801053612
-1.8097520876203879
-1.8990794617411688
-1.9603767443024105
-1.4303745940202415
-1.596782567744703
-1.8990794617411688
-1.2888680148997969
-1.598045198210067
-1.7456259180199334
-1.4252439584551784
-1.3721422513932944
-1.2719916716503197
-1.7549730312079137
-1.334789779203006
-1.3452472557998538
-1.9426199166845923
-1.804450208539461
-1.2328816783560081
-1.9603767443024105
-1.4611582315791947
-1.5610821673847406
-1.7173426332601265
-1.8433859231408327
-1.8165176480237104
-1.8018940504592331
-1.5184382340390017
-1.6831556828519285
-1.2398523310279823
-1.8956668754270005
-1.800861918754284
-1.9651128658222379
-1.4693735959861893
-1.7410709896997694
-1.3789867999751775
-1.647804714503355
-1.9426199166845923
-1.9060903564862928
-1.6547653998605334
-1.849731287699309
-1.8687405942873316
-1.411914136892856
-1.9603767443024105
-1.3314135217203629
-1.9725812597476562
-1.930375249722501
-2.014478706287444
-1.9464801579402748
-1.7961922167051916
-1.878049901654561
-1.9464104779463245
-1.2030012563174193
-1.2630349114320687
-1.7888125659805025
-1.9490079576044628
-1.4085202243282153
-1.319853422243329
-1.7739630925751384
-1.8152850984453908
-2.014478706287444
-1.9464801579402748
-1.7901762450580776
-1.9672393269243988
-1.3095215742091466
-1.830063276691563
-1.8139713637131298
-1.601949907919622
-2.014478706287444
-1.8849555346366915
-1.834354700755
-1.338259924831883
-1.994765645399934
-1.3671284889841493
-1.3780365859344097
-1.6358182311785021
-1.5223738501851698
-1.6345603869619056
-1.9131747749330161
-1.9739538518625541
-1.6815161748658807
-1.9606040921437842
-1.8873382066290345
-1.994765645399934
-1.4683639962091544
-1.9622765026726814
-1.4168014774449267
-1.8790419781935395
-1.7840229990195167
-2.0045649982386817
-1.9053178152811197
-1.7946340140891461
-1.8351334992783181
-2.0045649982386817
-1.8178541729464763
-1.6936757486466734
-1.974288425989346
-1.964016678457953
-2.0115850871248675
-2.002437205146699
-1.9595382983488276
-1.9983879403803178
-1.7391234798617585
-1.8351334992783181
-1.9942162790749993
-1.7431321068481576
-1.6296189057804726
-1.8931043210407887
-1.9889809263895994
-1.6231855446484613
-1.3598899068185806
-1.4800574751639681
-1.8823665405495822
-2.014478706287444
-1.3443648827249235
-1.903757465197888
-1.642938042788748
-1.9189023937200376
-1.8965722145684936
-1.9768474710251307
-1.642748728515433
-1.964016678457953
-2.1435937520944335
-1.7963496936445043
-2.1542414268768826
-1.8631821223834208
-1.8494116510820624
-1.7073824739638583
-2.147872696149184
-1.8284107219854921
-1.2758840391600046
-1.7731380182793535
-1.592688966002075
-2.08757200701359
-1.9554794760873744
-2.0603313919301547
-1.712968198295846
-1.7241043708360135
-1.897074559453062
-2.1435937520944335
-1.8869150944346647
-1.816856226086493
-1.9604900598863133
-1.9918789664553795
-1.876692152353534
-1.7040892922507158
-1.8095861385569645
-1.9203388086018576
-1.9137675612931657
-1.7468631292032493
-1.9092953101289418
-1.5192769269018163
-1.342815894095557
-1.9997046608450586
-2.159815994350294
-2.0202955860770624
-1.598419111709119
-1.9368535537264173
-1.8605161771349779
-2.178172626269309
-2.12028416500138
-1.8734301011950483
-1.922401106529811
-1.9785903612834561
-2.15455254819298
-1.6707137719496346
