-1.4086582980780005
-1.5509363799245213
-1.377369303865685
-1.5314326077426546
-1.5122317889685495
-1.5031401236868769
-1.5428420187318705
-1.5997051102084945
-1.26267014034844
-1.4467534658295533
-1.3654008166334402
-1.3682189479236961
-1.559051397388929
-1.5229379857697136
-1.5343636894468666
-1.460238286598965
-1.519056633765988
-1.419103401267133
-1.6051771106298385
-1.41556803011246
-1.5389588654622228
-1.453128127246314
-1.6060758889552926
-1.34632554608049
-1.482546664827899
-1.3505718588321836
-1.5246655738558825
-1.3962307081060557
-1.626288265493233
-1.3383259328365837
-1.475713588410564
-1.4975274939715222
-1.4314512106040786
-1.534229231119752
-1.7590244351691444
-1.4613990522484333
-1.596305698193878
-1.4377598310366224
-1.4294674774301468
-1.4621933145757424
-1.4484001527162507
-1.5332731205830181
-1.4644230290154776
-1.3740732065898533
-1.6036204603045974
-1.5509440803358272
-1.5357061037036246
-1.57925713600492
-1.491007921396605
-1.4264451548319332
-1.459354043602339
-1.5498950304510455
-1.5160480963470553
-1.485487135496745
-1.4975777875096523
-1.5029843112802923
-1.5189241829374431
-1.3900755328199392
-1.5021652837864248
-1.3004161942373642
-1.545728462713929
-1.3741392827621053
-1.2179657463422684
-1.45088606116109
-1.51876884377215
-1.549080759680368
-1.4190962241989018
-1.5607706105742465
-1.6061948530820263
-1.4998041738125694
-1.5199291582426624
-1.4263541971485099
-1.4722392502621209
-1.3961906173492409
-1.373136135592567
-1.5896517736344324
-1.6508799599922224
-1.494412503803912
-1.6006035384776256
-1.3979832006235475
-1.5508210896465626
-1.4117164708625118
-1.232240014093962
-1.4707914945776395
-1.431592002894888
-1.479639939126526
-1.413932379122321
-1.5140252668162435
-1.4647269289587075
-1.5147553915214549
-1.47677799824244
-1.5111523927819364
-1.4503885298830665
-1.4454388097314808
-1.4768373013225293
-1.4441611254149649
-1.4818504501813154
-1.4259812534935072
-1.637991962934752
-1.4505645571550083
-1.4597534307213471
-1.446772866315686
-1.4583303601162925
-1.588648988976085
-1.282982412027271
-1.3887903974676328
-1.5471212687499079
-1.5398292480767064
-1.5889503539853722
-1.5191671297337308
-1.4724912005773159
-1.5589626620066097
-1.5637044538528349
-1.4289931449012392
-1.5235384264239094
-1.2964667968503876
-1.5937157686576802
-1.4819819063081865
-1.6172499307350998
-1.5187245719979274
-1.3721814645242274
-1.5014783977701511
-1.3894171858561521
-1.6085560880052596
-1.4284210916246374
-1.4759131760233273
-1.314694872900501
-1.5010551244998704
-1.3614032087500094
-1.5420958493425165
-1.5786138451863878
-1.3963906452668011
-1.5122703771010602
-1.5279516311519261
-1.4922450102859806
-1.356745086557141
-1.3488640112143684
-1.62729126791583
-1.4515434361278055
-1.5055579871322537
-1.4941912731182336
-1.5982276672011895
-1.3876328100772293
-1.5468806937171626
-1.6738261814056825
-1.4616768643466722
-1.530233696605956
-1.4296429400968997
-1.3455438280648675
-1.3548546101646348
-1.4421918015836703
-1.44662125267506
-1.5128156525643521
-1.7165658538755237
-1.4253380457458809
-1.6551634131550443
-1.3849825119841825
-1.4096561404093757
-1.6269168620333336
-1.4456765371591795
-1.6763025957374436
-1.5191315600123194
-1.5881419542472948
-1.4938253281743612
-1.4554477042416378
-1.4813895717644918
-1.3079656729926796
-1.563894523928103
-1.3975994478062903
-1.466432049568375
-1.5997892927103061
-1.4246313617392148
-1.4819819063081865
-1.5372686524991739
-1.519852949952964
-1.3968067736582488
-1.5610712189471236
-1.4992279740652865
-1.5239985291456999
-1.4841537267848155
-1.402496231366551
-1.5653525661317946
-1.4686835488310859
-1.3879107989646653
-1.5581547504937334
-1.4791741700551095
-1.4750382239535091
-1.5424251189018743
-1.4642088272762752
-1.5395462013774246
-1.5529914218914622
-1.428949376858598
-1.490693765993914
-1.419797578701329
-1.450886746609993
-1.3151502044573253
-1.3772502161546
-1.4956208497266328
-1.5267299624455548
-1.477310867797009
-1.47841866761976
-1.46280054307561
-1.5484388793086317
-1.5428014936360182
-1.5334879417104181
-1.4424960888397838
-1.4218658202996206
-1.4981568287587548
-1.5478880176523937
-1.3405952753208132
-1.5026033281699789
-1.5859426701456076
-1.5157518871204498
-1.5537405436086016
-1.5393235011480737
-1.441765860825086
-1.5475996094774565
-1.432906624806325
-1.5318990444802307
-1.517371989926037
-1.2713823896166887
-1.5069609226602019
-1.5115659874633245
-1.4769565762184529
-1.4236829635778943
-1.484558541909395
-1.4753291029705395
-1.511440298492468
-1.4477036912392975
-1.4522746059384843
-1.4961443841970934
-1.4726566649452613
-1.5638215125512849
-1.4927002812670538
-1.474482213386664
-1.5797723428208972
-1.5079093925811828
-1.472436114929279
-1.5022186662141972
-1.5607119893490586
-1.416574164585477
-1.2619112956940617
-1.5710919276630055
-1.397405610518561
-1.5169118419495193
-1.451002351479092
-1.3689633668782921
-1.5905069415378144
-1.4646344228400419
-1.3300831767533645
-1.6332632370983076
-1.4574239269047133
-1.351053740528796
-1.3705465207330025
-1.4990078011629357
-1.6859570261837162
-1.7418884769579073
-1.7741432229888474
-1.6951246408960592
-1.5259900592536488
-1.7357593188697718
-1.4977012577116064
-1.6898628047131097
-1.419078446415552
-1.6063717714013204
-1.7196822251778978
-1.6058460856391616
-1.7741432229888474
-1.5258446525989173
-1.7662190376175309
-1.4023019300488357
-1.5887415770843116
-1.5293416662448878
-1.7696024698320438
-1.5392406920081405
-1.5959683079835427
-1.7725297754730347
-1.7431534686673569
-1.4615892330510083
-1.7860384037589885
-1.3664113777129363
-1.7479221159682634
-1.6298552895987015
-1.7191560777504171
-1.4562778775367713
-1.6117767755066472
-1.5237888194023919
-1.7725567946066194
-1.7377207748960344
-1.6059247690832423
-1.672666226337412
-1.7570019290718588
-1.753196302225068
-1.4939408244301147
-1.4270927551764139
-1.5106991209665739
-1.7856215873386958
-1.4988899923662524
-1.7847639145954983
-1.4683150905674798
-1.483785787740468
-1.4307294306178564
-1.6435265728367319
-1.5756461411292508
-1.7906531299262713
-1.630870672080063
-1.6331992457762552
-1.7201252233800006
-1.7800424366518675
-1.744497319651657
-1.4364337690873867
-1.55718467970568
-1.750285974003888
-1.5617130051904984
-1.4925336185404787
-1.7601339227360175
-1.7578826933413425
-1.642792949682013
-1.6286113974324192
-1.8366562246925584
-1.784863029964007
-1.703294552233019
-1.613496915915949
-1.6134969159159485
-1.6020593080280312
-1.890272106888863
-1.370236470635834
-1.7494952123782745
-1.7046860779469593
-1.709228514588875
-1.7267343265809134
-1.8535091641233814
-1.3913406553790484
-1.366600362991759
-1.5771371301895312
-1.690069876738718
-1.7386159665954621
-1.7720260346407248
-1.561029186068605
-1.757313109853957
-1.7525055972713917
-1.7807600970394621
-1.7072745910369744
-1.7637917024037901
-1.8460841418473692
-1.7720260346407248
-1.9156706081546955
-1.5077461740049292
-1.6005318412304854
-1.502406060485931
-1.4769244971284126
-1.488616495179936
-1.3191003985204777
-1.8064458050198966
-1.8849709774211352
-1.5202800065042137
-1.3912763433274384
-1.6794637913825414
-1.5477343549472726
-1.805023658159068
-1.6450424209007002
-1.4841298869714334
-1.6663707183741336
-1.5658785348954196
-1.679854028066429
-1.7651451558345364
-1.9353488240907475
-1.6738146609786644
-1.555759481414928
-1.923857812994901
-1.4532603852665438
-1.584196124283742
-1.8064579456342957
-1.8097229251792868
-1.9462628821614465
-1.395187621890889
-1.5832044169264363
-1.6048104367746179
-1.571432884040481
-1.733850602576044
-1.9140010924632564
-1.6062732010577307
-1.939517295758812
-1.6535562329363303
-1.6942180612527573
-1.860402050545792
-1.947888632404494
-1.7119714310901823
-1.4450855969004581
-1.7706313659913064
-1.8127923408209052
-1.9557755961235581
-1.8696021338781073
-1.605908594020994
-1.7760563451172255
-1.2761714843936782
-1.9099247461218951
-1.9475561719769012
-1.369169147136236
-1.9990373903783478
-2.066046403092153
-1.5198858319599164
-2.018000673458149
-1.9153374827194463
-1.6122515930902184
-1.8555990592589864
-1.9628174079319374
-1.3615837267826798
-1.8703035191247284
-1.3804255478448866
-1.6124785209163441
-1.7541524831634843
-1.87178607389114
-1.3620619780217824
-2.066046403092153
-1.61404343431197
-1.494174891846764
-2.029559309928683
-1.9633832123534498
-1.952739581230579
-1.962778441403474
-1.543160733556748
-1.4549262334049775
-2.03277890397421
-2.0798056911521714
-1.7341301970457645
-1.5231223589397027
-1.475892571935593
-1.6510073047589584
-1.555298666422193
-1.4631384549187683
-1.4496060441061562
-1.6022797589461435
-1.7709509986657932
-2.0798056911521714
-1.494592991944823
-2.0798056911521714
-1.351496511279874
-1.5423608780640699
-1.8409031286792628
-1.7006322143639916
-1.8864900164348737
-1.9800563107844975
-1.6179600310942779
-2.074808732963389
-1.348666463632378
-2.0501418277602816
-1.4903330636955268
-1.403050544099412
-1.7453091548728734
-1.8440278138230255
-1.8596410324208223
-1.7731658761224152
-2.0798056911521714
-1.9176253082458876
-2.016785800692599
-2.0436553118848857
-1.560199028048765
-1.7709682658884969
-1.8077667920350735
-1.9295686950584208
-2.182498899596304
-2.1859296219188407
-1.5318522251753102
-1.9621485903011724
-1.6786242674485456
-2.045897838307017
-2.182498899596304
-1.868560192909022
-1.9592431780106185
-1.8250130853608533
-1.9057175092746874
-1.7580310126174536
-1.3387621704616506
-2.097485616641896
-1.7886519621600132
-1.8324274416143096
-1.9956743024937107
-1.8921164696089092
-1.844536896510383
-1.924359666385803
-1.4706120751831686
-1.9030603392151746
-1.9820865588132222
-1.7814038359749071
-2.1477085268323255
-1.7293169905375922
-2.182498899596304
-1.5010965137772878
-1.724821290477145
-2.182498899596304
-1.9073661088252654
-1.797502653234826
-1.9307439929437717
-2.135322352228863
-1.8685601929090225
-2.1538089388457347
-1.7593587830416224
-2.0110230218165035
-2.182498899596304
