-0.8541383322306954
-0.8541383322306954
-0.9075882011999576
-0.6682733204091028
-0.7612058263198992
-0.5697335628261698
-0.9075882011999576
-0.7612058263198992
-0.5697335628261698
-0.6682733204091029
-0.668273320409103
-0.5697335628261699
-0.6654696945730345
-0.47119380524323684
-0.7612058263198991
-0.6654696945730345
-0.5697335628261698
-0.6654696945730345
-0.47119380524323684
-0.9075882011999576
-0.7612058263198991
-0.47119380524323684
-0.7612058263198992
-0.7612058263198991
-0.6654696945730345
-0.42615481378217995
-0.5697335628261698
-0.42335118794611154
-0.6654696945730345
-0.42335118794611154
-0.42335118794611154
-0.6654696945730345
-0.42335118794611154
-0.7612058263198991
-0.6626660687369661
-0.7612058263198991
-0.668273320409103
-0.6654696945730345
-0.6626660687369661
-0.6654696945730345
-0.7612058263198991
-0.6654696945730345
-0.9103918270360261
-0.5697335628261698
-0.6654696945730345
-0.42335118794611154
-0.5697335628261699
-0.7612058263198992
-0.6654696945730345
-0.42335118794611154
-0.6682733204091029
-0.6654696945730345
-0.6654696945730345
-0.7612058263198992
-0.6654696945730345
-0.668273320409103
-0.6654696945730345
-0.6654696945730345
-0.6654696945730345
-0.9103918270360261
-0.42335118794611154
-0.5697335628261699
-0.42335118794611154
-0.6654696945730345
-0.6626660687369661
-0.6626660687369661
-0.6654696945730345
-0.6654696945730345
-0.6654696945730345
-0.5697335628261698
-0.7612058263198991
-0.6654696945730345
-0.6626660687369661
-0.6654696945730345
-0.6682733204091029
-0.7612058263198991
-0.6682733204091029
-0.6654696945730345
-0.6654696945730345
-0.6654696945730345
-0.6682733204091028
-0.6654696945730345
-0.7612058263198991
-0.5697335628261698
-0.6682733204091029
-0.6654696945730345
-0.6654696945730345
-0.42335118794611154
-0.6654696945730345
-0.6654696945730345
-0.6654696945730345
-0.6654696945730345
-0.6654696945730345
-0.6654696945730345
-0.5697335628261699
-0.47119380524323684
-0.7612058263198992
-0.9103918270360261
-0.6654696945730345
-0.5697335628261698
-0.9075882011999576
-0.7612058263198991
-0.5697335628261699
-0.7612058263198991
-0.5697335628261699
-0.6654696945730345
-0.6654696945730345
-0.6654696945730345
-0.6654696945730345
-0.6682733204091029
-0.6654696945730345
-0.6654696945730345
-0.6654696945730345
-0.42335118794611154
-0.6654696945730345
-0.42335118794611154
-0.6682733204091029
-0.9075882011999576
-0.42335118794611154
-0.6654696945730345
-0.9075882011999576
-0.6654696945730345
-0.9047845753638892
-0.9047845753638892
-0.9075882011999576
-0.42335118794611154
-0.9075882011999576
-0.6654696945730345
-0.6654696945730345
-0.9075882011999576
-0.6654696945730345
-0.6654696945730345
-0.9103918270360261
-0.6654696945730345
-0.7612058263198992
-0.6626660687369661
-0.6654696945730345
-0.9075882011999576
-0.7612058263198992
-0.47119380524323684
-0.6654696945730345
-0.6654696945730345
-0.7612058263198992
-0.9075882011999576
-0.6626660687369661
-0.42615481378217995
-0.6654696945730345
-0.5697335628261698
-0.6654696945730345
-0.6654696945730345
-0.9075882011999576
-0.6654696945730345
-0.9075882011999576
-0.9075882011999576
-0.6654696945730345
-0.6654696945730345
-0.6654696945730345
-0.5697335628261698
-0.5697335628261698
-0.4205475621100431
-0.42335118794611154
-0.5697335628261698
-0.8541383322306954
-0.6682733204091029
-0.8541383322306954
-0.6654696945730345
-0.7612058263198992
-0.6654696945730345
-0.6682733204091028
-0.7612058263198991
-0.6654696945730345
-0.7612058263198991
-0.6682733204091029
-0.42335118794611154
-0.42335118794611154
-0.6654696945730345
-0.6654696945730345
-0.7612058263198991
-0.5697335628261699
-0.6654696945730345
-0.5697335628261699
-0.6654696945730345
-0.7612058263198991
-0.7612058263198991
-0.9075882011999576
-0.5697335628261698
-0.7612058263198992
-0.4205475621100431
-0.5697335628261698
-0.47119380524323684
-0.8541383322306954
-0.4205475621100431
-0.9103918270360261
-0.6654696945730345
-0.42335118794611154
-0.9075882011999576
-0.7612058263198991
-0.6654696945730345
-0.6654696945730345
-0.6654696945730345
-0.42335118794611154
-0.6654696945730345
-0.6654696945730345
-0.7612058263198992
-0.668273320409103
-0.5697335628261699
-0.9103918270360261
-0.6654696945730345
-0.7612058263198992
-0.6654696945730345
-0.47119380524323684
-0.7612058263198992
-0.6654696945730345
-0.42335118794611154
-0.9075882011999576
-0.7612058263198992
-0.6654696945730345
-0.5697335628261698
-0.7612058263198991
-0.6654696945730345
-0.9075882011999576
-0.6654696945730345
-0.7612058263198991
-0.9075882011999576
-0.6654696945730345
-0.5697335628261698
-0.6654696945730345
-0.6654696945730345
-0.9075882011999576
-0.6682733204091029
-0.7612058263198992
-0.9075882011999576
-0.8541383322306954
-0.9103918270360261
-0.6626660687369661
-0.9047845753638892
-0.6626660687369661
-0.6654696945730345
-0.5697335628261699
-0.6626660687369661
-0.5697335628261698
-0.6626660687369661
-0.9047845753638892
-0.42335118794611154
-0.7612058263198992
-0.42335118794611154
-0.6654696945730345
-0.7612058263198991
-0.5697335628261699
-0.6654696945730345
-0.6654696945730345
-0.42615481378217995
-0.9047845753638892
-0.5697335628261698
-0.6654696945730345
-0.6654696945730345
-0.5697335628261698
-0.6682733204091029
-0.42335118794611154
-0.5697335628261699
-0.5697335628261699
-0.9047845753638892
-0.6654696945730345
-0.5697335628261699
-0.9103918270360261
-0.9075882011999576
-0.6654696945730345
-0.6654696945730345
-0.6682733204091028
-0.5697335628261699
-0.6682733204091028
-0.42335118794611154
-0.9075882011999576
-0.5697335628261699
-0.5697335628261698
-0.6654696945730345
-0.6654696945730345
-0.6654696945730345
-0.9103918270360261
-0.6682733204091028
-0.5697335628261699
-0.7612058263198991
-0.6654696945730345
-0.5697335628261698
-0.5697335628261699
-0.42335118794611154
-0.6682733204091029
-0.6626660687369661
-0.47119380524323684
-0.42335118794611154
-0.6654696945730345
-0.6654696945730345
-0.6654696945730345
-0.9075882011999576
-0.6654696945730345
-0.6682733204091029
-0.6654696945730345
-0.9103918270360261
-0.7612058263198992
-0.7612058263198992
-0.6654696945730345
-0.6654696945730345
-0.6682733204091028
-0.6654696945730345
-0.6654696945730345
-0.5697335628261699
-0.6654696945730345
-0.6654696945730345
-0.6654696945730345
-0.6682733204091028
-0.6626660687369661
-0.42335118794611154
-0.5697335628261698
-0.5697335628261699
-0.6654696945730345
-0.6654696945730345
-0.7612058263198992
-0.5697335628261698
-0.5697335628261699
-0.9075882011999576
-0.6682733204091029
-0.668273320409103
-0.6654696945730345
-0.6654696945730345
-0.7612058263198991
-0.9075882011999576
-0.7612058263198991
-0.5697335628261699
-0.9103918270360261
-0.5697335628261698
-0.9075882011999576
-0.9103918270360261
-0.6654696945730345
-0.6682733204091029
-0.6654696945730345
-0.6654696945730345
-0.9103918270360261
-0.6654696945730345
-0.7612058263198992
-0.9075882011999576
-0.4205475621100431
-0.6654696945730345
-0.7612058263198991
-0.6654696945730345
-0.9075882011999576
-0.42615481378217995
-0.6654696945730345
-0.6654696945730345
-0.9103918270360261
-0.6654696945730345
-0.9075882011999576
-0.6654696945730345
-0.42335118794611154
-0.9103918270360261
-0.9075882011999576
-0.6682733204091029
-0.6654696945730345
-0.7612058263198992
-0.6654696945730345
-0.7612058263198991
-0.5697335628261699
-0.6654696945730345
-0.9103918270360261
-0.9075882011999576
-0.6654696945730345
-0.668273320409103
-0.42335118794611154
-0.8541383322306954
-0.6682733204091029
-0.9075882011999576
-0.9103918270360261
-0.9103918270360261
-0.9075882011999576
-0.6654696945730345
-0.9075882011999576
-0.6654696945730345
-0.6682733204091029
-0.6654696945730345
-0.6654696945730345
-0.6682733204091029
-0.6682733204091029
-0.6654696945730345
-0.6654696945730345
-0.6654696945730345
-0.5697335628261698
-0.7612058263198992
-0.6654696945730345
-0.5697335628261698
-0.6654696945730345
-0.9103918270360261
-0.47119380524323684
-0.42335118794611154
-0.6682733204091029
-0.7612058263198992
-0.6654696945730345
-0.7612058263198991
-0.5697335628261698
-0.9075882011999576
-0.9075882011999576
-0.47119380524323684
-0.6654696945730345
-0.7612058263198992
-0.9047845753638892
-0.6654696945730345
-0.6654696945730345
-0.6654696945730345
-0.42335118794611154
-0.6654696945730345
-0.9075882011999576
-0.9075882011999576
-0.6654696945730345
-0.6682733204091029
-0.6654696945730345
-0.6654696945730345
-0.6654696945730345
-0.9075882011999576
-0.6682733204091029
-0.6654696945730345
-0.9075882011999576
-0.6626660687369661
-0.6654696945730345
-0.42615481378217995
-0.6626660687369661
-0.4205475621100431
-0.6654696945730345
-0.9075882011999576
-0.9075882011999576
-0.9075882011999576
-0.9103918270360261
-0.9075882011999576
-0.9075882011999576
-0.9047845753638892
-0.7612058263198991
-0.6626660687369661
-0.6654696945730345
-0.9103918270360261
-0.6654696945730345
-0.9075882011999576
-0.6654696945730345
-0.6654696945730345
-0.9047845753638892
-0.9075882011999576
-0.6626660687369661
-0.6654696945730345
-0.6682733204091029
-0.6682733204091029
-0.6654696945730345
-0.6682733204091028
-0.6654696945730345
-0.7612058263198992
-0.7612058263198991
-0.6654696945730345
-0.6654696945730345
-0.9103918270360261
-0.9075882011999576
-0.6654696945730345
-0.6626660687369661
-0.6654696945730345
-0.7612058263198991
-0.6626660687369661
-0.6654696945730345
-0.7612058263198991
-0.6654696945730345
-0.5697335628261699
-0.6654696945730345
-0.7612058263198991
-0.6654696945730345
-0.7612058263198991
-0.6654696945730345
-0.9103918270360261
-0.7612058263198991
-0.6654696945730345
-0.9075882011999576
-0.9075882011999576
-0.668273320409103
-0.7612058263198991
-0.6654696945730345
-0.7612058263198991
-0.9047845753638892
-0.6654696945730345
-0.8541383322306954
-0.6626660687369661
-0.42335118794611154
-0.6682733204091028
-0.5697335628261699
-0.9047845753638892
-0.7612058263198991
-0.9047845753638892
-0.7612058263198991
-0.9075882011999576
-0.9075882011999576
-0.6654696945730345
-0.9103918270360261
-0.9075882011999576
-0.5697335628261699
-0.7612058263198991
-0.9047845753638892
-0.6654696945730345
-0.9103918270360261
-0.6654696945730345
