-5.681031053973194
-4.004760815705443
-3.8005492922973705
-4.152278748627717
-4.1697155753703985
-4.225246203184431
-4.258596354722087
-4.192928989522548
-3.7857539059934466
-5.330189639267654
-3.8260387719631304
-4.223468671125788
-4.402996875247019
-4.163318433715708
-4.237227679212213
-4.207238994734418
-4.159217471990509
-4.09508737445999
-4.076004600431223
-4.478913137146577
-4.182018423197137
-4.239183882907413
-4.155705540194095
-4.228708535097502
-4.664650751368176
-4.231451625426363
-4.294717390120869
-4.273377501317774
-4.304296264433027
-4.458423083382242
-3.107527410745587
-3.797855783312248
-4.368995358461408
-4.22910804548586
-4.020552361673201
-4.104600869401119
-5.374635080134977
-3.093363128479156
-4.079876047630095
-5.513156582457641
-4.14254028353633
-4.15186576046107
-4.034589570525859
-3.178239544050435
-5.115046811727227
-4.2633153482888195
-3.694338508018662
-4.540041827933397
-4.1835260369501555
-4.079321578872941
-4.161820089091434
-4.3270276930103275
-4.19441803824657
-4.371829384229379
-4.1596271904193145
-4.584169261295411
-4.1938859457071045
-4.124114574885946
-4.2099613487342085
-4.188380597910609
-4.1782741897860385
-4.0177017127049375
-3.2905265235510006
-4.165188374306131
-4.412703767204818
-4.060083023480983
-4.103967949419368
-3.1073216721940744
-3.209424616099523
-4.215521524240209
-3.218244104896205
-4.725177346721929
-3.9017846588748726
-4.1586474321548526
-4.1097581123338625
-3.932005477059628
-4.159439650238449
-3.792940090186575
-4.313246542236174
-4.102757128613166
-4.1590397818834735
-4.168664113879414
-4.364488058977427
-4.157915784098916
-3.9509046559278884
-3.971604560623766
-4.163378579650199
-4.3737163420120595
-4.26645026510598
-4.223513512608366
-4.098559699845747
-4.061455341821756
-3.8147286812736274
-4.379503702758318
-4.209547596814997
-4.058987400973825
-4.386051912573787
-4.372097907074132
-3.9552000102671263
-3.0977345595508403
-2.794447146029157
-4.5153565866927705
-5.177292457800123
-4.2417627550118056
-3.80747521312919
-4.274123806764112
-3.5041762056767656
-4.1640787005096875
-3.44082564368295
-3.972888678937164
-5.150050875871935
-3.084464509087526
-4.1536840718875325
-4.081050041503917
-4.3029333730725945
-4.469080571579558
-3.800307874561276
-4.690270014177113
-4.267157851054834
-4.38919419707814
-4.624588229777906
-3.9842190353403355
-3.93170531830668
-3.943144371926998
-2.9941390542733752
-5.170253843162916
-4.0092223421955495
-3.8734253714554763
-4.203159824945436
-4.4752501747569955
-4.9463460069934815
-4.160413411305437
-4.09871556145833
-3.1632029990406876
-3.0373173812949568
-4.2638793894030895
-4.182021819154621
-4.1610037340014925
-4.814346325746821
-4.150977976808558
-4.163762113797895
-4.110356378760856
-4.838932133202117
-4.413987608182023
-4.170179220539634
-5.142958712581047
-4.821812522800552
-4.182311710533226
-4.294058391372543
-4.2486023670366
-4.160722731286912
-4.162311213430341
-4.114162043228438
-3.9742997834670053
-4.395950658224668
-4.319787216075049
-5.569647511565357
-4.092964384458036
-4.112717714266025
-4.12572650138985
-4.156040859242481
-5.2302974443353305
-3.8138258897283666
-4.242211162839501
-4.267211568154265
-3.926763482634673
-4.123244860762077
-4.22100245350262
-4.87537087332402
-4.368641611380851
-4.19126880012343
-4.124209783104912
-5.2271177507103985
-3.163612717469494
-2.918814235985034
-4.507460361566363
-2.632238835170682
-3.5422648184302092
-4.367268781099972
-4.032441753049272
-4.163353194140701
-4.295864020545572
-4.324126651038768
-4.867103850541598
-3.129050901524679
-3.9058484261415254
-4.193605831600841
-4.288212806155016
-4.163943563955142
-4.174355947780693
-4.170214055869058
-4.18725327931177
-2.9826828853692984
-4.3162547462823415
-4.374487029288828
-3.647071023140175
-4.133133610085559
-4.57404657939443
-5.372326065605035
-5.193819371806727
-5.187096520991448
-4.125775524695369
-3.9908832274003108
-4.189858772108902
-4.13198766877307
-4.25199708227088
-4.198684361579522
-3.2687669977325147
-4.545105538571642
-3.3388179191119356
-4.1455012485709295
-4.274993608021196
-5.6903183638516985
-5.507737095165032
-4.220863844347873
-4.316252605308373
-4.155209948522387
-4.194664176951376
-5.029431992646753
-4.153380028798093
-3.499862009150361
-5.501858038167371
-4.778805888347134
-4.080989236092607
-3.854421183198823
-4.0636236839941855
-4.545105538571643
-3.866935306818702
-3.835184296568309
-4.161654177573842
-4.320750937053191
-3.2192210349099155
-4.277029058423307
-5.151803903883469
-4.048311730663061
-4.157998582840285
-5.627933023601541
-4.261609429777731
-4.662170295949024
-1.7579928489383372
-4.2718340041856475
-4.117935317963394
-4.175307110845953
-4.107111484486176
-4.147275397130537
-4.170060981298465
-5.15267346767266
-4.707477884086093
-4.387715855102625
-4.226425793512786
-2.1087593572910146
-4.20034642066617
-3.7077095726451423
-5.217605260478944
-3.1617591128056803
-5.115755550384265
-3.612104902335944
-4.180359303428713
-4.16639278468526
-5.58842690083096
-5.6903183638516985
-3.61482791379328
-4.094828888150852
-5.621724678986673
-5.150711432755919
-4.384125404313822
-3.1624268696183524
-4.2307796182523045
-2.8690248988492915
-4.09169509394347
-5.06944016087881
-5.5606806457523446
-4.140605705721294
-3.5056248179456064
-5.574167459006695
-5.284606260705632
-4.182701891073918
-5.625499504802022
-5.163912103058185
-4.228434207045886
-5.541919145947512
-5.629417227108158
-4.377087264497954
-4.251782968072759
-4.269161333378742
-4.572741508438318
-5.228649372051649
-3.839853750504945
-5.625499504802022
-5.6903183638516985
-5.2315499106781935
-2.929561837286
-4.167138139530608
-4.02633458877705
-2.882690401490466
-5.793317788288109
-5.845002028189398
-5.590650343762285
-5.167194404141996
-4.081050041503916
-4.164884506992036
-5.640784632059378
-5.793317788288109
-5.974165216004233
-5.160399302585716
-5.226461773919369
-4.1596271904193145
-3.382469985970023
-3.792766799916246
-4.962011401517932
-5.974165216004233
-4.166728421101801
-5.659370368246313
-5.593334682464802
-5.632769457211242
-5.045213861122306
-5.979464657188461
-5.330082817580253
-5.220657422209429
-5.3306316128084665
-5.979464657188461
-5.974165216004233
-5.399828747724123
-5.972424090352544
-5.637385763609516
-5.974165216004233
-4.662171021644894
-4.136800567062475
-5.143902419498248
-5.639224288827414
-4.65070484117163
-5.974165216004233
-3.7613186088791397
-4.533495109511356
-3.618384260574702
-5.976814936596347
-5.979464657188461
-5.150693837604631
-5.976814936596347
-5.2798392836529375
-5.285058088411583
-5.774256043205054
-5.976814936596347
-6.036684271515899
-4.7981722826976485
-5.972531878267969
-4.722745670298229
-4.481204874795262
-4.526905088257288
-5.280786554890732
-4.287821184300112
-5.974165216004233
-5.6245074043097425
-5.976814936596347
-6.036925687686667
-6.0361495582643325
-5.916704185506028
-6.036925687686667
-5.219728532562618
-5.686795905374897
-3.7788952325063256
-5.9737294655548
-5.750367774052047
-6.036925687686667
-5.980634642411248
-5.976814936596347
-4.191713951972624
-4.192055978680568
-3.2079832016470426
-6.306785013785287
-6.17937382998764
-6.17937382998764
-6.30286729147915
-4.178046936662711
-6.0772983922734305
-6.055880368496131
-4.153661781862903
-5.168942936155311
-4.509694606362392
-5.836284725051224
-4.621919528929047
-5.789293001708382
-5.899649328253757
-6.180079387773735
-5.099183137808566
-6.322547435729044
-5.618111580682925
-3.1993229862442627
-6.180079387773735
-6.036925687686667
-6.17937382998764
-3.5020904989353796
-4.84467768569565
-4.40828338060931
-5.886133205470221
-5.755829572612236
-5.767322189361348
-5.895629906547729
-5.979957761612413
-5.028364206455276
-4.3634570106308
-5.980634642411248
-6.326715219520515
-5.552906058068591
-5.179698665311308
-5.897575382313574
-5.9032770641400685
-5.205377012453622
-6.182914426081342
-6.175083376554068
-5.387886571589993
-6.327685604062109
-5.801375930557288
-5.752866512519374
-5.7755874601478645
-6.078830638478318
-5.0338383803078
-6.064696890455127
-5.749436899955376
-4.1647894492593425
-5.764137167754724
-5.749501409774085
-5.31117654344732
-5.891136556998462
-6.29153578448016
-4.090128935617201
-6.296641145267965
-5.161654145771119
-5.953114373175133
-3.885614553548632
-6.137818861792557
-6.325162960675845
-6.171750656177167
-6.327685604062109
-5.899932298003561
-6.298949569173013
-4.903778461119894
-5.891136556998463
-6.17847263015241
-5.162271923159654
-6.0624933161942325
-5.74776485228464
-6.028499176497638
-5.0607445523223085
-6.080329855623292
-6.055880368496131
-5.8041278136050645
-5.5666213241805576
-3.698077921489179
-5.722787284960911
-4.222232036383684
-6.327685604062109
-4.539876118725286
-5.895767763406984
-5.776524674114949
-6.325162960675845
-5.7993453806057556
-6.29382614599017
-6.026454824218238
-5.369019503923828
-3.798142576175378
-6.028499176497638
-5.925130696695057
-6.053897620567453
-5.777366756375632
-6.078580639102589
-5.144761375642215
-4.266740846380139
-4.76424253630661
-5.978270169057906
-6.067141441962235
-4.8065558106515
-4.990527320392797
-5.25923917216457
-5.763938706597926
-6.081554103245038
-5.406841911999113
-4.914479123967305
-6.322500126790224
-4.709844182507649
-4.238033562088628
-5.979423442033295
-3.5635201142886297
-4.474180213466134
-6.327685604062109
-6.327685604062109
-6.327685604062109
-6.325162960675845
-5.902762401359349
-6.007268480199241
-5.976814936596347
-5.167011007080343
-6.048244072078029
-5.210987325549523
-6.327685604062109
-6.323569212027598
-6.328163895168972
-5.422077941495601
-6.073920761876389
-4.323260313872942
