-0.8076573277126924
-0.6657707638558961
-0.6676228398410119
-0.5939014439349399
-0.9189082934419375
-0.5939014439349399
-0.7376400837768522
-0.5939014439349399
-0.667622839841012
-0.4126332342698545
-0.6657707638558961
-0.6657707638558961
-0.7376400837768522
-0.6657707638558961
-0.4126332342698545
-0.4144853102549704
-0.6657707638558961
-0.9189082934419375
-0.6657707638558961
-0.6657707638558961
-0.6657707638558961
-0.667622839841012
-0.6657707638558961
-0.6657707638558961
-0.6676228398410119
-0.5939014439349399
-0.667622839841012
-0.6657707638558961
-0.5939014439349399
-0.5939014439349399
-0.6657707638558961
-0.6657707638558961
-0.6657707638558961
-0.9189082934419375
-0.6676228398410119
-0.4126332342698545
-0.6657707638558961
-0.667622839841012
-0.667622839841012
-0.6657707638558961
-0.6657707638558961
-0.8076573277126924
-0.7376400837768522
-0.6657707638558961
-0.6657707638558961
-0.6657707638558961
-0.6657707638558961
-0.6657707638558961
-0.9207603694270533
-0.6639186878707802
-0.667622839841012
-0.4144853102549704
-0.6657707638558961
-0.5939014439349399
-0.6657707638558961
-0.5939014439349399
-0.6657707638558961
-0.5939014439349399
-0.9170562174568216
-0.6657707638558961
-0.9189082934419375
-0.7376400837768522
-0.6657707638558961
-0.4126332342698545
-0.5939014439349399
-0.5939014439349399
-0.6657707638558961
-0.6676228398410119
-0.520180048028868
-0.7376400837768522
-0.6657707638558961
-0.6657707638558961
-0.6657707638558961
-0.6657707638558961
-0.5939014439349399
-0.6657707638558961
-0.4107811582847386
-0.6657707638558961
-0.7376400837768522
-0.7376400837768522
-0.6657707638558961
-0.7376400837768522
-0.9207603694270533
-0.5939014439349399
-0.7376400837768522
-0.6657707638558961
-0.4126332342698545
-0.7376400837768522
-0.6657707638558961
-0.5939014439349399
-0.6657707638558961
-0.6639186878707802
-0.5939014439349399
-0.7376400837768522
-0.6657707638558961
-0.6657707638558961
-0.6657707638558961
-0.667622839841012
-0.6639186878707802
-0.6657707638558961
-0.5939014439349399
-0.7376400837768522
-0.6657707638558961
-0.9207603694270533
-0.6657707638558961
-0.6657707638558961
-0.6657707638558961
-0.9189082934419375
-0.9207603694270533
-0.4107811582847386
-0.5939014439349399
-0.6676228398410119
-0.7376400837768522
-0.6657707638558961
-0.4126332342698545
-0.5939014439349399
-0.6657707638558961
-0.5939014439349399
-0.9189082934419375
-0.6657707638558961
-0.6657707638558961
-0.9189082934419375
-0.7376400837768522
-0.9207603694270533
-0.4107811582847386
-0.5939014439349399
-0.6657707638558961
-0.6657707638558961
-0.4126332342698545
-0.7376400837768522
-0.5939014439349399
-0.4144853102549704
-0.5939014439349399
-0.6657707638558961
-0.6676228398410119
-0.6657707638558961
-0.7376400837768522
-0.6657707638558961
-0.6657707638558961
-0.4144853102549704
-0.6657707638558961
-0.5939014439349399
-0.4126332342698545
-0.6676228398410119
-0.4126332342698545
-0.520180048028868
-0.7376400837768522
-0.5939014439349399
-0.6657707638558961
-0.8076573277126924
-0.4126332342698545
-0.6676228398410119
-0.6657707638558961
-0.6657707638558961
-0.6657707638558961
-0.6657707638558961
-0.9189082934419375
-0.9207603694270533
-0.6657707638558961
-0.5939014439349399
-0.7376400837768522
-0.667622839841012
-0.6657707638558961
-0.9207603694270533
-0.6657707638558961
-0.9189082934419375
-0.6657707638558961
-0.5939014439349399
-0.5939014439349399
-0.9170562174568216
-0.7376400837768522
-0.9189082934419375
-0.7376400837768522
-0.6657707638558961
-0.4107811582847386
-0.6639186878707802
-0.6657707638558961
-0.6657707638558961
-0.7376400837768522
-0.4126332342698545
-0.6657707638558961
-0.9170562174568216
-0.4107811582847386
-0.7376400837768522
-0.5939014439349399
-0.6657707638558961
-0.6657707638558961
-0.6657707638558961
-0.9189082934419375
-0.5939014439349399
-0.6657707638558961
-0.9170562174568216
-0.7376400837768522
-0.6657707638558961
-0.9207603694270533
-0.6657707638558961
-0.667622839841012
-0.6657707638558961
-0.7376400837768522
-0.6657707638558961
-0.6657707638558961
-0.7376400837768522
-0.6676228398410119
-0.6676228398410119
-0.6639186878707802
-0.6657707638558961
-0.6657707638558961
-0.7376400837768522
-0.6657707638558961
-0.5939014439349399
-0.6657707638558961
-0.6676228398410119
-0.4126332342698545
-0.4107811582847386
-0.520180048028868
-0.5939014439349399
-0.5939014439349399
-0.9189082934419375
-0.7376400837768522
-0.5939014439349399
-0.7376400837768522
-0.4126332342698545
-0.7376400837768522
-0.9189082934419375
-0.9189082934419375
-0.6657707638558961
-0.6657707638558961
-0.6639186878707802
-0.6639186878707802
-0.5939014439349399
-0.520180048028868
-0.6657707638558961
-0.5939014439349399
-0.5939014439349399
-0.5939014439349399
-0.6657707638558961
-0.6657707638558961
-0.6657707638558961
-0.6657707638558961
-0.6657707638558961
-0.7376400837768522
-0.6657707638558961
-0.6657707638558961
-0.6657707638558961
-0.6657707638558961
-0.7376400837768522
-0.6657707638558961
-0.6676228398410119
-0.5939014439349399
-0.7376400837768522
-0.9207603694270533
-0.9170562174568216
-0.9170562174568216
-0.6657707638558961
-0.4126332342698545
-0.5939014439349399
-0.6657707638558961
-0.4107811582847386
-0.7376400837768522
-0.7376400837768522
-0.6657707638558961
-0.9207603694270533
-0.6676228398410119
-0.6676228398410119
-0.6657707638558961
-0.6657707638558961
-0.6657707638558961
-0.4144853102549704
-0.667622839841012
-0.6657707638558961
-0.4144853102549704
-0.7376400837768522
-0.9189082934419375
-0.7376400837768522
-0.7376400837768522
-0.9207603694270533
-0.6657707638558961
-0.6657707638558961
-0.4107811582847386
-0.9189082934419375
-0.9189082934419375
-0.9207603694270533
-0.9189082934419375
-0.5939014439349399
-0.6639186878707802
-0.5939014439349399
-0.6657707638558961
-0.5939014439349399
-0.4107811582847386
-0.6657707638558961
-0.6657707638558961
-0.6657707638558961
-0.6657707638558961
-0.7376400837768522
-0.9170562174568216
-0.7376400837768522
-0.6676228398410119
-0.5939014439349399
-0.667622839841012
-0.6657707638558961
-0.7376400837768522
-0.5939014439349399
-0.4126332342698545
-0.9189082934419375
-0.6657707638558961
-0.6657707638558961
-0.4126332342698545
-0.5939014439349399
-0.4126332342698545
-0.6657707638558961
-0.6676228398410119
-0.520180048028868
-0.4107811582847386
-0.7376400837768522
-0.6676228398410119
-0.4107811582847386
-0.6657707638558961
-0.4126332342698545
-0.5939014439349399
-0.6676228398410119
-0.5939014439349399
-0.7376400837768522
-0.4126332342698545
-0.9170562174568216
-0.6657707638558961
-0.9189082934419375
-0.6657707638558961
-0.4144853102549704
-0.4144853102549704
-0.6657707638558961
-0.9170562174568216
-0.9189082934419375
-0.6657707638558961
-0.6676228398410119
-0.9189082934419375
-0.6657707638558961
-0.5939014439349399
-0.9170562174568216
-0.4126332342698545
-0.6657707638558961
-0.9189082934419375
-0.6657707638558961
-0.9207603694270533
-0.9189082934419375
-0.6657707638558961
-0.9207603694270533
-0.6676228398410119
-0.9189082934419375
-0.9189082934419375
-0.6657707638558961
-0.5939014439349399
-0.6657707638558961
-0.6657707638558961
-0.9189082934419375
-0.9189082934419375
-0.6657707638558961
-0.9170562174568216
-0.6676228398410119
-0.9189082934419375
-0.9189082934419375
-0.4144853102549704
-0.7376400837768522
-0.9189082934419375
-0.9189082934419375
-0.9189082934419375
-0.9189082934419375
-0.6676228398410119
-0.9189082934419375
-0.9170562174568216
-0.6639186878707802
-0.6657707638558961
-0.9189082934419375
-0.9207603694270533
-0.4126332342698545
-0.9170562174568216
-0.6639186878707802
-0.667622839841012
-0.6657707638558961
-0.9189082934419375
-0.9189082934419375
-0.4126332342698545
-0.9207603694270533
-0.9189082934419375
-0.9189082934419375
-0.6676228398410119
-0.9207603694270533
-0.6657707638558961
-0.9170562174568216
-0.6676228398410119
-0.5939014439349399
-0.6657707638558961
-0.6676228398410119
-0.9189082934419375
-0.9189082934419375
-0.9189082934419375
-0.5939014439349399
-0.6657707638558961
-0.4107811582847386
-0.7376400837768522
-0.4126332342698545
-0.6657707638558961
-0.9189082934419375
-0.9189082934419375
-0.9170562174568216
-0.9170562174568216
-0.9189082934419375
-0.9189082934419375
-0.9207603694270533
-0.7376400837768522
-0.9189082934419375
-0.4126332342698545
-0.9189082934419375
-0.5939014439349399
-0.6676228398410119
-0.6639186878707802
-0.6657707638558961
-0.9189082934419375
-0.6657707638558961
-0.9170562174568216
-0.6657707638558961
-0.6657707638558961
-0.9189082934419375
-0.9189082934419375
-0.6657707638558961
-0.7376400837768522
-0.9189082934419375
-0.6657707638558961
-0.9189082934419375
-0.7376400837768522
-0.9170562174568216
-0.4126332342698545
-0.6676228398410119
-0.9189082934419375
-0.9189082934419375
-0.9207603694270533
-0.9189082934419375
-0.9189082934419375
-0.9189082934419375
-0.6639186878707802
-0.667622839841012
-0.8076573277126924
-0.9189082934419375
-0.6657707638558961
-0.6657707638558961
-0.9189082934419375
-0.9189082934419375
-0.6657707638558961
-0.9170562174568216
-0.6657707638558961
-0.6657707638558961
-0.6657707638558961
-0.9189082934419375
-0.6657707638558961
-0.9189082934419375
-0.9207603694270533
-0.9207603694270533
-0.7376400837768522
-0.9189082934419375
-0.6657707638558961
-0.9189082934419375
-0.5939014439349399
-0.6657707638558961
-0.4126332342698545
-0.6657707638558961
-0.9189082934419375
-0.6657707638558961
-0.6676228398410119
-0.5939014439349399
-0.6639186878707802
-0.5939014439349399
-0.7376400837768522
-0.9189082934419375
-0.9170562174568216
-0.5939014439349399
-0.9189082934419375
-0.9189082934419375
-0.6676228398410119
-0.9170562174568216
-0.8076573277126924
-0.6657707638558961
-0.6657707638558961
-0.667622839841012
-0.9189082934419375
-0.6657707638558961
-0.6657707638558961
-0.9189082934419375
-0.9189082934419375
-0.6657707638558961
-0.6657707638558961
-0.9207603694270533
-0.6657707638558961
-0.6657707638558961
-0.9189082934419375
-0.9189082934419375
-0.9189082934419375
-0.9189082934419375
-0.9189082934419375
-0.6657707638558961
-0.7376400837768522
-0.4126332342698545
