-1.5255390850783717
-1.6197179668707449
-1.5248836870064504
-1.629763793178125
-1.5279131009107099
-1.586786103918596
-1.581221729534997
-1.5101150777648948
-1.6117364445004085
-1.5729161037795967
-1.5296687425624729
-1.5286921412591794
-1.5654239801256375
-1.5513804572847651
-1.5128349341229668
-1.5675556942250268
-1.683284225958701
-1.558110882200709
-1.5772910433485863
-1.5553030626275754
-1.6396929019511868
-1.5385469148141806
-1.6882803052505682
-1.3417843687736228
-1.549906095440416
-1.5890239694002477
-1.5382751660282317
-1.5878606298213742
-1.5403088523559259
-1.5362140394338324
-1.5491596853032776
-1.4854572763297265
-1.5307465844635852
-1.5191756205520677
-1.431315732117584
-1.5509814136922504
-1.6923536620682342
-1.4860199075446157
-1.6281364989598384
-1.5735288351224264
-1.5352718276320387
-1.459005718199418
-1.5353279337102808
-1.7446120044951368
-1.5893273907842174
-1.5257646181393976
-1.4096049409872853
-1.5870879062889611
-1.6985403235714882
-1.4570141451746284
-1.586323706236286
-1.4736586030558523
-1.4665932891899005
-1.6005958502218234
-1.534016521807338
-1.559840401231881
-1.512192425156385
-1.5124899380084704
-1.5255113173726977
-1.585653762263573
-1.5649030894724247
-1.5817625398885844
-1.5691910094345691
-1.3447425679587162
-1.5868974513593912
-1.6740596998311488
-1.4490393372408077
-1.578627077556162
-1.584417848278949
-1.5325755107767538
-1.5416655010221159
-1.5753568575034125
-1.5324576179665685
-1.5753710973847603
-1.4666564245880211
-1.4616679243243493
-1.5219293931122353
-1.5994879618793192
-1.524543765154096
-1.5513804572847651
-1.4290930012438512
-1.5735592616612775
-1.5138868481940166
-1.5278271605203018
-1.6090651958825735
-1.641869315642266
-1.5302729689499448
-1.534426168371057
-1.5260678276174198
-1.5246551329297242
-1.4896631289755122
-1.4443839463109085
-1.582029690284029
-1.5245996827591561
-1.5555621893784477
-1.468547601986666
-1.4085531578046178
-1.5067501575683546
-1.539895622374086
-1.6019804941842133
-1.5287388496924708
-1.742410757560262
-1.485349102787429
-1.566298884916066
-1.4898319232757014
-1.6375510664072785
-1.5808276820295615
-1.6256321055889642
-1.5230059635457374
-1.4813146809712818
-1.5975439325186205
-1.4787848547447333
-1.5941614932171952
-1.5102702864905453
-1.5499655794616776
-1.5630341514420327
-1.5350960295734826
-1.43022485234131
-1.6685509521809663
-1.5492023023121182
-1.5369703465520526
-1.7483180464008874
-1.6749518213016712
-1.5718201567593542
-1.3881241554108366
-1.4991010066803012
-1.5778790245779604
-1.508550485198628
-1.3908815822973435
-1.5842877669412987
-1.5789529487775145
-1.6302810825982523
-1.518016922616141
-1.624315523436807
-1.4990079589932863
-1.6000093173477845
-1.4032542738462657
-1.5636312224010003
-1.5987250640968202
-1.6093989844725205
-1.7243469520348613
-1.5814464101691064
-1.5469979286082234
-1.640644848582025
-1.4376626466376772
-1.606990429683464
-1.3733846989102374
-1.559067752949018
-1.5858009333380143
-1.5107683433509225
-1.492721328166156
-1.6620312820194636
-1.6161607547524532
-1.5799193198483579
-1.5857927798899745
-1.539787237455613
-1.6032830616804632
-1.548751119400353
-1.5164588507694092
-1.5982305545545548
-1.5585803901386606
-1.624239706515291
-1.5047202293913022
-1.5745902120844275
-1.5471554642617806
-1.5666877181208267
-1.4875488065399018
-1.5526677762170595
-1.7357866436367222
-1.4213654614048057
-1.5707552199218515
-1.5542059513253563
-1.5278312312089497
-1.4782483180064534
-1.4211596415530234
-1.633576367511572
-1.5513804572847651
-1.6594270022073485
-1.5989475182282837
-1.493220929390115
-1.5866329753336288
-1.604957590607293
-1.6132256798115532
-1.5918470452605629
-1.5406900296815569
-1.6159424872080392
-1.5494837635159566
-1.5389733983079634
-1.6554166089703757
-1.5307908509022599
-1.4004252479731751
-1.609914546319346
-1.5126099350307793
-1.6125073937688024
-1.631755620576
-1.577443272953718
-1.5505576868485949
-1.5843004510155545
-1.6048658126049316
-1.5272116221731813
-1.6492758930805342
-1.6531313578653517
-1.4745371695269043
-1.5543835558526724
-1.5353694451849451
-1.5600822468681788
-1.6021588030164091
-1.574103478084611
-1.4305062875324173
-1.5598922168227332
-1.6611398155452117
-1.6748241350191786
-1.4705147033542247
-1.403493650560168
-1.5987169017514118
-1.7385531404427725
-1.6528374180482972
-1.4963966274347271
-1.489277534778087
-1.1299618561819549
-1.5728730089161354
-1.4850979196156864
-1.594729065162117
-1.5788345477017836
-1.6388344552817635
-1.5918241889112346
-1.4655729418099224
-1.506103467898587
-1.558480862255014
-1.472861257099113
-1.4819783536806979
-1.5810409426541105
-1.6386267496717188
-1.6478155989910919
-1.5061329793444296
-1.6622390400817633
-1.649189516030646
-1.5594265030223697
-1.5588842426638077
-1.3844477527617873
-1.5226823262983378
-1.4510015121489337
-1.604441116710305
-1.615575991641796
-1.5323202917046421
-1.5492235846941482
-1.5666839544724005
-1.5117316475066342
-1.6387578640033267
-1.6416684863666529
-1.5187125642663641
-1.5614348536298244
-1.5644332599997393
-1.7160687197075202
-1.6123822909726777
-1.8892857800171736
-1.5271553725476066
-1.4413616735887018
-1.5643462565575383
-1.7203221883764224
-1.5781150348781026
-1.647393754658201
-1.792784635780186
-1.718999604883896
-1.722016234862481
-1.7246037296667565
-1.5676974508324242
-1.5712487721000397
-1.7127488542431881
-1.673817196923133
-1.4863032690634572
-1.6846751009820706
-1.6379676449243217
-1.636709206060178
-1.5050526477915747
-1.5995392763096516
-1.647304244675651
-1.7797155103000972
-1.8533213567124296
-1.587084140039336
-1.554476940998625
-1.6384869654516847
-1.4528155767757096
-1.439721234104626
-1.7001094761183961
-1.6493124736945886
-1.6454715690344575
-1.5941473548758789
-1.6460774743972926
-1.7191770474799557
-1.6033164488441147
-1.6665986299910136
-1.668483409549641
-1.6295277708395979
-1.8770553962308445
-1.8394411591668667
-1.6883792884334325
-1.9539050610502295
-1.603834337424868
-1.6895928834370486
-1.9868272986790756
-1.6049957231027796
-1.6508599968979878
-1.7056258000223044
-1.5352726955599731
-1.826953721419637
-1.879910893858531
-2.0155333108669713
-1.76784426535316
-1.7745089374695997
-1.46400140004696
-1.5709970809224436
-1.4339198086877496
-1.9539050610502295
-1.6180377445105356
-1.3360995667654758
-1.9561129045539394
-1.3360995667654758
-1.5720842521328495
-1.6052664461481072
-1.9413548686030655
-1.7786462588084548
-1.6187516179108274
-2.0155333108669713
-1.5351918835893534
-1.8254162211358458
-1.648610761843711
-2.0155333108669713
-1.7981364665690558
-1.7492698995016167
-1.8057335910829595
-1.7508406471956093
-1.7036926295985153
-1.6966314221916137
-2.0155333108669713
-1.4994467869033854
-1.663312614856049
-1.8679425061069095
-2.0101285956110915
-1.5804655967214756
-1.9581597605844276
-2.0155333108669713
-1.7598332802322063
-1.4875366774394396
-1.8063591892669897
-2.008381048875211
-2.0155333108669713
-1.7539139178892986
-2.0155333108669713
-2.0155333108669713
-1.5638364460291077
-2.0155333108669713
-2.0101285956110915
-1.5547845310884831
-1.8742863583866538
-1.7574900488851788
-2.0101285956110915
-1.729428161839202
-1.9589425639652158
-2.011957179871091
-2.011957179871091
-1.5592696668145005
-2.0155333108669713
-2.0155333108669713
-1.4994467869033854
-1.5306140332233586
-1.4876850140150863
-1.9275806581977482
-1.7540428635872547
-1.5201508857584733
-1.9014251221029155
-1.5421499527480358
-1.5554500937493252
-2.0155333108669713
-2.0155333108669713
-1.542897154598489
-1.8596189566677284
-1.9562036903536129
-1.7664476667582076
-1.7588900722832252
-2.0155333108669713
-1.785785422336057
-1.699422028295452
-1.4994467869033854
-1.9226432131241005
-2.008381048875211
-2.0155333108669713
-1.891112415340149
-2.011957179871091
-2.0155333108669713
-1.896874069840254
-2.015533310866972
-1.4989386727258087
-2.0155333108669713
-1.9345533225880471
-1.9581597605844276
-1.5541687688621533
-1.7001164986026347
-1.8974782920296347
-2.0155333108669713
-2.060765001498831
-1.8937394961318343
-2.060765001498831
-1.7990364982842766
-1.8926380134338787
-1.7448094917893573
-1.9038784533763895
-1.78357754672678
-2.060765001498831
-2.060765001498831
-2.060765001498831
-1.8756817237140546
-1.5063900919547302
-2.157756136521129
-1.572659646179063
-1.6551814772177407
-2.0193094388541732
-1.7473082255490135
-1.7426068720387287
-1.9864611315300733
-1.9692200316109263
-1.8937705271983343
-1.7868015877770418
-1.8904297582320355
-1.7418302402516481
-1.755579259483389
-2.186984870897817
-1.8798824676677968
-1.934614848095967
-2.0339238060425173
-2.157756136521129
-1.8937705271983343
-1.4930156907989889
-2.0193094388541732
-2.0073593019280933
-1.6541142306388261
-2.1440035184318496
-1.947626769934923
-1.9907752879887197
-1.6082285256585558
-1.9864705787970447
-2.186984870897817
-1.880862741187217
-2.1285274021444414
-1.6127221002432326
-1.995566342238043
-2.0945895142659454
-2.186984870897817
-1.53512837224369
-1.5581464922599593
-1.877611476059803
-1.9393221580275437
-2.0339238060425173
-2.0339238060425173
-1.5081241723875887
-1.4392885987071695
-1.922999261575022
-2.186984870897817
-1.7455109836119438
-1.880862741187217
-1.598488739041375
-1.8730972638433223
-1.5004111339347581
-1.6590136522522276
-2.157756136521129
-2.186984870897817
-1.5911146171134525
-1.880862741187217
-1.8097225882164012
-2.0945895142659454
-1.9499829424489228
-1.5658190090877846
-1.50970707605945
-1.609128892391094
-1.880862741187217
-2.0021941576340736
-1.5818229549086293
-2.0339238060425173
-2.0339238060425173
-2.1440035184318496
-1.5693431876038688
-1.7256876178170657
-1.5513804572847651
-1.6110326527156862
-1.729036725804467
-2.0021941576340736
-2.03229817347881
-2.1285274021444414
-1.9725023349357027
-2.098498502880743
-1.922999261575022
-2.0759653036474357
-2.0193094388541732
-2.157756136521129
-2.186984870897817
-1.5464824568530262
-2.0156834475489074
-1.92842668302246
-2.0737081975391956
-2.1285274021444414
