-5.678257937787971
-5.310437699859135
-4.576906062303558
-4.375168204411071
-4.014988346694355
-4.208314697525046
-4.214563419166333
-4.261869256964319
-4.152491310852692
-4.617624640587918
-4.218148373679483
-3.993415586504118
-4.223631319530004
-4.341689019982907
-4.312084234697248
-4.407938316339298
-4.260570570606032
-4.135696208769145
-4.3626004453588365
-3.9452749209703883
-4.171769715128018
-3.2132656014074135
-3.8638564450926998
-4.233889846206944
-3.8144828723438775
-4.563901410832295
-4.209618543569904
-4.104911627237618
-4.182284308948154
-4.2413167220158545
-2.869561937002886
-4.258764892570259
-4.20878825693671
-4.239605278081944
-4.162024261480669
-4.142322532087023
-4.157255652831193
-4.298785817720588
-3.7716907146097594
-5.6367913592860805
-5.301325558317347
-4.2149170868485015
-4.20974340995719
-4.235435980104027
-3.721679232345615
-3.6945268590956326
-4.549966045235029
-4.204404097592104
-4.215394666036449
-4.272664035330529
-5.703899559211447
-4.253820486237693
-4.09379922262732
-3.4066777548481277
-4.343371623501606
-4.236341449315563
-3.868450962835187
-4.216441388396695
-4.257243168220699
-3.989764347125933
-4.28987912006608
-4.354628624565103
-4.214478303986103
-4.557398301664145
-5.217662685882534
-4.14343647351346
-5.087964576925815
-4.223049429091461
-3.2212859586427482
-4.370374189996913
-4.276611813813979
-4.2374508099612065
-4.574213527601399
-5.040770383307933
-4.2189004118270885
-4.249435957537596
-4.190522147351917
-4.568669393095052
-4.247461364051976
-4.302174742531855
-3.2688452216324677
-4.473022908760803
-4.250718816908944
-3.241088607889121
-4.309977111074562
-4.351402468129259
-4.308487796531972
-4.04027443260039
-4.252166940007457
-4.259933266690412
-4.062705699904917
-3.231683895668308
-5.377429951582766
-4.208905054373358
-4.252027587881922
-3.2119183395209205
-3.9323331998605884
-4.212883862316741
-4.519552955993978
-4.209512339554702
-4.125177453453108
-4.290178277688604
-4.218148373679483
-4.357255328357951
-4.1005126480991425
-4.292909825830285
-5.158878535222468
-4.318213374126156
-4.92213738227485
-5.217443124117269
-4.1319481930263295
-3.9080869384859724
-3.988780903522049
-4.184060245585755
-5.650109170834291
-3.966679336287468
-4.221706351294239
-4.285025354328639
-4.040726947581026
-3.927884210567988
-4.266672595930315
-4.208068334558
-4.361853343088806
-5.04989692304518
-4.24647763566227
-4.220807754644801
-4.294025490521217
-4.136293172742459
-6.0991399562744295
-3.89388709184915
-3.6466130865290656
-4.253877979724574
-4.120245430999024
-4.2369539165779155
-4.132643243415024
-5.559462893150592
-4.085734918870644
-4.242584482766796
-4.200271588120162
-4.11746520627962
-4.563702783400013
-4.273482799443552
-4.2618625779015575
-4.071055472178039
-5.068061843722241
-4.155724600631717
-4.4783462708227235
-4.341059294189974
-3.9732343485240027
-4.225621981920376
-4.281022572571251
-4.36758576347523
-4.199087763309502
-5.185712938877765
-4.327697868401685
-4.242544699176267
-4.322790344517488
-4.259296787746753
-3.332074881181078
-4.162401813307635
-4.549605608047912
-4.311015090458297
-5.2114020280998075
-4.294788569162065
-4.210350566159211
-4.038137007262762
-4.13466628097738
-4.245419713415744
-4.205938427901151
-4.214607909010192
-3.8502222600225697
-3.874932163965208
-4.238245262352708
-4.621176640122089
-4.268139972070253
-4.204670094641251
-4.280376471855874
-4.390855614604284
-4.205639053844204
-4.157952345626416
-4.632910634312287
-4.260547340170469
-4.772454379827746
-3.74793893514035
-4.2771645645362
-3.82877010189642
-5.325403646065918
-4.268139972070253
-4.285776744675766
-5.503422199752214
-4.800274826970408
-4.24750780490427
-3.291758599110621
-3.9134001193452335
-4.653067619039111
-4.271201282623183
-3.915263885984735
-4.141880557613531
-4.451889933936399
-4.135994751825624
-4.2277112477550585
-4.123900112339229
-4.299339511882907
-3.886156508669628
-4.3731842903074245
-5.63266817245051
-4.2117402220116675
-4.025422757317663
-4.211685855674504
-3.8748058666915135
-4.498472814920862
-3.817448027289622
-4.371749266209266
-4.19677932291249
-4.21802789532716
-3.9984976651786384
-4.242947429075796
-4.416526802326885
-4.074791729438774
-4.256675855609366
-4.00594511998457
-3.7936147284880892
-4.309093558915972
-4.666870415880713
-4.142184108178449
-4.218452332164251
-4.217049469770637
-4.512090746520629
-5.218670693305052
-4.185373128362712
-3.352718993815812
-4.190604060408466
-3.974319514771366
-5.216015823949344
-4.17014867667621
-4.395647692052709
-4.449834594865143
-4.279136496703562
-4.37248024997095
-4.222651321999209
-4.495446348442651
-4.290255227200373
-5.650228146092497
-4.186196471575093
-4.462572902401019
-3.249915682074617
-4.744626361789258
-4.3327990636756635
-3.2389186858469308
-4.218148373679483
-4.255921942497933
-3.9868983064209527
-3.0006533132583453
-3.240028326804447
-4.375172952424422
-6.0991399562744295
-4.370409487430711
-5.425281994123877
-5.429392472778832
-3.9221158599167563
-3.58205949417479
-4.689564133505612
-4.141460183795784
-6.102661414231281
-4.081733459156238
-6.0417686933829895
-4.096663521587255
-4.301843217872493
-5.436750535987834
-6.0417686933829895
-6.482506060716164
-3.446370621487553
-5.9905212616634245
-6.422663200396444
-5.250242964791986
-4.223837569567035
-4.117215650134268
-4.268443792492127
-6.482506060716164
-4.16109489542818
-4.780251180860955
-4.566938230443013
-6.108168721857247
-3.88551959486299
-5.436750535987834
-5.273357509830753
-6.817644467463918
-6.03683570667961
-6.02697662674155
-4.222541712234425
-6.229988284301572
-3.1531562043999526
-5.219298304887052
-6.460825014575759
-6.853391547761018
-3.8299156031309245
-3.2188536232416975
-6.501527028838455
-5.2560269458953
-3.267585682103929
-7.186442224199887
-4.139523692884051
-3.970641211016651
-4.223380894100392
-7.137352316513578
-4.231166733328376
-6.562486752230529
-3.8490717451186125
-4.143253155265808
-3.43492520864706
-6.921381849020104
-4.775052196374151
-5.799114347060541
-7.315899155823889
-4.097328485887825
-3.640399297565205
-5.274045827287392
-6.858456297047689
-4.216124528261749
-4.297232312207046
-4.245538286676174
-4.057029385008482
-3.273656153841927
-6.0809612362341685
-3.4399831727336467
-6.92831713274088
-7.051786027012774
-5.896369604732699
-3.2353575367833867
-7.088734891895452
-4.909704328976182
-4.781350290686621
-4.331795684462487
-6.939152218532332
-6.911728774103632
-6.197955543823618
-7.291348791426243
-5.333679871138198
-6.964903273388487
-7.213512928315625
-5.22367407005195
-6.939152218532332
-7.170336808692678
-5.183394349012156
-5.946389829262229
-6.365939478209318
-6.96962530098604
-7.291348791426243
-6.401013438271486
-6.986080997698046
-5.486022037931885
-7.291348791426243
-6.851216290405499
-6.937800774957192
-7.301195435701189
-7.354079500180306
-4.351490114841556
-3.217141946336798
-3.2980893059967404
-5.514048715451294
-6.979115845029792
-7.354079500180306
-6.785017560235481
-5.3476603068065405
-6.107576966317799
-6.758407388340189
-6.282489809528771
-3.8273807257087364
-7.068973576270946
-6.721838195813536
-6.4563376195714
-7.354079500180306
-7.281502147151298
-6.672983351657108
-6.758407388340189
-5.720445816722161
-6.9658829305916825
-7.0562434442602475
-4.24987870250135
-7.354079500180306
-4.492312039899511
-7.068973576270946
-6.895827256014521
-7.0206312535583315
-5.359018185980556
-7.062506933246469
-6.974317500348528
-6.537262658451234
-5.1369918224857996
-7.301195435701189
-7.150075621693906
-7.1826198771489445
-6.4563376195714
-7.0206312535583315
-6.995927641972992
-6.8123917217188055
-7.241520635482784
-4.777579485597966
-7.068973576270946
-5.431237251253137
-4.333008880589606
-7.150075621693906
-6.604152189879279
-7.354079500180306
-7.156227227759864
-7.153515614434857
-6.979115845029792
-7.123121969798331
-7.1485615388370904
-7.138714894562145
-7.301195435701189
-7.138714894562145
-5.144605282640661
-2.764558991266233
-4.188899115573846
-6.2564610314518045
-6.519138769821457
-6.979115845029792
-6.537262658451234
-5.461871275969986
-4.324981015255965
-6.723316735781204
-7.079997555979737
-6.748705828954005
-6.300794424355854
-6.148100902356546
-7.0562434442602475
-7.0562434442602475
-7.291348791426243
-7.133344281748287
-7.301195435701189
-5.206209103863146
-4.213204342158791
-5.171954474046224
-6.4209304336596995
-7.052660288971524
-6.282527656448472
-6.129560682515047
-6.943229839727204
-6.765301989342744
-6.972750515387012
-4.561624753851207
-7.354079500180306
-6.195314814657468
-7.1834015718697755
-6.995927641972992
-6.991894283337608
-7.281502147151298
-6.376977107117392
-6.832820900776914
-7.159981215385994
-7.192090876589693
-7.247026922190796
-7.291348791426243
-7.68048707835283
-7.493469414198838
-7.071562986222889
-7.045585764777067
-7.164122095029294
-6.625266323948667
-6.4764504552520386
-7.279080530755834
-6.4880677479263404
-5.695127077301662
-6.553506991024264
-6.291011598210718
-6.775235018342902
-6.79516616225402
-5.277950412093462
-4.220700503095634
-6.557307651019698
-7.115074107158309
-7.0401743585551895
-6.89812853600244
-3.9856359086696287
-7.354079500180306
-6.387887476985679
-6.850876987725281
-6.518399436215926
-7.354079500180306
-6.202215322044071
-7.354079500180306
-6.954069765016905
-6.478606168120323
-6.3809717650160245
-6.486294991293661
-7.354079500180306
-7.123121969798331
-6.974317500348528
-7.460067979814659
-7.641904694827062
-7.003221321957738
-7.0401743585551895
-6.9822607085277255
-6.701557281577004
-6.723335059470828
-6.967200688312597
-7.460067979814659
-5.848567161386725
-7.1638719762470835
