-0.76819843175956
-0.6609512943189892
-0.6621330180658743
-0.6621330180658743
-0.6621330180658743
-0.6621330180658743
-0.5537041568784186
-0.7157565867861596
-0.7157565867861596
-0.6085094493455889
-0.6621330180658743
-0.608509449345589
-0.7157565867861597
-0.6621330180658743
-0.6085094493455889
-0.7157565867861597
-0.7157565867861596
-0.6621330180658743
-0.608509449345589
-0.76819843175956
-0.6621330180658743
-0.7157565867861597
-0.6621330180658743
-0.6633147418127594
-0.6621330180658743
-0.9241698005065113
-0.6621330180658743
-0.6633147418127594
-0.6633147418127594
-0.9253515242533964
-0.6085094493455889
-0.608509449345589
-0.76819843175956
-0.608509449345589
-0.6633147418127594
-0.6633147418127593
-0.9253515242533964
-0.6633147418127594
-0.608509449345589
-0.9253515242533964
-0.7157565867861597
-0.6621330180658743
-0.39891451187835225
-0.7157565867861597
-0.39891451187835225
-0.7157565867861597
-0.39891451187835225
-0.6621330180658743
-0.7157565867861597
-0.9241698005065113
-0.6085094493455889
-0.6621330180658743
-0.6621330180658743
-0.5537041568784186
-0.6621330180658743
-0.39891451187835225
-0.6621330180658743
-0.6621330180658743
-0.39891451187835225
-0.6085094493455889
-0.6633147418127594
-0.6621330180658743
-0.6621330180658743
-0.6621330180658743
-0.7157565867861597
-0.6633147418127593
-0.6621330180658743
-0.6621330180658743
-0.39891451187835225
-0.7157565867861597
-0.6621330180658743
-0.6633147418127594
-0.6633147418127594
-0.6633147418127594
-0.9241698005065113
-0.7157565867861597
-0.6621330180658743
-0.9241698005065113
-0.9253515242533964
-0.6621330180658743
-0.3977327881314672
-0.6621330180658743
-0.39891451187835225
-0.7157565867861597
-0.7157565867861597
-0.6085094493455889
-0.6621330180658743
-0.6633147418127594
-0.39891451187835225
-0.6621330180658743
-0.9253515242533964
-0.7157565867861596
-0.39891451187835225
-0.39891451187835225
-0.7157565867861597
-0.6085094493455889
-0.39891451187835225
-0.7157565867861597
-0.608509449345589
-0.6633147418127594
-0.6621330180658743
-0.9253515242533964
-0.6621330180658743
-0.608509449345589
-0.6621330180658743
-0.6621330180658743
-0.5537041568784186
-0.7157565867861597
-0.6085094493455889
-0.5537041568784186
-0.39891451187835225
-0.39891451187835225
-0.6085094493455889
-0.6621330180658743
-0.6085094493455889
-0.9253515242533964
-0.6621330180658743
-0.7157565867861596
-0.6621330180658743
-0.9253515242533964
-0.6621330180658743
-0.39891451187835225
-0.39891451187835225
-0.9253515242533964
-0.9253515242533964
-0.6621330180658743
-0.7157565867861597
-0.6621330180658743
-0.6621330180658743
-0.9265332480002815
-0.6621330180658743
-0.6609512943189892
-0.7157565867861597
-0.9253515242533964
-0.6085094493455889
-0.39891451187835225
-0.5537041568784186
-0.6621330180658743
-0.6621330180658743
-0.6633147418127594
-0.6621330180658743
-0.6621330180658743
-0.608509449345589
-0.6621330180658743
-0.6609512943189892
-0.6621330180658743
-0.7157565867861596
-0.9265332480002815
-0.9253515242533964
-0.6621330180658743
-0.9241698005065113
-0.6085094493455889
-0.6633147418127593
-0.6621330180658743
-0.6621330180658743
-0.6621330180658743
-0.6621330180658743
-0.6621330180658743
-0.9265332480002815
-0.7157565867861597
-0.7157565867861596
-0.7157565867861596
-0.39891451187835225
-0.7157565867861597
-0.6621330180658743
-0.7157565867861596
-0.6621330180658743
-0.6621330180658743
-0.6621330180658743
-0.6621330180658743
-0.6621330180658743
-0.9253515242533964
-0.6621330180658743
-0.6633147418127594
-0.39891451187835225
-0.3977327881314672
-0.6621330180658743
-0.6621330180658743
-0.9241698005065113
-0.6621330180658743
-0.608509449345589
-0.9253515242533964
-0.608509449345589
-0.9241698005065113
-0.6621330180658743
-0.40009623562523733
-0.9265332480002815
-0.9253515242533964
-0.608509449345589
-0.6621330180658743
-0.39891451187835225
-0.7157565867861597
-0.6633147418127594
-0.39891451187835225
-0.7157565867861596
-0.6621330180658743
-0.6085094493455889
-0.5537041568784186
-0.7157565867861596
-0.7157565867861596
-0.7157565867861596
-0.6085094493455889
-0.39891451187835225
-0.608509449345589
-0.6621330180658743
-0.76819843175956
-0.608509449345589
-0.9253515242533964
-0.39891451187835225
-0.7157565867861596
-0.7157565867861596
-0.39891451187835225
-0.39891451187835225
-0.7157565867861596
-0.6085094493455889
-0.39891451187835225
-0.6621330180658743
-0.6621330180658743
-0.6633147418127594
-0.6609512943189892
-0.7157565867861597
-0.7157565867861597
-0.608509449345589
-0.6633147418127594
-0.608509449345589
-0.6621330180658743
-0.6621330180658743
-0.5537041568784186
-0.40009623562523733
-0.7157565867861596
-0.7157565867861597
-0.6609512943189892
-0.39891451187835225
-0.6621330180658743
-0.9253515242533964
-0.39891451187835225
-0.7157565867861597
-0.9241698005065113
-0.6621330180658743
-0.6621330180658743
-0.6621330180658743
-0.9253515242533964
-0.5537041568784186
-0.6621330180658743
-0.6621330180658743
-0.6621330180658743
-0.7157565867861597
-0.6621330180658743
-0.39891451187835225
-0.39891451187835225
-0.608509449345589
-0.9265332480002815
-0.9253515242533964
-0.6633147418127594
-0.7157565867861596
-0.9241698005065113
-0.6085094493455889
-0.6633147418127593
-0.9241698005065113
-0.6621330180658743
-0.3977327881314672
-0.6621330180658743
-0.6621330180658743
-0.6609512943189892
-0.6621330180658743
-0.6621330180658743
-0.6609512943189892
-0.6621330180658743
-0.6621330180658743
-0.7157565867861596
-0.6621330180658743
-0.6621330180658743
-0.6621330180658743
-0.40009623562523733
-0.608509449345589
-0.7157565867861597
-0.9265332480002815
-0.6621330180658743
-0.7157565867861597
-0.6621330180658743
-0.7157565867861596
-0.9241698005065113
-0.608509449345589
-0.6621330180658743
-0.608509449345589
-0.9253515242533964
-0.6621330180658743
-0.6621330180658743
-0.6621330180658743
-0.6621330180658743
-0.39891451187835225
-0.6633147418127594
-0.6621330180658743
-0.6609512943189892
-0.39891451187835225
-0.6609512943189892
-0.6621330180658743
-0.6609512943189892
-0.40009623562523733
-0.39891451187835225
-0.6609512943189892
-0.6621330180658743
-0.6621330180658743
-0.6621330180658743
-0.7157565867861596
-0.6621330180658743
-0.608509449345589
-0.6609512943189892
-0.608509449345589
-0.6609512943189892
-0.6085094493455889
-0.6621330180658743
-0.608509449345589
-0.6633147418127593
-0.39891451187835225
-0.6621330180658743
-0.6621330180658743
-0.6621330180658743
-0.6621330180658743
-0.6085094493455889
-0.6621330180658743
-0.6621330180658743
-0.40009623562523733
-0.6621330180658743
-0.7157565867861596
-0.6085094493455889
-0.6621330180658743
-0.6633147418127594
-0.9265332480002815
-0.39891451187835225
-0.6621330180658743
-0.6621330180658743
-0.6621330180658743
-0.76819843175956
-0.6085094493455889
-0.608509449345589
-0.6621330180658743
-0.9253515242533964
-0.6621330180658743
-0.9241698005065113
-0.6621330180658743
-0.9253515242533964
-0.6621330180658743
-0.6621330180658743
-0.7157565867861596
-0.6621330180658743
-0.7157565867861596
-0.6609512943189892
-0.6621330180658743
-0.6621330180658743
-0.6621330180658743
-0.6621330180658743
-0.9265332480002815
-0.6621330180658743
-0.3977327881314672
-0.7157565867861597
-0.9253515242533964
-0.9253515242533964
-0.6621330180658743
-0.6621330180658743
-0.608509449345589
-0.6621330180658743
-0.6621330180658743
-0.6621330180658743
-0.9253515242533964
-0.40009623562523733
-0.608509449345589
-0.6085094493455889
-0.9241698005065113
-0.6621330180658743
-0.6621330180658743
-0.6621330180658743
-0.6609512943189892
-0.608509449345589
-0.7157565867861596
-0.40009623562523733
-0.9241698005065113
-0.9253515242533964
-0.9253515242533964
-0.6633147418127594
-0.6621330180658743
-0.6085094493455889
-0.6609512943189892
-0.6621330180658743
-0.9265332480002815
-0.9253515242533964
-0.6621330180658743
-0.6633147418127593
-0.9241698005065113
-0.6633147418127594
-0.6621330180658743
-0.6621330180658743
-0.9265332480002815
-0.608509449345589
-0.9265332480002815
-0.40009623562523733
-0.6621330180658743
-0.9253515242533964
-0.9253515242533964
-0.6621330180658743
-0.9241698005065113
-0.6633147418127593
-0.6621330180658743
-0.9253515242533964
-0.6621330180658743
-0.6621330180658743
-0.9241698005065113
-0.9253515242533964
-0.7157565867861597
-0.9241698005065113
-0.9265332480002815
-0.6621330180658743
-0.9253515242533964
-0.39891451187835225
-0.9253515242533964
-0.9253515242533964
-0.9253515242533964
-0.9253515242533964
-0.9253515242533964
-0.7157565867861597
-0.6621330180658743
-0.608509449345589
-0.9241698005065113
-0.9253515242533964
-0.39891451187835225
-0.9253515242533964
-0.6085094493455889
-0.6621330180658743
-0.6633147418127594
-0.7157565867861597
-0.6621330180658743
-0.608509449345589
-0.9253515242533964
-0.9241698005065113
-0.7157565867861597
-0.6621330180658743
-0.9253515242533964
-0.6621330180658743
-0.9253515242533964
-0.9253515242533964
-0.9253515242533964
-0.9241698005065113
-0.39891451187835225
-0.6609512943189892
-0.6621330180658743
-0.6621330180658743
-0.7157565867861596
-0.9265332480002815
-0.9253515242533964
-0.6621330180658743
-0.9241698005065113
-0.3977327881314672
-0.6621330180658743
-0.6621330180658743
-0.9265332480002815
-0.9253515242533964
-0.6621330180658743
-0.9241698005065113
-0.6621330180658743
-0.9265332480002815
-0.9241698005065113
-0.7157565867861596
-0.6621330180658743
-0.9253515242533964
-0.9253515242533964
-0.9253515242533964
-0.7157565867861596
-0.6633147418127593
-0.6621330180658743
-0.9253515242533964
-0.7157565867861596
-0.9253515242533964
-0.39891451187835225
-0.9253515242533964
-0.9253515242533964
-0.9253515242533964
-0.7157565867861596
-0.9253515242533964
-0.9253515242533964
-0.9253515242533964
-0.9253515242533964
-0.6621330180658743
-0.6621330180658743
-0.6633147418127594
-0.6085094493455889
-0.9253515242533964
-0.9253515242533964
-0.9253515242533964
-0.9253515242533964
-0.6609512943189892
-0.7157565867861596
-0.9253515242533964
-0.9253515242533964
-0.7157565867861596
-0.9241698005065113
-0.6621330180658743
-0.7157565867861597
-0.6621330180658743
-0.9253515242533964
-0.9253515242533964
