-5.675041757138805
-4.3149294453298
-4.037067636507856
-3.394667591550588
-4.184405282557113
-4.180770779842704
-4.271754474434076
-4.531363417031047
-4.315590028433798
-4.239755204693753
-4.0102846946277495
-3.607076948260036
-4.58194601895084
-4.259192758790726
-4.239748652939994
-3.084921853541105
-4.196297924988973
-4.38951742978405
-4.576317219318638
-4.467371358901222
-4.2110318092544246
-4.11771819487781
-3.9700327810094995
-4.019992036940753
-4.467679983859965
-4.148003139495179
-4.2404000842277005
-4.31618872388191
-5.257980265990748
-3.0313677773061807
-4.578341111662882
-5.454447661343666
-4.427997561701631
-4.372669637568054
-4.255549925968065
-4.289898447623527
-4.105482542758555
-4.242517269051362
-4.1346576826681005
-4.148516648778248
-5.214300768729789
-4.316218744131407
-4.5782300187945095
-3.5472908647415506
-3.7853310071274975
-3.887222605477252
-4.348374327842618
-4.387584380677022
-4.043565638649553
-4.302659029800213
-4.426136837806438
-4.199469163144357
-4.302093696910054
-3.0477100842843043
-4.577944188736023
-4.258833489553203
-4.230413309946865
-4.185399884592463
-3.9225210166622144
-4.7940104756642645
-4.17417616569001
-4.211780138875377
-4.135363999693252
-4.289927748657474
-4.128753077212275
-4.369706623520174
-4.259197314279267
-5.261434557955074
-4.4757480223915005
-3.9457100938602117
-3.2657444899250097
-4.188274593766784
-4.243546604690776
-3.2648124705196615
-4.242452334277086
-4.618159833587552
-4.260423809444068
-4.176698668932593
-4.266269815119201
-4.165977964856202
-2.9925797551191247
-4.479833839619192
-4.002648273584078
-4.058431631180438
-4.558452941444735
-4.2723257107311765
-3.9156284297798996
-4.071616685950132
-4.310326798678047
-3.3854823391674103
-4.282735465899098
-4.061298830803793
-4.247186845343874
-3.2906071426484482
-4.255549925968065
-4.2392548259782075
-4.266840896476075
-4.157576033783299
-4.578036235031523
-4.248023363393157
-4.165453609873696
-4.009707996308263
-3.2609580207664077
-4.302460033948135
-4.515546889422536
-3.9621762192735535
-4.213763594941467
-4.21332161772467
-4.240561824201661
-5.22539394816881
-5.206803648611744
-4.207958025544486
-4.194598658231713
-4.356291071918472
-4.291537607242974
-4.009642972153291
-3.313932855827565
-4.2751814015544
-4.258726592113737
-3.2742526481269456
-4.233449559172219
-4.2518864650699495
-4.332908053736434
-3.943493014902524
-4.03009321506568
-4.296786103110582
-3.2590872736592065
-4.148723378173545
-4.296463603660661
-4.676236071998838
-3.290571661238504
-3.943677792262132
-4.283212449026375
-3.278756137170534
-4.167716416669762
-3.2644364037891296
-4.204243336697659
-4.3718541936846975
-2.9828068561750802
-4.031349756100962
-4.223247712437155
-4.371805847457203
-4.534510956151079
-4.172614348512536
-4.082901912760954
-5.355164658233816
-4.260184894992244
-5.113898677638742
-3.89940659093248
-4.289581846446395
-4.25631700615361
-4.1416321190517005
-4.284960145765118
-5.600711189428362
-2.966929592923705
-3.6358101190401335
-4.334050967670973
-4.447939042079342
-4.262716656243663
-4.5088601412855995
-4.267703735007946
-4.039036841134776
-4.023142817565573
-4.253664680179688
-3.5366753854615207
-3.201412377591685
-5.8409704537796525
-4.333511691507618
-4.580216157537944
-5.2724116042400535
-3.3711354671237235
-4.572860490289096
-4.410832886603906
-4.272333946142817
-4.258278177717506
-4.305126128445142
-4.2683510877583615
-4.256058563488062
-4.26430819337004
-4.999711084223492
-4.019627184279231
-4.136551545316467
-3.9631703935975757
-3.07602119789499
-3.3518135723219227
-4.260196084418884
-4.264819864016422
-3.881918176155843
-4.234480412782686
-4.323061143906482
-4.182892869079167
-4.675914400163792
-4.503053294939734
-2.9629173955666745
-4.370974826861256
-5.334968073730534
-4.198769521253468
-3.767738100627658
-4.955207029027545
-4.1021323582255995
-5.375043270158076
-5.257932776877058
-4.328723800053598
-3.284851546047624
-3.2113353305782626
-3.124335500589246
-3.490177346619392
-3.9517179620527734
-4.339852077502768
-4.263958273887667
-4.22098982750283
-4.335854409634683
-4.459580019096517
-4.011168304458913
-4.317948401270513
-5.22181768053244
-4.587258092096057
-4.545996150852126
-3.2527608391788867
-4.278670261170111
-4.277601668364203
-4.217584793386698
-4.3188975222126915
-4.329018261851803
-4.272063640279877
-4.179143313914266
-4.510697316882651
-4.139858952129566
-4.257131955324214
-4.057318809155561
-4.462949030028525
-4.310799219467453
-4.242863001083583
-4.087038151777633
-4.825986887126293
-4.2395460713199515
-3.6182267942622235
-4.269954394317769
-4.280747037138037
-4.307722923774274
-3.8492347468270447
-4.34919166916111
-4.30109130694554
-4.352275158457881
-3.93723235618262
-4.265723112874105
-4.251703058430527
-3.2623895239937384
-3.5752184414956076
-4.27421610846019
-5.8409704537796525
-4.9958499779892795
-5.8409704537796525
-3.9592915288644286
-5.8409704537796525
-6.20773564629718
-4.268877060538927
-4.206819252041695
-4.925323463180743
-3.3277167729491617
-3.4718969237528685
-4.318127715952275
-4.593869924541686
-6.272249897215419
-4.26178997703481
-4.204211942942504
-7.105608934109448
-4.195428856365632
-7.105608934109448
-7.105608934109448
-4.260184894992244
-5.863396718433599
-4.433096912977449
-3.1663092865013547
-4.016694894548415
-3.4698533333659514
-6.34504631420884
-4.461229306885036
-7.105608934109448
-5.007391419364233
-7.0710746031124065
-7.105608934109448
-3.0255198320801218
-7.105608934109448
-5.803622037126149
-6.024133212624249
-5.1957993804960605
-3.3089299404102914
-6.18133212884856
-5.835842718012075
-2.9908487013275407
-7.105608934109448
-5.54092271604229
-6.944109148380498
-7.105608934109448
-7.105608934109448
-6.825323906118025
-7.105608934109448
-6.6813978433507515
-4.695955738781268
-3.7809188064551
-7.105608934109448
-6.825323906118025
-6.030484829539111
-4.339276959173222
-7.105608934109448
-5.259886983265486
-3.653486566487146
-3.6500689396561152
-5.0201579505562695
-7.105608934109448
-7.119066915268221
-7.119066915268221
-6.53792749574408
-3.686469066965156
-7.102919991944869
-6.219196450100968
-7.094945016565506
-6.903344826750141
-7.113583909488811
-7.105608934109448
-7.1042644630271585
-7.119066915268221
-7.119066915268221
-6.2264845091462515
-6.912664273211793
-7.2094468797168805
-7.167677196927339
-7.046794043925131
-5.114791560359093
-5.725551404545953
-3.800757693659429
-6.137255634525449
-7.003226384876461
-7.2094468797168805
-7.2094468797168805
-7.2094468797168805
-6.432618115658979
-7.2094468797168805
-6.637518901029807
-6.901458733784212
-4.274537958117001
-5.924101010468064
-4.335893179543228
-7.2094468797168805
-7.2094468797168805
-6.084935934838292
-7.167677196927339
-5.944382838750594
-4.4007539112583
-7.2094468797168805
-6.8859655453120805
-7.245975178304848
-7.196888620809705
-6.4712929149901015
-7.217570269060042
-6.317704804666758
-7.2094468797168805
-6.2111086080704805
-7.260550947219125
-7.260550947219125
-7.260550947219125
-4.417579707005387
-7.231399409390571
-7.217570269060042
-7.000440653422649
-6.897968214646722
-3.569102101328831
-4.3478759786487675
-6.43332584054415
-7.245975178304848
-7.20821760401729
-4.429990086429309
-7.147802063314565
-6.3506865102406085
-6.823279716479708
-7.174589590900962
-5.714391045551363
-6.619667482038238
-7.193641835103013
-4.453008369642164
-7.196888620809705
-6.444693938250758
-7.068964966126682
-7.125907514137799
-6.1884165134711635
-7.027601669626009
-7.366175571993402
-6.781769639928049
-7.339386988825137
-6.625956461440849
-6.883262063391247
-7.128694892105266
-4.25066616876772
-7.366175571993402
-7.339386988825137
-6.619333563522135
-7.366175571993402
-6.964059668694746
-7.366175571993402
-7.131761067114383
-7.128694892105266
-7.366175571993402
-7.366175571993402
-6.361923755696964
-3.0333856900904173
-7.041803949923322
-7.366175571993402
-4.648300130714992
-4.321571943854229
-7.027601669626009
-7.390168037800041
-7.22777836877016
-7.282503476892814
-7.390168037800041
-7.15244271536472
-6.54864688646674
-7.586152691387675
-4.26036720104092
-7.049361969708941
-7.366175571993402
-5.212925030288951
-5.6334797101109695
-6.89531986277166
-7.8222046438537465
-6.2835217240021075
-7.06015796333474
-4.483788958059219
-7.586152691387675
-7.237152076039392
-6.616267388513018
-6.142988960966046
-7.069607399550361
-7.350100738921605
-7.586152691387675
-7.8222046438537465
-6.476625323246918
-7.532635988034882
-6.978605098887769
-6.3543541655889415
-6.410224660675847
-7.169046813516487
-7.476777444048047
-7.4829097940662805
-6.448405896021224
-6.606378874594499
-4.905878375993977
-6.715624696689464
-6.1578145657704
-6.275512007777014
-4.029484116937101
-7.525270533478787
-7.415640174456202
-7.8222046438537465
-5.700949979686031
-4.5109818082685695
-7.456531502001213
-4.025545196434429
-5.849857105917922
-3.9541521910629798
-7.525270533478787
-6.844165179571494
-7.337620142369873
-4.197293196065947
-7.273350527277889
-7.049361969708941
-5.318115708162613
-5.789717948767787
-7.350100738921606
-7.415640174456204
-7.8222046438537465
-7.529678359946568
-7.733075338560951
-7.733075338560951
-5.996510716482934
-6.704726790740488
-6.422094273312428
-7.8222046438537465
-7.331758747305779
-5.3473531381678505
-7.8222046438537465
-7.274845046358605
-7.8222046438537465
-7.237152076039392
-6.716198989167065
-6.448405896021222
-7.352100262192874
-7.733075338560951
-7.237152076039392
-7.529678359946568
-6.915181716744306
-7.643946033268156
-7.733075338560951
-3.497269534497503
-7.733075338560952
-7.643946033268158
-7.415640174456202
-6.711305787242077
-7.733075338560952
-7.41854426237737
