-1.5977636745201438
-1.4945038641223003
-1.6156954603582903
-1.5777734373487355
-1.605689770923148
-1.5522429276724647
-1.545892118680975
-1.739558875464804
-1.5639776309857303
-1.4740260014998552
-1.5476704654704094
-1.8044368824816992
-1.6220190894272046
-1.6454620035246799
-1.6491269372679636
-1.6051939982135073
-1.6060771885979657
-1.5766851729503388
-1.6055302824975173
-1.5466775481900128
-1.6057745090897613
-1.5154294688150478
-1.641527306475031
-1.6761738653341078
-1.396549880199883
-1.381603916805949
-1.5725358786775705
-1.41975548172621
-1.6117741155300904
-1.4648590696133539
-1.6363299575323853
-1.6213081065721533
-1.579807858641209
-1.6761498208283774
-1.5291735462491167
-1.6517468066536884
-1.5699761405958021
-1.5542158368258936
-1.5250213859158963
-1.5754022420704623
-1.5173204625457881
-1.5879745782588635
-1.6151670467822354
-1.6015881580934144
-1.620297007911609
-1.614665103788512
-1.630144791117885
-1.573034863416361
-1.614237670970212
-1.5160831510599158
-1.7677049442296582
-1.5032246601460661
-1.5284154869027726
-1.6236869780133767
-1.5847722966890396
-1.613222208189915
-1.6420279415839807
-1.6349426945284922
-1.6017224000034784
-1.4856910919249566
-1.4746664703753973
-1.6744901701193404
-1.6721919342063636
-1.4588233669914525
-1.6916569040672829
-1.558744866011804
-1.7074319157841344
-1.559262548108315
-1.6676907574216662
-1.518625528841182
-1.516799980714477
-1.602677158318266
-1.6857697798596365
-1.750750318337265
-1.608086708990605
-1.6685801409705574
-1.6144510516178503
-1.6336790425952357
-1.6371901851280581
-1.5145484232308974
-1.5702801204664696
-1.5872072339938619
-1.611229098703339
-1.5188705014957384
-1.586445604433338
-1.7766837241034614
-1.6397149567519946
-1.5858803159273775
-1.5748243029424103
-1.3927390616403525
-1.5667020600461279
-1.4855929345882366
-1.507864304835254
-1.628863255983303
-1.5801360448824484
-1.5911837367713404
-1.6099489126816806
-1.6262397993371152
-1.5928550342729269
-1.5921415389133542
-1.6070665245839075
-1.6317017879616866
-1.6982960832426923
-1.655262952838239
-1.5841666889890722
-1.6171991435460207
-1.606979368136769
-1.703673383113982
-1.4830949390418047
-1.5760444810675827
-1.7057488675927335
-1.5881612305312705
-1.6260694950435277
-1.5709600338795728
-1.5045605399582591
-1.76758823524366
-1.547642006664046
-1.6520910504603226
-1.656371932210992
-1.5673378421035986
-1.5962846089902705
-1.5175980896664916
-1.6989879919100832
-1.639482622545862
-1.6176968762565234
-1.607621102444162
-1.6960267883021798
-1.6704127189482967
-1.6488588599326786
-1.629098725233343
-1.691576740461286
-1.6931965673381826
-1.5927447788050544
-1.5667423620632506
-1.6774021533595094
-1.4381141782831421
-1.6183310365432275
-1.662712199228325
-1.423059976390173
-1.5926804260408796
-1.6204622210273247
-1.6074873933266365
-1.6292446937506466
-1.6564698776390658
-1.6307458588205872
-1.5736151534515948
-1.6606472433866744
-1.5660026079317704
-1.5919051903134251
-1.6304390820305632
-1.6688712964899297
-1.560398176790029
-1.4625962120687142
-1.6115802358857025
-1.6493017836342196
-1.5505181335795646
-1.5622869067062375
-1.5626761544773866
-1.6208883121010285
-1.5484928177413595
-1.5542088624060932
-1.4207887402231476
-1.526830165313974
-1.5282590269646605
-1.538984827503855
-1.6535406299920137
-1.7390517696084773
-1.6002727178492018
-1.6183263422106866
-1.587079961966674
-1.7910707198296243
-1.5382049588743936
-1.566566225049029
-1.7800332303403619
-1.610274249479644
-1.7512736670257052
-1.5379066652285363
-1.7027084312133756
-1.5968245103523837
-1.593750135479068
-1.5648880530510532
-1.5546724446371303
-1.5138425156043458
-1.5467306263751235
-1.5571304233188132
-1.5588284247100521
-1.4809206188518935
-1.5554383082678598
-1.6617145214184674
-1.7022491241077198
-1.6111017990021406
-1.58038688299935
-1.6004972440313825
-1.6881660359972668
-1.5938435894492433
-1.6569072153253965
-1.567483706802252
-1.6183343682729334
-1.7491422715811957
-1.5870669311354058
-1.520511746221891
-1.5195192045939607
-1.566444416493106
-1.5977730423226566
-1.6050784293528606
-1.4559149509478124
-1.6146775981050898
-1.5754817789735394
-1.5144603393838447
-1.6432140179293024
-1.5991208113631092
-1.5480038184883402
-1.5872331558198352
-1.5654513873808202
-1.671431546477197
-1.6618341272106791
-1.5832629756555696
-1.6047071931249
-1.5250955070874324
-1.549669864467945
-1.6703566421633798
-1.4323866505233296
-1.6355188525014377
-1.56199574143834
-1.57434578779257
-1.7348472247855389
-1.6711977490378804
-1.6805072853463705
-1.5146880209234204
-1.6170717690200869
-1.5289720126150645
-1.5501648494350482
-1.5991540385316125
-1.6338106860987085
-1.5958746072484922
-1.5832953014202542
-1.6507807496656297
-1.57243859619545
-1.534245867126729
-1.6068899535928107
-1.5351863501142051
-1.5741241977096183
-1.4924933169170798
-1.6095669049793906
-1.6381445742760854
-1.5770980359445765
-1.645696006342157
-1.6227074928830127
-1.4481649230170057
-1.678284744977486
-1.4142742075455712
-1.5484300538248719
-1.6576593812383722
-1.509392662809589
-1.6311299882321428
-1.5545241738049973
-1.5446335152864616
-1.7625048481960086
-1.6771284830517987
-1.5563258984831765
-1.715024688410633
-1.5800015642320204
-1.623952238920154
-1.749048331376422
-1.668761017763638
-1.7702612006400718
-1.7997866520158827
-1.5046330107577868
-1.5837038924676552
-1.5250636291194786
-1.5564350872551764
-1.5149635358691125
-1.7849317197492967
-1.8123128206342511
-1.6405008405657875
-1.6023556916261161
-1.4840884153267093
-1.7849317197492967
-1.7818984897315393
-1.5064982127661057
-1.7403167484315443
-1.5997428270118084
-1.6327860046215683
-1.8123128206342511
-1.8650127954778257
-1.5981944816625675
-1.6163732018564136
-1.5066524341316723
-1.7601359345945222
-1.6013349405050308
-1.5045697672096061
-1.5886411909848706
-1.8216664086358667
-1.7736937911613806
-1.664188228946832
-1.5807080948684087
-1.819732915060946
-1.5387919341486693
-1.810489232285044
-1.7916470063807388
-1.8182416228025917
-1.77346153495036
-1.385104343532753
-1.6552771823722972
-1.6116590017027717
-1.7849317197492967
-1.86614989077599
-1.652208084369371
-1.7757838981947733
-1.5882194055570444
-1.7876263147785092
-1.442166861737931
-1.624178303003355
-1.8519124790535484
-1.8376750673311073
-1.5457290398627124
-1.3833410405588835
-1.6121922174016468
-1.7285575544568474
-1.6580710257281503
-1.660856930873856
-1.8376750673311073
-1.7316279982292184
-1.6479257893244692
-1.8519124790535484
-1.7925903453291792
-1.847453889634012
-1.8620000744883942
-1.5770848468703185
-1.6322478799394537
-1.572166939056037
-1.9018345060479742
-1.4987097720454603
-1.6392286857639786
-1.9018345060479742
-1.5825885294721442
-1.4255474266506463
-1.9018345060479742
-1.6458202994324775
-1.7405821354284718
-1.827456371165383
-1.8870157829868177
-1.5483111093121278
-1.70529035343479
-1.9018345060479742
-1.6872479130392501
-1.4968942403583592
-1.4735113059509368
-1.772701787690066
-1.5893542177644289
-1.950150622490879
-1.6769417880477855
-1.7110682820025587
-1.5543383315546833
-1.7647225779521691
-1.6586880105483406
-1.6278115693565387
-1.8909683795923762
-1.6613152218648946
-1.5668249493217083
-1.8909683795923766
-1.7133203612811432
-1.662749585801528
-1.950150622490879
-1.6293922462374328
-1.9806823118771322
-1.6048444759210971
-1.587288150701169
-1.5647165018212474
-1.67882268509703
-1.7349330807169951
-1.689811704985765
-1.6140748059962524
-1.722428672303435
-1.8829225281519721
-1.9501506224908793
-1.7915071468041845
-1.88102443198839
-2.034654397206502
-1.9762560433129108
-1.6169646439092271
-1.6319559857930477
-1.3686580440219678
-0.40955483316716546
-2.034654397206503
-2.034654397206502
-2.047068507019623
-1.3098164249606055
-1.4593130900872402
-2.081383626326602
-1.623690739186494
-1.7198835835190787
-1.5942367007638225
-0.9925912312847358
-1.677021188723022
-1.5656638268204257
-2.1324457322287156
-2.1209782728736704
-2.081383626326602
-2.170752890941795
-2.170752890941795
-1.604718856483272
-2.1273819717593883
-2.1273819717593883
-2.170752890941795
-1.2683235783141034
-2.170752890941795
-2.0103619576043283
-1.5594807537616506
-2.170752890941795
-1.6108600272077798
-1.690208137534134
-2.081492830799862
-1.7500807354620314
-2.170752890941795
-1.5446711089965404
-1.7000452973262181
-1.6369868936561613
-1.5751157994756357
-1.646651978639949
-2.2056319677947425
-1.5242964416194016
-1.7349243741791671
-1.721391539717505
-1.5627265642316637
-2.2056319677947425
-1.125268460091481
-1.0854214081884361
-1.750145495034785
-2.2056319677947425
-1.62246368561529
-1.7739102487826277
-2.2056319677947425
-1.5630825932776977
-2.2056319677947425
-2.2056319677947425
-2.2056319677947425
-2.1358738140888476
-1.9844663078526015
-1.941848464412021
-2.2056319677947425
-2.1358738140888476
-2.170752890941795
-1.516227099155873
-2.153732415907813
-2.2056319677947425
-2.170752890941795
-1.62757448625374
-0.6236518662275747
-2.18586908453318
-2.1480132521028974
-2.036565153285217
-2.1661062012716163
-1.5531466431775045
-2.18586908453318
-2.2056319677947425
-2.18586908453318
-2.2394980529583366
-1.5741269065787282
-1.5017448002514175
-1.9143416978296388
-2.1591838939831023
-2.2056319677947425
-1.6318536573009448
-1.5560182219502199
-1.7002061912038506
-2.0788697350078684
-2.0927585734051686
-1.6128655214105292
-2.052624920382245
-1.5531466431775045
-2.1222660390307184
-2.1591838939831023
-2.2155679178949352
-2.1740719892744726
-2.210599942844839
-2.1591838939831023
-1.4717320390805728
-2.2394980529583366
-2.2444660280084334
-2.095162096760471
-2.1582428715970714
-2.2444660280084334
-2.170752890941795
-2.0883186421106457
-1.9162169923356065
-2.019593576939348
-2.2444660280084334
-2.1773736485291475
-2.2444660280084334
-2.081672141124514
-1.7405042419109926
-2.204772728552948
-2.2444660280084334
-1.9690084049514232
-2.2444660280084334
-1.6103889452605649
-1.578914923507241
-2.2155679178949352
-2.1591838939831023
