-5.673198033096833
-4.293719436128974
-3.778048516435706
-3.9445170112508903
-4.208222350649782
-4.105743871461833
-4.366126694792573
-4.236426258007323
-4.277943785986315
-4.226947420124333
-4.271284705321057
-4.182396262909156
-4.223440778500924
-4.26919698028256
-3.2440153028706646
-3.520136085047805
-4.2914125118724105
-4.306121157338566
-4.99011314806312
-4.245930159045303
-3.275144622020502
-4.290185000385757
-4.385719373299624
-4.664421705657025
-4.201664560226345
-4.076212076673226
-4.3123059787526135
-4.309383419161672
-4.043084492968516
-5.134445487487854
-4.131258082333802
-4.206169287608187
-3.9946294715848785
-4.394646790202215
-4.527447896647262
-4.376146389730591
-4.0381062959673155
-4.246786666185562
-4.2811426147277825
-4.296286162893107
-4.285872488117159
-4.251039985819592
-3.984996193035282
-4.658314603619955
-4.2897124092230285
-4.005379418897349
-4.748487833130851
-4.300480717297001
-3.549098607983142
-4.155716429408627
-4.332758999776232
-4.053378222172688
-4.919594591891848
-3.3380315164921064
-4.339414906458257
-4.452343564022661
-4.604701876286766
-4.16219679999625
-4.354209655139585
-4.354146854265368
-3.3009472561280147
-4.205782474309286
-4.660991148975421
-4.282556963468448
-4.288183628130872
-3.844560296305999
-4.4086363923460405
-4.483959198191247
-4.344667405463815
-4.385015253735936
-3.906499382105469
-4.326099290779052
-3.9984361900312573
-4.277788216701148
-5.2624228972513105
-4.289128555764863
-4.365804933651369
-4.30332021704398
-6.137407712117904
-4.404982787767508
-4.315772138783174
-4.294572265906282
-3.4469423162090274
-4.3531104885506595
-4.309031004274569
-3.5250928665442287
-4.236898993705343
-5.572757166075811
-4.014863202265989
-4.890695322358868
-3.5729355676257635
-3.2299629918252415
-4.018763534494119
-4.008885860110545
-4.6167377914045264
-4.293465574914006
-4.293465574914006
-4.289470614795992
-3.3775239013443903
-4.31057357015182
-4.350060788493756
-4.311098783420399
-4.016702308305894
-4.662079900809294
-4.158803277845662
-4.156042772472481
-5.397345022009275
-5.522481357893194
-4.4402725609301275
-4.276289710062241
-4.300839750616345
-4.676164036414167
-4.543572674140448
-4.3785067718655855
-4.312393906871284
-4.139484201605233
-4.499828518314811
-4.504993178665936
-4.074895622901728
-4.202187404911835
-4.261180127553485
-3.2642314645189683
-4.606998217235276
-3.9822193907833556
-4.287543755652828
-4.317174707917867
-3.9847375285749256
-4.3013380032493975
-4.2912731455530855
-4.293307815118488
-4.212293342938869
-4.251945790514606
-4.249656221910396
-4.130901765117452
-4.209192092211567
-4.355575105338321
-4.272416366187127
-4.286082854372463
-4.329486119957583
-4.162216263228529
-4.281347902490905
-5.274706046276865
-4.287774014964428
-5.279150042347356
-4.2910559024875035
-4.663122708388418
-4.5735548888776
-4.267598113921173
-4.0629256397594
-3.987055587064288
-4.102861542254606
-4.252893841161638
-4.298329794210264
-4.0615214585030035
-4.519108172518962
-4.530291803927744
-4.349344103376492
-4.548160852118525
-4.1315800253494945
-3.966360996542537
-5.289247109731188
-4.217886714616515
-4.5835521427914125
-4.511169129561879
-3.43007294900931
-3.9276231511629702
-4.226127608249342
-4.29731320579522
-4.311718230261687
-3.546793942589418
-4.359103910367661
-4.038936282530446
-4.514525811117275
-4.2599310956459115
-4.2594029349695015
-4.067143555420507
-4.243127649055809
-4.424476665087875
-4.2944866764046035
-4.443643253635727
-4.296649841196418
-4.347279520744954
-3.2880041688611925
-5.219840396925039
-4.062713377277346
-4.228833775821702
-4.15824541426596
-4.201653156888365
-4.224433517659603
-4.292929493844731
-4.097580632217401
-4.390627916512854
-4.074892507806487
-4.448370951466681
-4.338357472734084
-5.637594165354846
-4.398646980117998
-3.2117478266983293
-4.376893106000241
-4.342372171840594
-4.973666077312248
-4.273707188906431
-4.292338897648083
-4.317266659212363
-3.2166068544956334
-4.478379904077719
-4.612944184181647
-4.25148908399909
-4.116885586389867
-5.203206359558692
-3.320372207323549
-4.384644209623344
-4.285175534819344
-5.28907442951851
-3.490894347710377
-5.665341562327288
-4.5869959096227
-3.856224013754232
-4.3129282521193755
-4.305955651524808
-4.103442762893173
-4.294636538424596
-4.31929558657906
-4.312408445874434
-4.318636083893974
-3.796308711458696
-4.317174707917867
-4.785409232283662
-4.094614816836116
-3.9002981654676248
-5.345838236113193
-5.868487772969834
-4.564917816325454
-3.295921428375213
-4.298842270557338
-4.367806660292707
-4.269857802893443
-4.236030619071695
-4.45066970431672
-4.228132067996879
-4.567381507880776
-4.302171358239636
-4.681606490344358
-4.586788398571403
-4.291468094854999
-4.361654404955221
-3.5105427038745147
-5.825258748667158
-4.26963927708657
-3.2664658175593875
-5.052679207836338
-5.550703629213087
-5.560594896839522
-5.117425025887589
-3.1977077372379648
-4.564046583407076
-4.294076008513905
-4.716449475663044
-6.031411807130067
-5.555780299821381
-5.153741953873146
-5.718626493426487
-5.0934028648196215
-4.9033216785658515
-6.031411807130067
-4.9863813302516
-5.471822900650077
-5.6793236541530385
-4.865630726404652
-5.264958373361258
-4.69683742538099
-5.682052036027052
-4.987743191982929
-5.415742329877651
-6.031411807130067
-4.263269622293535
-4.9034893430801105
-4.627942028940281
-6.024070579722796
-5.996482318055328
-3.102170095560901
-5.998209949535179
-4.41043649564984
-6.345096704878446
-4.280829175154466
-3.298262995054775
-4.312213991011264
-4.408521534993612
-4.977826201573191
-6.415678899916342
-4.2609729728079335
-4.600093361561669
-5.671886809135662
-2.9539559790375884
-4.358807069995434
-5.006995100989902
-5.381360241361236
-6.68947214866807
-5.668994099921096
-3.5593527551105018
-5.675230760616491
-6.68947214866807
-4.367712871984912
-6.584659184424378
-4.246783581189387
-5.010573855414032
-4.905831020336468
-4.892914948261324
-6.68947214866807
-4.280740085979057
-6.676359423334686
-4.601062856074992
-5.086168919720785
-5.0861689197207856
-4.484586618266041
-6.740367752242787
-6.388913748629073
-4.341242841335365
-5.311156199765117
-5.612253641659947
-5.978317448090326
-3.651176869609854
-5.208903396273109
-3.2903355877815623
-5.924500113963487
-5.539873140813039
-4.857596790383316
-4.079266438146696
-6.7314227685493675
-6.019070761505887
-6.727255026909402
-4.270816021752198
-6.743836193272588
-5.899589056817743
-4.3870486687393875
-6.729378071864009
-6.383969511846882
-6.727255026909402
-5.28721320922814
-5.764057183685812
-6.729378071864009
-6.343537930090536
-5.764057183685812
-6.752875620302801
-5.1952692332208406
-6.752875620302801
-6.748658335424379
-6.752875620302801
-6.011067565503258
-6.75348047757617
-6.757092905181224
-6.748658335424379
-6.992181640236957
-4.276838695283418
-5.726989972676925
-5.627864552521604
-6.697659686267875
-6.758057826547294
-4.426840086171128
-5.203796105494546
-6.728413150497939
-5.741927120652334
-6.6331278882013525
-5.797630654204546
-6.022942661007318
-6.735906471177921
-6.729134075677564
-6.733595356742431
-6.726822961242075
-4.122847760849741
-6.159571385685438
-6.047876880683443
-6.992181640236957
-6.724662903641111
-7.009050779750648
-6.73525753099892
-5.888714018705199
-3.9922606528568907
-6.615410055808151
-6.760705332786279
-5.965408204494816
-6.440864719263063
-6.473610774442443
-7.00905077975065
-5.206497479611066
-4.56593042797201
-7.009050779750648
-5.574352909781245
-6.433389384837274
-7.018034384242458
-6.116299295514017
-7.000616209993803
-6.726822961242076
-5.755418775789446
-5.756090748149359
-6.126556438698765
-6.365958092635751
-6.453029712490347
-6.955246714294061
-6.966698815792695
-7.236416811633363
-5.973541871096892
-6.576439110697605
-5.711562787623813
-4.571744424411195
-7.236416811633363
-6.731284242306941
-6.017847119920967
-6.977723518828379
-4.257387762521858
-6.362547848224963
-7.253285951147054
-4.281498486459965
-7.253285951147054
-5.372402211235928
-4.203290943973318
-5.3559365055412185
-4.295518637955601
-6.907723112796271
-6.292056689253995
-4.825457372140821
-6.210253279500471
-6.966006967084782
-7.01771343790562
-7.253285951147054
-7.107740288672986
-6.051397820126382
-5.166256771242938
-5.900569120840141
-6.903600615426759
-6.414886103402736
-4.64953977573576
-7.105429174237496
-5.291164893554849
-5.983346441419563
-7.156029367565655
-6.327568192425381
-7.104027950517958
-6.966006967084782
-3.284259423397587
-4.763545059260385
-4.424472371998514
-6.851119031021431
-5.752731648496456
-7.093193292549311
-6.224721729481171
-6.994683035660344
-6.039371661643938
-6.267341503821852
-7.236416811633363
-6.711696823868718
-4.009053999282934
-4.243199001019945
-4.825457372140821
-6.966006967084782
-5.988234197608414
-7.10425712415376
-6.260343460782044
-6.394003697730254
-4.064594638452354
-5.880918234994588
-6.764815608354244
-7.156029367565655
-6.1575377777513225
-4.662263322608574
-7.105429174237496
-6.927485538143077
-5.430385182938389
-7.253285951147054
-5.981976440853738
-7.105429174237496
-7.253285951147054
-7.253285951147054
-4.710666930560422
-5.981976440853738
-6.806829993618138
-4.426556475521921
-7.253285951147054
-6.039371661643938
-5.732507916741004
-7.113863743994342
-7.113863743994342
-5.981976440853738
-7.244851381390209
-6.998900320538767
-5.726332793513357
-6.7445146899304795
-6.327568192425381
-6.212162379432079
-6.327568192425381
-7.093193292549311
-7.253285951147054
-7.104027950517958
-7.253285951147054
-7.244851381390209
-4.12962459280736
-6.858256990006714
-7.227670182339189
-6.99918321816527
-6.327568192425381
