-1.6428226783109308
-1.648342246968439
-1.6095024490386658
-1.5674563604964402
-1.601641552490102
-1.5711765695901638
-1.5812500684185236
-1.5697150807354245
-1.6286920599318147
-1.6022014560280677
-1.6009188985047555
-1.619637883025121
-1.5838219928175974
-1.6994348287311285
-1.748312998178827
-1.661157421499694
-1.4576622547373668
-1.653133042405393
-1.611657384385984
-1.586567022248623
-1.6976285050985722
-1.6001270309177928
-1.6343677072099643
-1.615148672931742
-1.6265344102123567
-1.5695276545579078
-1.6174324234743538
-1.6766591840590181
-1.6376813368191714
-1.7513512853193993
-1.479166430974002
-1.5963730286200501
-1.6775368853057853
-1.6412809263129038
-1.6462721446567028
-1.661808566959042
-1.429325350901796
-1.5984591132879529
-1.7184643678856086
-1.6184180682310334
-1.6162012200219165
-1.6379435833323792
-1.5937195618683506
-1.6859851774671268
-1.629611132854547
-1.6223890281915594
-1.6585956854270159
-1.6291816138346915
-1.5557420505031292
-1.735461370958659
-1.6794984129654247
-1.5058607434838023
-1.6193939214201207
-1.5826461282525175
-1.6521848358227746
-1.5635757175849063
-1.621364138781186
-1.5742436308818357
-1.5681297744876508
-1.6084340358809301
-1.625543719601973
-1.6268787227294554
-1.7027471798087292
-1.672879722188073
-1.4767741142215578
-1.5887924457243279
-1.6163326938420846
-1.626384235950606
-1.5164204975555555
-1.5816714342992326
-1.5563102205914605
-1.5829697717749007
-1.5882408360704958
-1.6397765477368411
-1.5313033489617442
-1.6849004332932656
-1.612832729107443
-1.615963090737031
-1.5878283556294623
-1.6446272607459842
-1.6750347406054418
-1.6501340677589478
-1.6747372287093532
-1.6333121396649122
-1.5998073375226824
-1.5700527439204928
-1.5599741300697456
-1.5110567415326335
-1.5996083016651534
-1.577126626309787
-1.692775107122653
-1.5750103467978094
-1.6388112063000566
-1.5747011294326803
-1.6943913734734104
-1.5875571453562118
-1.6681310330902437
-1.6641002040127286
-1.486016978432748
-1.597241115479493
-1.5335625850669832
-1.5797201942739
-1.761474522121244
-1.7198555640729356
-1.612731311161376
-1.6586943514944665
-1.5945038109307212
-1.5739098611723925
-1.6045566375018794
-1.595904330388176
-1.5611531404178582
-1.545197748554782
-1.485306120140693
-1.6501471961949763
-1.6034260988155882
-1.5494899283401509
-1.6788350897686393
-1.573871798633339
-1.6132583653453323
-1.6707159431106264
-1.5992125345177723
-1.6269048056855357
-1.613991773348562
-1.6527624430054901
-1.5769094197221873
-1.5881052054298581
-1.5529122339277364
-1.6350789761203273
-1.5866256225736475
-1.5737957981582875
-1.607385867285458
-1.6753174964514352
-1.6210566683304273
-1.6673867394670974
-1.6852882127350919
-1.6026537345569065
-1.6494306931225104
-1.6082214330086693
-1.5242025191759767
-1.593166710389454
-1.5974845737476522
-1.541438202163265
-1.6158616076415937
-1.6222179185528076
-1.5360883587478136
-1.5824895800377363
-1.5876465968630105
-1.72242483882683
-1.7513066947132085
-1.638235312091873
-1.632897145491949
-1.669371881755159
-1.7006708010685287
-1.6695467145956
-1.3926304467572534
-1.5878997550056
-1.678432116740594
-1.6768738366490266
-1.7275449142902959
-1.7016254742657324
-1.5339818592441161
-1.650928964284798
-1.6193109625358866
-1.6382512960386237
-1.6275222035228345
-1.6219974990919264
-1.6057447554883155
-1.6329511562436108
-1.6424100722135924
-1.5390230803937905
-1.6801376479396226
-1.6151424375189603
-1.587159266183142
-1.5650103220902376
-1.627110934442494
-1.6468284333347931
-1.5103724724225396
-1.6159126540086772
-1.5832088868329022
-1.5677192413249585
-1.613620138359325
-1.5234224222093373
-1.2582719840177572
-1.606289572206173
-1.3545420312403822
-1.6253510478304647
-1.6783853621065905
-1.6752839246017894
-1.6295682169660024
-1.6102689458358213
-1.5922782257525787
-1.6230961149553633
-1.600872608667403
-1.526572588757789
-1.7210059962422768
-1.572780406815422
-1.5948572261447973
-1.5596952036275358
-1.6286069153901153
-1.4103368788009085
-1.6080117436938268
-1.5357550581394466
-1.739206002481838
-1.6021424142198115
-1.5821143949821592
-1.594349886353306
-1.577336702245499
-1.5703465906142817
-1.7008049325953714
-1.5386048546428435
-1.740512935985707
-1.3964113283297754
-1.6456134391196464
-1.7307795783918802
-1.6551562162110183
-1.510331473019316
-1.6548672222245049
-1.6219879045814483
-1.61116662542815
-1.5471216158620686
-1.5967153549222979
-1.6736553074369345
-1.490138358648264
-1.6110038949336256
-1.5458088938686538
-1.645589032395534
-1.678412557271208
-1.6189801709942517
-1.6253616235522506
-1.6239785466585093
-1.7170794195389705
-1.6300246504322602
-1.719534806201862
-1.5707332219950234
-1.5539791997670789
-1.6229384048986635
-1.4665238335781337
-1.4629315599783341
-1.5650869497567501
-1.6164314338516808
-1.5919981531730252
-1.5844332089988855
-1.5647073207332283
-1.616526268073355
-1.6236707221942508
-1.5983848571601937
-1.5047408664120074
-1.5756534825280855
-1.6209460135390263
-1.602466867980262
-1.589428272278305
-1.6227315531583453
-1.6329994491648825
-1.649441966882903
-1.6411415934824518
-1.5022428064750075
-1.6069831900562916
-1.5649194901891832
-1.5630941122899573
-1.7480735213983656
-1.740512935985707
-1.678057820066691
-1.5913727469737613
-1.781217789662239
-1.7273328948358762
-1.8129186691823933
-1.727700938366558
-1.620316370868773
-1.5839092244379396
-1.6056646407751085
-1.7260519632168385
-1.7186508223468504
-1.6070421170969715
-1.6223940479747294
-1.6469520677698113
-1.5840499400467394
-1.715047422955364
-1.7185923176044209
-1.6963744088550308
-1.8129186691823933
-1.781217789662239
-1.5453814672492006
-1.8522904832616711
-1.648137266382471
-1.5694468704092337
-1.602189435346641
-1.6082406437369658
-1.4169397551348482
-1.589373472707488
-1.7949032080464393
-1.5384722442333998
-1.6934208828530015
-1.6400451471170823
-1.6071785665467933
-1.6319029416600477
-1.8522904832616711
-1.6249540614367333
-1.7794168151988894
-1.5849366034404628
-1.7949032080464393
-1.618128489249386
-1.7386578941078232
-1.8055932242020574
-1.5970663502594125
-1.8064669813915792
-1.8055932242020574
-1.8064669813915792
-1.6978601103052995
-1.7129758612760235
-1.8276122276216746
-1.8062016797651776
-1.8351042482743265
-1.6957766141298434
-1.8609545786691593
-1.8048113176964733
-1.1693684981039043
-1.595549686248711
-1.5740250514092597
-1.7471871049484662
-1.7389524959192686
-1.784674713882536
-1.7970523942418146
-1.847843212944001
-1.7431346905603358
-1.6415396837456653
-1.5462188076645957
-1.53177204605854
-1.4943691569506767
-1.7664011589021191
-1.6953061121655912
-1.723731729389886
-1.7715798427269744
-1.5159323390897579
-1.6200328165632052
-1.841211311128164
-1.6599015405279212
-1.6757099562599789
-1.7614724193278224
-1.8609545786691593
-1.7905550903604266
-1.4857273201920225
-1.8268352897708313
-1.620337865468733
-1.6011767604161324
-1.702283730602089
-1.843626387854183
-1.7676283260926833
-1.8276122276216746
-1.859271989710687
-1.8522904832616711
-1.8030976924541093
-1.8299269044397044
-1.7138876096210858
-1.6349567603433703
-1.8364400435015942
-1.5950040063198094
-1.794961124506941
-1.8453910472095374
-1.5971919362634561
-1.6943294839640801
-1.8989877423212849
-1.6069118983612367
-1.5922930016190042
-1.7486442988619375
-1.688255552134736
-1.717398295529807
-1.8027748902309284
-1.7662225282942352
-1.9268847313084594
-1.688526251957474
-1.6838539873089453
-1.7640743692825045
-1.7993862175889166
-1.6599214204298018
-1.7321960693715934
-1.8027748902309284
-1.6620887803205584
-1.830536775233228
-1.7624406971692124
-1.8864207859121431
-1.7801915970700486
-1.7545732795123088
-1.728276536788822
-1.8218313874437257
-1.7396688791931638
-1.7298547408086067
-1.7404466950979862
-1.7338775717064256
-1.6818379403526207
-1.8989877423212849
-1.820589603741517
-1.786947530036628
-1.8830875936056553
-1.840734230212461
-1.8926400949993238
-1.846861371790354
-1.4511104577078444
-1.6751231168478737
-1.6510215481149457
-1.8672868628011308
-1.7013713248862525
-1.6835558444633185
-1.7217834943142802
-1.7614903952018117
-1.9009844717797446
-1.640264056716998
-1.6041897427853837
-1.7656058624210857
-1.6968333381415515
-1.848601708756691
-1.691033139770762
-1.7062316803508863
-1.6956877668383077
-1.7645919543972552
-1.7600890786867116
-1.9268847313084594
-1.5626021824246261
-1.593156851158489
-1.9268847313084594
-1.6725430007917246
-1.627772927628413
-1.7806416550421789
-1.748544474728038
-1.8038731799942087
-1.8446627142388359
-1.874404646116322
-1.751186613497489
-1.718181701961228
-1.7703186862049227
-1.8159939271703476
-1.7863788318235156
-1.6045551632767574
-1.8864769790981935
-1.894061966626047
-1.7663796916870675
-1.7892452324786963
-1.6830017512595896
-1.9268847313084594
-1.710625067849289
-1.8016010187469758
-1.6759129522348124
-1.9181778586183478
-1.7790048504031295
-1.615381910548472
-1.9268847313084594
-1.7271010764414365
-1.9061055256364763
-1.9378064051566304
-1.8202313163645163
-1.8508047835164474
-1.7829645104586147
-1.7733623710173836
-1.5634121896201862
-1.7733623710173836
-1.8044104346612841
-1.7829645104586147
-1.8571466414952815
-1.790679344898805
-1.9378064051566304
-1.5890132165811832
-1.874404646116322
-1.803014876394831
-1.928881460766919
-1.9268847313084594
-1.6779592467490922
-1.7013713248862525
-1.927992131887489
-1.7990799663823256
-1.9268847313084594
-1.7581126876285662
-1.9181778586183478
-1.731302760820107
-1.8316441758122577
-1.7024787254652822
-1.7758268348414243
-1.6834860243261731
-1.6911738699070198
-1.7502570232230001
-1.7894052811405636
-1.9221742873364858
-1.7487525012360936
-1.8075277143615787
-1.705910276494879
-1.9358096756981713
-1.6999995703603243
-1.6934592012782503
-1.848601708756691
-1.6230451539335555
-1.6657351128209599
-1.838975574978554
-1.6602593268975383
-1.6331434647901673
-1.8172893978861036
-1.9268847313084594
-1.986541905621822
-1.6475508412337612
-1.780251903111193
-1.4176009675290677
-1.5383789330841755
-1.884424056453684
