-0.7353597989150767
-0.6169176412343474
-0.6566404734038538
-0.6566404734038538
-0.6169176412343476
-0.6566404734038538
-0.69636330557336
-0.6169176412343474
-0.6566404734038538
-0.3843187533191438
-0.6573668122316433
-0.9289621934885639
-0.9289621934885639
-0.6559141345760642
-0.6566404734038538
-0.6566404734038538
-0.6169176412343474
-0.69636330557336
-0.6566404734038538
-0.6566404734038538
-0.6169176412343476
-0.6566404734038538
-0.69636330557336
-0.3843187533191438
-0.6559141345760642
-0.6963633055733601
-0.6566404734038538
-0.6566404734038538
-0.6169176412343476
-0.6566404734038538
-0.6566404734038538
-0.6963633055733601
-0.5764684702370516
-0.6566404734038538
-0.6169176412343474
-0.6566404734038538
-0.9289621934885639
-0.6566404734038538
-0.6566404734038538
-0.6566404734038538
-0.6566404734038538
-0.6566404734038538
-0.69636330557336
-0.6566404734038538
-0.6566404734038538
-0.69636330557336
-0.6169176412343476
-0.9289621934885639
-0.6573668122316434
-0.6566404734038538
-0.9296885323163535
-0.6566404734038538
-0.6169176412343474
-0.69636330557336
-0.3843187533191438
-0.9296885323163535
-0.5764684702370516
-0.6566404734038538
-0.6566404734038538
-0.6169176412343474
-0.6559141345760642
-0.6169176412343476
-0.6573668122316434
-0.69636330557336
-0.9289621934885639
-0.6566404734038538
-0.6573668122316435
-0.6566404734038538
-0.6169176412343476
-0.3850450921469334
-0.3843187533191438
-0.6169176412343476
-0.6566404734038538
-0.6963633055733601
-0.6566404734038538
-0.6169176412343476
-0.9282358546607743
-0.9289621934885639
-0.6559141345760642
-0.6963633055733601
-0.9289621934885639
-0.6963633055733601
-0.6566404734038538
-0.6169176412343474
-0.6566404734038538
-0.9282358546607743
-0.69636330557336
-0.6566404734038538
-0.5764684702370516
-0.6169176412343474
-0.6169176412343476
-0.6566404734038538
-0.9289621934885639
-0.3843187533191438
-0.6566404734038538
-0.6963633055733601
-0.6573668122316433
-0.6566404734038538
-0.7353597989150767
-0.6566404734038538
-0.6169176412343476
-0.3843187533191438
-0.6566404734038538
-0.6566404734038538
-0.6566404734038538
-0.5764684702370516
-0.6566404734038538
-0.6169176412343474
-0.6566404734038538
-0.6566404734038538
-0.9289621934885639
-0.7353597989150767
-0.9282358546607743
-0.6963633055733601
-0.6566404734038538
-0.9289621934885639
-0.6566404734038538
-0.6573668122316433
-0.6963633055733601
-0.6559141345760642
-0.6169176412343474
-0.6573668122316433
-0.6169176412343476
-0.6169176412343474
-0.6566404734038538
-0.6566404734038538
-0.69636330557336
-0.6566404734038538
-0.9289621934885639
-0.3843187533191438
-0.6566404734038538
-0.9282358546607743
-0.6169176412343476
-0.6963633055733601
-0.69636330557336
-0.6566404734038538
-0.6566404734038538
-0.6566404734038538
-0.6566404734038538
-0.9289621934885639
-0.6169176412343474
-0.6566404734038538
-0.6566404734038538
-0.9289621934885639
-0.6169176412343474
-0.6566404734038538
-0.6169176412343476
-0.9289621934885639
-0.6963633055733601
-0.9289621934885639
-0.6573668122316434
-0.6573668122316434
-0.6566404734038538
-0.6566404734038538
-0.6566404734038538
-0.3850450921469334
-0.6566404734038538
-0.5764684702370516
-0.6169176412343474
-0.6566404734038538
-0.3843187533191438
-0.9289621934885639
-0.6573668122316434
-0.6566404734038538
-0.9289621934885639
-0.7353597989150767
-0.6566404734038538
-0.6566404734038538
-0.6573668122316434
-0.6566404734038538
-0.6573668122316435
-0.6566404734038538
-0.6566404734038538
-0.6169176412343474
-0.6566404734038538
-0.6566404734038538
-0.6963633055733601
-0.6566404734038538
-0.69636330557336
-0.6566404734038538
-0.6566404734038538
-0.9289621934885639
-0.69636330557336
-0.3843187533191438
-0.6566404734038538
-0.6566404734038538
-0.6566404734038538
-0.6169176412343474
-0.6573668122316434
-0.6566404734038538
-0.6169176412343476
-0.6573668122316434
-0.5764684702370516
-0.6169176412343476
-0.3843187533191438
-0.6566404734038538
-0.6169176412343476
-0.6566404734038538
-0.9289621934885639
-0.6559141345760642
-0.9282358546607743
-0.6963633055733601
-0.6566404734038538
-0.6566404734038538
-0.6963633055733601
-0.6566404734038538
-0.6566404734038538
-0.9289621934885639
-0.9289621934885639
-0.6566404734038538
-0.5764684702370516
-0.6566404734038538
-0.6566404734038538
-0.6169176412343476
-0.6573668122316435
-0.9289621934885639
-0.9289621934885639
-0.6573668122316433
-0.6169176412343476
-0.69636330557336
-0.6169176412343476
-0.9289621934885639
-0.6169176412343476
-0.6566404734038538
-0.6169176412343476
-0.6169176412343476
-0.6566404734038538
-0.6573668122316434
-0.6573668122316434
-0.6573668122316434
-0.6566404734038538
-0.6566404734038538
-0.3843187533191438
-0.6566404734038538
-0.6573668122316433
-0.6169176412343476
-0.6566404734038538
-0.6566404734038538
-0.6566404734038538
-0.6566404734038538
-0.6169176412343476
-0.6566404734038538
-0.6963633055733601
-0.6559141345760642
-0.69636330557336
-0.6566404734038538
-0.6566404734038538
-0.6573668122316435
-0.6169176412343476
-0.5764684702370516
-0.6566404734038538
-0.6566404734038538
-0.6573668122316435
-0.9289621934885639
-0.6169176412343476
-0.3843187533191438
-0.6573668122316434
-0.6566404734038538
-0.6566404734038538
-0.6169176412343476
-0.6169176412343474
-0.6566404734038538
-0.6559141345760642
-0.3843187533191438
-0.6566404734038538
-0.6573668122316435
-0.6566404734038538
-0.9289621934885639
-0.9282358546607743
-0.69636330557336
-0.6566404734038538
-0.6169176412343474
-0.9289621934885639
-0.6566404734038538
-0.9296885323163535
-0.6566404734038538
-0.6566404734038538
-0.6566404734038538
-0.9296885323163535
-0.6566404734038538
-0.3843187533191438
-0.6566404734038538
-0.6566404734038538
-0.6573668122316434
-0.9289621934885639
-0.6169176412343474
-0.3843187533191438
-0.6566404734038538
-0.6566404734038538
-0.6169176412343476
-0.6566404734038538
-0.6566404734038538
-0.3843187533191438
-0.3843187533191438
-0.6169176412343474
-0.6169176412343474
-0.6566404734038538
-0.3843187533191438
-0.9289621934885639
-0.3843187533191438
-0.6169176412343476
-0.6566404734038538
-0.9289621934885639
-0.6566404734038538
-0.9289621934885639
-0.6566404734038538
-0.3850450921469334
-0.6566404734038538
-0.9282358546607743
-0.3850450921469334
-0.6573668122316434
-0.3843187533191438
-0.9289621934885639
-0.69636330557336
-0.6559141345760642
-0.9282358546607743
-0.6566404734038538
-0.9289621934885639
-0.9289621934885639
-0.6169176412343476
-0.6169176412343476
-0.6963633055733601
-0.69636330557336
-0.6566404734038538
-0.6169176412343474
-0.9289621934885639
-0.9289621934885639
-0.6566404734038538
-0.6169176412343474
-0.6963633055733601
-0.9289621934885639
-0.6566404734038538
-0.69636330557336
-0.6169176412343476
-0.6566404734038538
-0.3843187533191438
-0.6573668122316434
-0.6566404734038538
-0.6963633055733601
-0.9289621934885639
-0.9289621934885639
-0.6169176412343474
-0.9289621934885639
-0.9296885323163535
-0.7353597989150767
-0.6566404734038538
-0.6566404734038538
-0.3843187533191438
-0.9296885323163535
-0.9289621934885639
-0.9296885323163535
-0.6963633055733601
-0.6566404734038538
-0.6566404734038538
-0.69636330557336
-0.9296885323163535
-0.6169176412343474
-0.9296885323163535
-0.9289621934885639
-0.9289621934885639
-0.3843187533191438
-0.6573668122316433
-0.6963633055733601
-0.9282358546607743
-0.6566404734038538
-0.6169176412343476
-0.9289621934885639
-0.9296885323163535
-0.6566404734038538
-0.9289621934885639
-0.9289621934885639
-0.9296885323163535
-0.6566404734038538
-0.9296885323163535
-0.9296885323163535
-0.6566404734038538
-0.9289621934885639
-0.9296885323163535
-0.9282358546607743
-0.9296885323163535
-0.6566404734038538
-0.9289621934885639
-0.9296885323163535
-0.9282358546607743
-0.6169176412343474
-0.9289621934885639
-0.69636330557336
-0.9289621934885639
-0.9289621934885639
-0.6566404734038538
-0.9289621934885639
-0.6566404734038538
-0.9296885323163535
-0.9289621934885639
-0.9282358546607743
-0.9289621934885639
-0.6566404734038538
-0.9296885323163535
-0.6566404734038538
-0.6169176412343474
-0.6566404734038538
-0.6566404734038538
-0.9289621934885639
-0.9289621934885639
-0.6566404734038538
-0.6573668122316434
-0.9296885323163535
-0.69636330557336
-0.6573668122316434
-0.9296885323163535
-0.6573668122316434
-0.6169176412343474
-0.9296885323163535
-0.9289621934885639
-0.9289621934885639
-0.9296885323163535
-0.9289621934885639
-0.6169176412343476
-0.5764684702370516
-0.6573668122316433
-0.6566404734038538
-0.6566404734038538
-0.9296885323163535
-0.9282358546607743
-0.9289621934885639
-0.9282358546607743
-0.9289621934885639
-0.6566404734038538
-0.9289621934885639
-0.69636330557336
-0.6566404734038538
-0.6566404734038538
-0.69636330557336
-0.6566404734038538
-0.9296885323163535
-0.9289621934885639
-0.9289621934885639
-0.6169176412343474
-0.6573668122316434
-0.6573668122316434
-0.9296885323163535
-0.6566404734038538
-0.6566404734038538
-0.9296885323163535
-0.9289621934885639
-0.6573668122316434
-0.9289621934885639
-0.6566404734038538
-0.9289621934885639
-0.9289621934885639
-0.6566404734038538
-0.6169176412343474
-0.9296885323163535
-0.9289621934885639
-0.9289621934885639
-0.6963633055733601
-0.9289621934885639
-0.3843187533191438
-0.6573668122316434
-0.9282358546607743
-0.3843187533191438
-0.6566404734038538
-0.9296885323163535
-0.6566404734038538
-0.6573668122316433
-0.9282358546607743
-0.9289621934885639
-0.6566404734038538
-0.9296885323163535
-0.6566404734038538
-0.9289621934885639
-0.6566404734038538
-0.6566404734038538
-0.6566404734038538
-0.6573668122316434
-0.9296885323163535
-0.9282358546607743
-0.6169176412343474
-0.3850450921469334
-0.6169176412343476
-0.6559141345760642
-0.6566404734038538
-0.6566404734038538
-0.6566404734038538
-0.9289621934885639
-0.6566404734038538
-0.6566404734038538
-0.6963633055733601
-0.9296885323163535
-0.6573668122316434
-0.9289621934885639
-0.5764684702370516
-0.6169176412343474
-0.9289621934885639
-0.6566404734038538
-0.6566404734038538
-0.38359241449135417
-0.6566404734038538
-0.9289621934885639
-0.6566404734038538
