-5.673955108419394
-4.316973805152156
-4.963088921623037
-4.6432931971298945
-4.605873968292658
-4.321257161979884
-4.33226248777213
-3.958655808520673
-4.404938179594721
-3.2624162061448727
-4.269101411916031
-4.243918076706103
-4.556559721519833
-3.2817802113865637
-5.317593032379723
-4.287007319797954
-4.413394415707359
-3.2247624694766897
-4.306483142153729
-4.309811050717312
-5.276865184528821
-4.317612444341974
-3.334590477819217
-4.2421647159304285
-4.407671590423146
-3.372125699502263
-4.345032690844823
-4.185639029508842
-4.094366694769189
-4.34330162301416
-5.360141438928815
-4.392673053334254
-4.281488233366061
-4.5952968095894535
-4.504382132038993
-4.361550835865859
-4.301249080448757
-4.664836523841953
-4.270681857523527
-5.265444968598108
-3.9976442910585845
-4.103194032951643
-4.5581183168292005
-4.598826230197153
-4.099543850344478
-4.117836405269746
-4.034735161145378
-4.582651806510371
-4.347811087594827
-4.440647158183094
-4.369317019518282
-3.186258341286549
-4.288122312669049
-3.95342867180385
-4.389904056488495
-4.169594516834695
-4.565697092972991
-3.3879333331457913
-5.854069779872024
-3.1318328131846123
-4.354991996065332
-4.398625265048974
-4.239764628568979
-4.128961236787737
-4.22843539671697
-4.388606509935541
-3.3285613258176987
-4.055286906728258
-4.260644553931632
-3.517476976305875
-4.143305528856084
-4.22067798485302
-4.596561329993821
-4.326651716347417
-3.2757414411027326
-4.319866786991723
-4.465357489876459
-4.2827183753637055
-4.237230036763003
-4.300741157315003
-5.225373646551655
-3.1491681248477303
-4.525890511406717
-4.372984392036407
-5.462804046341418
-3.4148017168265974
-4.284089622510942
-3.9708307973793797
-5.451260789057126
-4.541541232437882
-4.4447114341685285
-4.266210364711111
-4.703339289162159
-4.3424902727152945
-4.609390833155576
-4.299877832117198
-4.090559940695617
-4.361566896710829
-4.308243836217584
-4.640498067454586
-4.317545722929371
-4.323795124650763
-4.323135950817288
-5.436366441683415
-4.505572402928029
-4.632849640152223
-4.389878576525556
-4.215123382000814
-4.36048903944685
-5.301141253708707
-5.424124851050905
-4.377575874383398
-3.238342852853307
-3.401534566352106
-4.27386362885745
-4.266793451312469
-4.080843835474675
-4.263315069278151
-4.16190276314735
-4.052250514925251
-5.317901989839087
-4.0776542398958915
-3.8864602427909056
-4.104893153035665
-4.399713204089448
-4.21023958688587
-4.232522852144321
-4.429942296160799
-3.9916585890404
-4.5556977594457235
-4.3226278351159895
-4.251208620054133
-4.172618461037502
-4.315941591245854
-3.4673483811317705
-4.214093927809319
-4.321546091026184
-5.2656983846691485
-3.3330494091131637
-4.445742594993511
-3.401410164357306
-4.18716434299469
-4.319351967458153
-4.524562182368751
-4.375343029773431
-3.9414975443626497
-5.249126017798044
-4.593661972850344
-4.8807703029977425
-4.3363289710608015
-4.31937313840583
-4.379807357913717
-4.267063729081721
-4.1566069187617245
-4.255667398931208
-4.396947162675456
-4.2634979451465
-4.265577655225488
-4.583599213217655
-4.128912706875507
-4.865479534781194
-4.484628621350468
-3.1321963803559987
-4.31939751792308
-4.696431449147591
-5.3661166254110135
-4.1816560953837465
-4.257802724344327
-4.537516194757939
-4.326470482188961
-4.269198542519928
-4.302389214499182
-4.479201100067205
-4.723908343411532
-5.66508709730397
-5.11805905473265
-4.319977362200058
-4.71741070509113
-4.028042345044719
-4.669614609042484
-4.57419793993534
-4.350023816445116
-4.425658983280884
-4.39037484595496
-4.332503632022763
-4.219944855579735
-4.413163478300919
-4.272814511978265
-4.326272881410388
-4.312732747516535
-4.393380369266013
-5.420289940684338
-3.2178283354333224
-4.562397231390566
-4.409720548074438
-4.303038299041237
-6.312955303721088
-3.7487404214659708
-4.05574380833382
-4.535897533364387
-4.305433608418708
-4.331054895597294
-4.230196090780825
-4.327001910996513
-5.510585636917729
-4.320786372513419
-4.513051401787492
-4.659009236873247
-4.334601031443844
-3.726690385997241
-4.319351967458153
-3.3860700309492615
-4.235553911447778
-5.125289748273325
-5.738158481751014
-5.221379561637582
-4.256118318388043
-4.4302663563114075
-4.502629133511007
-4.376743311152471
-4.36586466523533
-4.253767444303569
-3.293143184359283
-4.342779201761593
-4.244335310901759
-3.328515775352772
-3.4572140707219674
-4.256475899185747
-4.4543938896407145
-4.269636952818554
-4.266386425505814
-5.274547624163029
-4.388540816278346
-4.189488209079071
-3.803416668353808
-4.27386362885745
-4.27776022313239
-4.550096722264854
-5.371478996787366
-3.2291062055359463
-3.2750314736765764
-4.386564456911497
-3.2756225639358796
-4.274041465618027
-4.3309330735227
-4.270307023959791
-5.258898335988015
-4.111244463437779
-4.427966162830147
-4.300741157315003
-5.272104693779021
-5.360674840551422
-5.6678326404678705
-5.684110723904513
-6.332187308813476
-5.106148277526288
-4.319351967458153
-5.399746287075901
-5.391212858652721
-5.264935004647013
-5.317593032379723
-5.325955634329445
-4.938636218265188
-4.319351967458153
-5.337742644544684
-5.414079071170399
-5.43457133796127
-5.9533846777224095
-5.264452725133702
-5.405205421828619
-4.65082855723086
-5.284708657796656
-6.318298334023353
-4.553030604785647
-5.950833139268971
-5.666134120229631
-6.498175391086851
-5.408075965356559
-5.776349770445904
-6.318876192115951
-6.379012449011531
-5.962240046380047
-5.891915581239276
-4.76712803863581
-6.309713655220256
-5.856190837275831
-5.883979006526898
-6.296202121365137
-5.343554762369704
-4.919537724338549
-4.353581826084748
-4.204555877613528
-5.811647878853989
-4.836078641365561
-5.318820113373635
-6.294185448093617
-6.974587617815953
-5.2653551029713155
-5.898002389493362
-5.248036228955768
-5.860186742349809
-4.465054042834131
-4.81064646550185
-6.32414557956768
-6.32414557956768
-6.363781483716213
-4.9706240366431835
-5.73181299909033
-6.372053887607835
-4.754473830855775
-3.4631256677989617
-5.967866882746656
-5.046878405634963
-5.979413411477367
-6.294185448093616
-4.325510094115953
-6.654635879399317
-5.801463694170419
-6.6014097650918595
-4.46083816291525
-5.382583871375197
-5.342323184269653
-5.995582024528624
-5.60103486172137
-4.744843878444584
-6.291385312019417
-6.255654534919216
-5.100507644387638
-4.0475286297529
-6.274155669306462
-5.696914872869973
-6.7563703647245905
-5.921655470892588
-5.642387428956379
-5.834254308482353
-5.012500660035901
-6.346097436916368
-6.33810819720834
-6.895378564668613
-6.532460259751703
-5.051945925688184
-5.70155495291554
-6.713293446261803
-5.733623804267532
-6.987013586070957
-5.946715618819329
-6.390400744257704
-6.309713655220256
-4.29362945431936
-6.987013586070957
-5.780777742724167
-6.092803554440414
-3.7317509373480098
-5.380104180262327
-6.189862969986541
-5.221289184489841
-6.077403590276828
-5.658869834961287
-5.797625290526076
-6.892415687263571
-6.987013586070957
-6.354394640088042
-6.873504120536014
-6.24065788062277
-5.709340841124979
-6.0793229181694555
-5.4724981848179075
-6.613835733346864
-4.3581474899581965
-5.380104180262327
-6.974587617815953
-6.387971042535579
-6.288452295939271
-6.124801114414408
-6.734597386047957
-5.858505217420517
-6.199369733009318
-5.056980737318459
-6.215805944112761
-6.383895664397563
-6.24065788062277
-6.974587617815953
-6.7452317403319295
-6.08037758618541
-4.082607436551453
-6.912827520562116
-4.843241454756306
-6.596046035181895
-4.382345974290387
-6.013160871721007
-6.354105711041743
-6.354105711041743
-5.141573080592585
-5.327359162505322
-6.371469696142558
-6.360798527142403
-6.634518135009928
-6.974587617815953
-5.732664140321219
-6.334815238773281
-6.099824176501489
-5.61879569577962
-6.113538970126447
-6.359838863196089
-5.858874639664898
-6.887533481965903
-6.260668985043315
-5.82602179276216
-6.5158758628479045
-5.967723510484756
-5.8642383695748626
-5.848361756963557
-6.354105711041743
-6.359838863196089
-6.605875055660709
-4.146026544198274
-4.336678658010783
-6.509280828378145
-5.806374996523252
-4.3800575591039745
-5.967447712683333
-6.962161649560948
-6.2956779678810815
-6.979781513368334
-6.046628000736419
-4.324373545422722
-6.33558166716061
-5.733623804267532
-5.670156355186711
-6.359299606594124
-5.849422149008865
-6.86299133086599
-5.769877828541404
-5.838542340375291
-7.018594135443177
-6.7253246042248485
-6.323325277087959
-6.974587617815953
-6.372002050514173
-6.1698261450223555
-6.106749717055875
-6.017470213063232
-6.969393722263572
-5.976091267732462
-6.549862965340882
-6.347412894941084
-5.696914872869973
-5.446366688820769
-6.583362639061324
-7.023788030995558
-6.329878731722025
-7.023788030995558
-6.974587617815953
-6.283704734303681
-6.356738032199155
-6.283704734303681
-5.815973672696245
-4.658946503640693
-6.881919748393354
-6.356738032199155
-6.028500443509121
-6.38540978474892
-6.974587617815953
-6.920193309083967
-4.369745830914094
-4.326824642728677
-7.023788030995558
-5.689688033402751
-5.658925767854221
-6.354105711041743
-6.335751245342964
-5.5708838386585064
-6.926329004465946
-4.319517638863706
-6.383895664397563
-6.974587617815953
-6.012456587203657
-4.877638178271386
-6.415235465128527
-5.734797943633762
-6.773414637077041
-6.453012406546774
-7.023788030995558
-6.383895664397563
-6.277345477997553
-6.336209371569314
-4.409294120554936
-6.372002050514173
-6.608264616324476
-7.018594135443177
-6.38540978474892
-6.7563703647245905
-7.023788030995558
-7.023788030995558
-6.6042936126455025
-6.212419785505932
-7.023788030995558
-6.974587617815953
-5.859677781925762
-5.307889994561052
