-1.671182645440314
-1.5654491468368141
-1.6602494869944675
-1.6891668122957606
-1.6369079634535362
-1.5994384480119574
-1.605606608633734
-1.6664039792544176
-1.6131248678373729
-1.6948244961169967
-1.5993358339794883
-1.5881249908480317
-1.5901826641955534
-1.6094198488626015
-1.6266759173582763
-1.624870674918504
-1.7139745127052226
-1.6156471961669143
-1.6438533837454032
-1.6070493424798307
-1.6369582741794906
-1.7112832738363444
-1.6005439810663673
-1.6211547607159509
-1.6014404082419864
-1.6705007494044166
-1.5195825503129734
-1.649282949656201
-1.5751110557499548
-1.565073161136432
-1.5627159384941023
-1.648376742609657
-1.4923969415466531
-1.5951503911778226
-1.598943827882409
-1.5782117431072653
-1.6408127541017767
-1.5702495194816857
-1.6308868709815674
-1.7110329712586445
-1.7269743993728155
-1.6259606505801558
-1.6163902213217216
-1.606391945371717
-1.6114334414451157
-1.63030793636525
-1.6218106593375174
-1.5670474293328942
-1.60797207753304
-1.5558380066762836
-1.5969648709659414
-1.580641976692469
-1.6761497864554022
-1.6377970811432612
-1.7335356956687509
-1.5571979930206383
-1.5915305432502709
-1.7094713881561847
-1.630633616120926
-1.5362385275483217
-1.6576906474999686
-1.5325240678333227
-1.6666324697584922
-1.6433117339812755
-1.660819785341142
-1.6798399251357687
-1.640617598049808
-1.630591839494312
-1.5775574965867225
-1.545704299192875
-1.5552740549231892
-1.6632979534462782
-1.5944018605241712
-1.6464152189464871
-1.5736078202404244
-1.5656544795542329
-1.5873695713621758
-1.6442655411875464
-1.4791878730659742
-1.6127797219139068
-1.6844956265392577
-1.5898301923344844
-1.6576661670039272
-1.7307284641478502
-1.6399417368053946
-1.581279088217324
-1.7122727319230941
-1.5825896603858107
-1.5935802858378063
-1.6460584499258109
-1.6800162643735534
-1.6313804896289013
-1.6170097167029516
-1.6516419251075327
-1.6257600358505664
-1.561033085227156
-1.6449882482479123
-1.759337945910249
-1.6122756937113796
-1.6372887982288884
-1.6152735422954387
-1.605901793473335
-1.6173121609981806
-1.5765106465284142
-1.5351702549980824
-1.622258364342224
-1.641512186778608
-1.6366502243429297
-1.5765470358921432
-1.5583109432070674
-1.5960572984886572
-1.53002645741984
-1.665736003452589
-1.719602109462186
-1.5583984130067599
-1.6480607749998664
-1.6674351335131945
-1.5988976355938658
-1.6424529798284542
-1.703813592175028
-1.6635630695423502
-1.6264771979904944
-1.63747527118412
-1.6674569933132724
-1.6001300595247856
-1.528458560144802
-1.5899606998910056
-1.6177729542453394
-1.650987802561373
-1.6497343233456956
-1.7123816854788745
-1.6256466607635174
-1.5880260970549624
-1.6409470090077394
-1.6573537170470363
-1.5962587920209417
-1.6729900748201545
-1.5986476295733862
-1.6522137783089696
-1.6921440968775026
-1.6304141631519056
-1.5904654391877595
-1.5845123769847176
-1.5137453613527523
-1.6438886487733884
-1.6139241965967737
-1.6563779757453085
-1.612055262615218
-1.541066428544947
-1.7040516518190083
-1.6693211376351842
-1.671074512504293
-1.6725430595908453
-1.6406168828010725
-1.6887340812125995
-1.6018006954070758
-1.6950930886085773
-1.5112751465486935
-1.5881103683136664
-1.6217354546767009
-1.6099391148274311
-1.6054023254276673
-1.471379428980819
-1.6332681211597022
-1.581606806906734
-1.646686437550456
-1.6619450092119212
-1.4589391898145303
-1.6328701371020506
-1.7246739717723143
-1.6692107090888835
-1.613050609674582
-1.4740115876177922
-1.6373929865883055
-1.717478425768418
-1.6927602346977773
-1.6504933247631166
-1.5818957357125614
-1.5730137856283548
-1.5658504136153955
-1.646968844193058
-1.610101112909661
-1.7012548496076954
-1.6696694983526665
-1.5947941017580105
-1.6374051775873573
-1.537165834387497
-1.6701157547438774
-1.6022516964079045
-1.6568985022437845
-1.6473684298328035
-1.6835153049331655
-1.6342082009028496
-1.6153415800374358
-1.5428637009342037
-1.5789602318702856
-1.5573704781797797
-1.6406802671186207
-1.6600267250884624
-1.6081938818386208
-1.7128873141180816
-1.5607101801075818
-1.6921654037729421
-1.6160382215971243
-1.671671103133891
-1.6068203121924014
-1.3992054815320096
-1.602604961109239
-1.7274908974425636
-1.622513099629304
-1.6284687137627145
-1.5799275160636717
-1.6428372834926335
-1.6219774968734262
-1.5936509280787596
-1.5789093032680712
-1.5757728693773185
-1.6278053424126997
-1.6468343568497574
-1.6348932347989271
-1.5463106743999142
-1.5152966932128842
-1.684555843102569
-1.631414135388239
-1.6791889042164114
-1.6756482373658304
-1.723095505532422
-1.6766401678268719
-1.6531016315601192
-1.6470212758941725
-1.5726083641137494
-1.577715705537742
-1.598441681226615
-1.6265498476305351
-1.5279832390124737
-1.6039054665355679
-1.6253395310226793
-1.6109033077635797
-1.552664324792177
-1.6086969825155337
-1.5931033409803184
-1.6286473627726255
-1.6595930418668348
-1.4879500450965715
-1.6997592127258068
-1.7040707978612188
-1.63251859753291
-1.6153452716836
-1.6022852565647845
-1.6225022683734083
-1.656918825674084
-1.707055441557998
-1.572734162653681
-1.5771728897345327
-1.5635579743388295
-1.6989799467548998
-1.640792024790053
-1.5586945750432175
-1.5366208547167757
-1.6808297367897551
-1.6194111505049174
-1.5940070496322183
-1.7740955746744826
-1.706272062874876
-1.6254104192817473
-1.6556115655264598
-1.7305698155375189
-1.5816141946900746
-1.66175900457881
-1.624352940602594
-1.6379527877927071
-1.558132937568272
-1.6402529306517764
-1.6278456008695183
-1.6184553935860362
-1.67561334478446
-1.7222949836430854
-1.6231617744383544
-1.7211776875016478
-1.7313551431516199
-1.5942992908661098
-1.593836389944301
-1.639491413824768
-1.6471983835974595
-1.7483058120758457
-1.6308667689464955
-1.7064141566339615
-1.6340817232003968
-1.6557194854450197
-1.5361822936252083
-1.693757059332145
-1.6981094785858832
-1.6909744590609135
-1.642719848356122
-1.7009332238728998
-1.629689129226634
-1.655540543337435
-1.5901244667097374
-1.5965925704943091
-1.6240625835776399
-1.5929467328294813
-1.6002735924649536
-1.6108620714019597
-1.7426008408007456
-1.5633342411544986
-1.6413304681216756
-1.696274942718313
-1.6730850373319637
-1.5946474948947624
-1.630133211520324
-1.6591438579576665
-1.6521426590407402
-1.6808047256150056
-1.5579827691112906
-1.639430289221672
-1.6008390958939047
-1.5712280757235098
-1.6236894263316388
-1.7055437565003058
-1.6891100025432453
-1.5374031366706442
-1.7822812885950094
-1.6347232354848098
-1.5163951032372198
-1.8480253266591986
-1.6031509997295743
-1.5894752838835433
-1.727842957523543
-1.621456630696349
-1.68038883592456
-1.7822812885950094
-1.6155754164342169
-1.583141119616981
-1.766762873456346
-1.633002004800813
-1.6761862406780703
-1.6474026749458883
-1.7833415426592756
-1.6535986862758465
-1.7098209789372858
-1.577878094743549
-1.767481362434428
-1.5940175867986344
-1.7567201162310153
-1.815153307627104
-1.658504417014409
-1.645139517671346
-1.724131435788474
-1.8057062579401926
-1.762167951170944
-1.7450471496877744
-1.751768059596453
-1.8767129988738525
-1.515049692674145
-1.6916339060207957
-1.712929210041678
-1.7060634750526058
-1.545471601584958
-1.6698237358106074
-1.7112332486169481
-1.8302265620544431
-1.8393363551096469
-1.7296077062286301
-1.718132797825106
-1.6263092532151404
-1.8767129988738525
-1.682744638104254
-1.6363668196264667
-1.6653229501172457
-1.7274452254172512
-1.5687367492667268
-1.7708458774254126
-1.798396549937129
-1.7650867203963365
-1.6961580179867968
-1.8158526114262994
-1.8017287163203328
-1.7151537107117396
-1.8456668686020385
-1.73411971640985
-1.7303258498671177
-1.792892123781956
-1.785712899145243
-1.6329593949058112
-1.7947833976172387
-1.8492965806137258
-1.6797863173219256
-1.7284000423940882
-1.797731561419497
-1.7566429300057287
-1.7477493650493858
-1.7241623754405127
-1.7561784509446996
-1.6451511831126444
-1.7722237697810421
-1.6275610392802562
-1.5919762913153452
-1.708869879238612
-1.8117338013347022
-1.718132797825106
-1.6101796790955238
-1.7465044914732062
-1.6944079314294165
-1.7464834084508396
-1.846282805150076
-1.8767129988738525
-1.7386004310236287
-1.7222223821340783
-1.497796164768278
-1.7008879149447504
-1.7431928344433611
-1.7627393761227645
-1.813400647923756
-1.8767129988738525
-1.770099514941719
-1.8510298784711992
-1.6130785973735735
-1.787818469183053
-1.7906306763144209
-1.8465786059222338
-1.803722821150292
-1.7105714511618835
-1.6297636968620928
-1.8767129988738525
-1.7600440657576233
-1.7397614542598363
-1.7753440228869228
-1.6232998288359701
-1.6469617900922306
-1.8186063747316854
-1.859645142325815
-1.7014236414678192
-1.74438708881956
-1.7345104151061679
-1.8323691228861434
-1.8302265620544431
-1.8186063747316854
-1.8323257653870642
-1.844899095707368
-1.7334631660182576
-1.7465044914732062
-1.8085784079833171
-1.7522734084077658
-1.6905019793862353
-1.6340430792823515
-1.7991095478970638
-1.8401008832662717
-1.8297490138215229
-1.733516177335135
-1.7105543401048526
-1.995722818868126
-1.6277140394427108
-1.8487833258776691
-1.740362941428886
-1.731061519732544
-1.7490817542562156
-1.8538382924780086
-1.731075327420113
-1.8917124278639328
-1.4710732278233483
-1.8557350056754633
-1.8000889791218158
-1.660611095939564
-1.8476078858526834
-1.5610686682765058
-1.7940938746868214
-1.8744034996672965
-1.8521252705058915
-2.029425399013266
-1.5885013877963094
-1.7575882305592092
-1.6336749251409732
-1.7269147345067895
-1.7186687761566406
-1.7073329805521658
-1.7743149579931714
-1.899162904137262
-1.7953950793758175
-1.8892833808244922
-1.7853113859944028
-1.8044087773387776
-2.029425399013266
-1.6608667385808051
-1.7204108802517764
-1.631590317920845
-1.8668017528100727
-2.029425399013266
-1.792213266541422
-1.8428572250479591
-1.9696466295851696
-1.7204108802517764
-1.7021307960765566
-2.029425399013266
-2.029425399013266
-1.7902263506769398
-1.7772793536835736
-1.625515510302036
-1.8707755291450119
-1.6115554957663798
-1.8068998704935018
