-0.7083922182378125
-0.6796518116601596
-0.6796518116601596
-0.7083922182378125
-0.6213138568271183
-0.9305238086029071
-0.6509114050825067
-0.3700132890455031
-0.6213138568271183
-0.3700132890455031
-0.650482834243639
-0.650482834243639
-0.9309523794417748
-0.650482834243639
-0.6213138568271183
-0.3700132890455031
-0.3700132890455031
-0.650482834243639
-0.650482834243639
-0.9305238086029071
-0.650482834243639
-0.9309523794417748
-0.6796518116601596
-0.650482834243639
-0.6796518116601596
-0.6509114050825067
-0.6500542634047712
-0.650482834243639
-0.3704418598843709
-0.650482834243639
-0.3700132890455031
-0.650482834243639
-0.6213138568271183
-0.650482834243639
-0.9309523794417748
-0.6796518116601596
-0.650482834243639
-0.6796518116601596
-0.650482834243639
-0.9309523794417748
-0.650482834243639
-0.6213138568271183
-0.6213138568271183
-0.6213138568271183
-0.3700132890455031
-0.650482834243639
-0.6213138568271183
-0.36958471820663535
-0.9305238086029071
-0.6796518116601596
-0.3704418598843709
-0.6796518116601596
-0.650482834243639
-0.650482834243639
-0.9309523794417748
-0.9313809502806425
-0.6509114050825067
-0.6509114050825067
-0.650482834243639
-0.6213138568271183
-0.6213138568271183
-0.650482834243639
-0.6509114050825068
-0.650482834243639
-0.650482834243639
-0.650482834243639
-0.6509114050825067
-0.650482834243639
-0.6509114050825068
-0.650482834243639
-0.9309523794417748
-0.6509114050825067
-0.650482834243639
-0.36958471820663535
-0.6509114050825067
-0.6509114050825067
-0.9305238086029071
-0.6796518116601596
-0.36958471820663535
-0.650482834243639
-0.6509114050825068
-0.6213138568271183
-0.7083922182378125
-0.650482834243639
-0.3700132890455031
-0.9309523794417748
-0.650482834243639
-0.6509114050825067
-0.650482834243639
-0.650482834243639
-0.6796518116601596
-0.3704418598843709
-0.6796518116601596
-0.9313809502806425
-0.650482834243639
-0.650482834243639
-0.6213138568271183
-0.6796518116601596
-0.6213138568271183
-0.650482834243639
-0.6796518116601596
-0.9309523794417748
-0.650482834243639
-0.9305238086029071
-0.9309523794417748
-0.6213138568271183
-0.650482834243639
-0.5917163085717299
-0.6796518116601596
-0.6213138568271183
-0.650482834243639
-0.6509114050825067
-0.6509114050825068
-0.9313809502806425
-0.650482834243639
-0.3704418598843709
-0.650482834243639
-0.5917163085717299
-0.650482834243639
-0.650482834243639
-0.650482834243639
-0.6213138568271183
-0.650482834243639
-0.650482834243639
-0.6213138568271183
-0.6796518116601596
-0.3700132890455031
-0.650482834243639
-0.6509114050825068
-0.6509114050825067
-0.6796518116601596
-0.650482834243639
-0.6213138568271183
-0.6213138568271183
-0.6796518116601596
-0.650482834243639
-0.650482834243639
-0.650482834243639
-0.6213138568271183
-0.9309523794417748
-0.9309523794417748
-0.650482834243639
-0.5917163085717299
-0.650482834243639
-0.650482834243639
-0.6213138568271183
-0.650482834243639
-0.6213138568271183
-0.5917163085717299
-0.6796518116601596
-0.650482834243639
-0.3704418598843709
-0.6796518116601596
-0.6796518116601596
-0.6213138568271183
-0.650482834243639
-0.650482834243639
-0.6500542634047712
-0.650482834243639
-0.650482834243639
-0.6213138568271183
-0.3700132890455031
-0.36958471820663535
-0.650482834243639
-0.7083922182378125
-0.650482834243639
-0.650482834243639
-0.650482834243639
-0.6796518116601596
-0.9309523794417748
-0.650482834243639
-0.6796518116601596
-0.650482834243639
-0.5917163085717299
-0.650482834243639
-0.6213138568271183
-0.6213138568271183
-0.6213138568271183
-0.6213138568271183
-0.6213138568271183
-0.5917163085717299
-0.6796518116601596
-0.650482834243639
-0.650482834243639
-0.650482834243639
-0.9309523794417748
-0.5917163085717299
-0.650482834243639
-0.6796518116601596
-0.6213138568271183
-0.6796518116601596
-0.6796518116601596
-0.9313809502806425
-0.6796518116601596
-0.650482834243639
-0.650482834243639
-0.650482834243639
-0.5917163085717299
-0.6213138568271183
-0.650482834243639
-0.6213138568271183
-0.9309523794417748
-0.650482834243639
-0.6509114050825067
-0.6796518116601596
-0.3700132890455031
-0.650482834243639
-0.650482834243639
-0.6796518116601596
-0.6509114050825067
-0.650482834243639
-0.6213138568271183
-0.9313809502806425
-0.9313809502806425
-0.6796518116601596
-0.650482834243639
-0.6509114050825067
-0.650482834243639
-0.6213138568271183
-0.9305238086029071
-0.650482834243639
-0.6500542634047712
-0.6213138568271183
-0.6213138568271183
-0.6213138568271183
-0.650482834243639
-0.6213138568271183
-0.6500542634047712
-0.9305238086029071
-0.650482834243639
-0.650482834243639
-0.650482834243639
-0.6509114050825068
-0.6509114050825068
-0.6213138568271183
-0.6796518116601596
-0.7083922182378125
-0.6796518116601596
-0.6796518116601596
-0.650482834243639
-0.9309523794417748
-0.650482834243639
-0.9309523794417748
-0.6213138568271183
-0.650482834243639
-0.650482834243639
-0.650482834243639
-0.9309523794417748
-0.6796518116601596
-0.650482834243639
-0.650482834243639
-0.9309523794417748
-0.6500542634047712
-0.6796518116601596
-0.9309523794417748
-0.650482834243639
-0.3704418598843709
-0.36958471820663535
-0.650482834243639
-0.650482834243639
-0.6509114050825067
-0.3700132890455031
-0.650482834243639
-0.650482834243639
-0.9309523794417748
-0.9305238086029071
-0.9305238086029071
-0.3700132890455031
-0.650482834243639
-0.9309523794417748
-0.650482834243639
-0.9309523794417748
-0.650482834243639
-0.6213138568271183
-0.36958471820663535
-0.3700132890455031
-0.9309523794417748
-0.6500542634047712
-0.7083922182378125
-0.650482834243639
-0.3700132890455031
-0.9309523794417748
-0.6213138568271183
-0.6796518116601596
-0.650482834243639
-0.6213138568271183
-0.6213138568271183
-0.650482834243639
-0.3700132890455031
-0.650482834243639
-0.6213138568271183
-0.6509114050825067
-0.650482834243639
-0.3700132890455031
-0.6796518116601596
-0.650482834243639
-0.9309523794417748
-0.650482834243639
-0.5917163085717299
-0.9309523794417748
-0.650482834243639
-0.650482834243639
-0.6796518116601596
-0.3700132890455031
-0.650482834243639
-0.650482834243639
-0.650482834243639
-0.6796518116601596
-0.6796518116601596
-0.9309523794417748
-0.6213138568271183
-0.36958471820663535
-0.6213138568271183
-0.650482834243639
-0.650482834243639
-0.6500542634047712
-0.3700132890455031
-0.650482834243639
-0.9305238086029071
-0.6796518116601596
-0.650482834243639
-0.6509114050825067
-0.650482834243639
-0.650482834243639
-0.650482834243639
-0.9309523794417748
-0.3700132890455031
-0.650482834243639
-0.650482834243639
-0.7083922182378125
-0.650482834243639
-0.650482834243639
-0.6500542634047712
-0.9309523794417748
-0.6213138568271183
-0.6509114050825068
-0.6796518116601596
-0.6500542634047712
-0.650482834243639
-0.3704418598843709
-0.6213138568271183
-0.6500542634047712
-0.650482834243639
-0.36958471820663535
-0.650482834243639
-0.5917163085717299
-0.6500542634047712
-0.6213138568271183
-0.9309523794417748
-0.9309523794417748
-0.6213138568271183
-0.9309523794417748
-0.6509114050825067
-0.6796518116601596
-0.650482834243639
-0.6509114050825067
-0.6213138568271183
-0.6509114050825067
-0.9309523794417748
-0.9309523794417748
-0.6509114050825067
-0.6796518116601596
-0.650482834243639
-0.9309523794417748
-0.6796518116601596
-0.6796518116601596
-0.9313809502806425
-0.6796518116601596
-0.650482834243639
-0.650482834243639
-0.9305238086029071
-0.650482834243639
-0.9313809502806425
-0.650482834243639
-0.6500542634047712
-0.6500542634047712
-0.6500542634047712
-0.650482834243639
-0.9309523794417748
-0.36958471820663535
-0.6796518116601596
-0.650482834243639
-0.3700132890455031
-0.9309523794417748
-0.6213138568271183
-0.650482834243639
-0.9313809502806425
-0.650482834243639
-0.9305238086029071
-0.5917163085717299
-0.6213138568271183
-0.3700132890455031
-0.9313809502806425
-0.3700132890455031
-0.650482834243639
-0.650482834243639
-0.9309523794417748
-0.9309523794417748
-0.9309523794417748
-0.9309523794417748
-0.6509114050825067
-0.9309523794417748
-0.650482834243639
-0.9309523794417748
-0.9309523794417748
-0.9313809502806425
-0.6213138568271183
-0.9305238086029071
-0.36958471820663535
-0.9309523794417748
-0.9313809502806425
-0.650482834243639
-0.650482834243639
-0.9305238086029071
-0.650482834243639
-0.6509114050825067
-0.9305238086029071
-0.9305238086029071
-0.9309523794417748
-0.650482834243639
-0.9309523794417748
-0.650482834243639
-0.6796518116601596
-0.9309523794417748
-0.650482834243639
-0.9309523794417748
-0.9309523794417748
-0.9309523794417748
-0.9305238086029071
-0.9309523794417748
-0.9309523794417748
-0.650482834243639
-0.9309523794417748
-0.6213138568271183
-0.650482834243639
-0.9305238086029071
-0.9305238086029071
-0.650482834243639
-0.9309523794417748
-0.3704418598843709
-0.650482834243639
-0.650482834243639
-0.650482834243639
-0.9313809502806425
-0.6213138568271183
-0.6213138568271183
-0.9309523794417748
-0.650482834243639
-0.9309523794417748
-0.650482834243639
-0.9313809502806425
-0.9309523794417748
-0.9309523794417748
-0.6213138568271183
-0.36958471820663535
-0.9309523794417748
-0.650482834243639
-0.6509114050825067
-0.6509114050825067
-0.9309523794417748
-0.650482834243639
-0.9309523794417748
-0.9309523794417748
-0.6796518116601596
-0.650482834243639
-0.9309523794417748
-0.9305238086029071
-0.6500542634047712
-0.3704418598843709
-0.650482834243639
-0.9309523794417748
-0.9309523794417748
-0.9313809502806425
-0.9305238086029071
-0.9313809502806425
-0.9305238086029071
-0.9305238086029071
-0.9313809502806425
-0.9313809502806425
-0.9309523794417748
-0.9305238086029071
-0.9309523794417748
-0.650482834243639
-0.9313809502806425
-0.9309523794417748
-0.9305238086029071
-0.9313809502806425
-0.9309523794417748
-0.650482834243639
-0.650482834243639
-0.9309523794417748
-0.6213138568271183
-0.9309523794417748
-0.9309523794417748
-0.9305238086029071
-0.9313809502806425
-0.6796518116601596
-0.9313809502806425
-0.9309523794417748
-0.9313809502806425
