-1.6891873169094065
-1.658417486452985
-1.6844519880104039
-1.750368271652444
-1.6425082880335433
-1.639290729251177
-1.6138063016820294
-1.6417914525838422
-1.6300311673842707
-1.641413629473654
-1.6473251315236106
-1.4632010160928979
-1.6352787644891391
-1.6676760036608125
-1.6723053144199367
-1.6142941591849942
-1.6837923443080218
-1.622173198767454
-1.7300593496784484
-1.5933608097148033
-1.584624530890288
-1.6053435475945306
-1.5735331393727594
-1.6518584455670784
-1.591187095830348
-1.680042497611892
-1.561628173912447
-1.7163564804262537
-1.6730435751739041
-1.6606431533459953
-1.7032150474645764
-1.6825712094694594
-1.636544014973827
-1.5996296690802747
-1.6506856902124802
-1.7330619775182263
-1.5727358249931322
-1.6098268508403408
-1.7187210987859973
-1.625450227563031
-1.6197183564608026
-1.6118626890161414
-1.6430514813204682
-1.6407356954381225
-1.5388462410402777
-1.6091828852229197
-1.6170018117116578
-1.5009148990805417
-1.6190170775011161
-1.5766617571191375
-1.6270816887855422
-1.607775631175087
-1.3682712867120008
-1.6557158342572371
-1.658581073881324
-1.6211381180016968
-1.5953545139227898
-1.7151613857815806
-1.5991016731030234
-1.6470191554572116
-1.6099411686379914
-1.6834832921152614
-1.6459122158704733
-1.5870009161558718
-1.6425397990527615
-1.6257453507825703
-1.6104835100866273
-1.5977220033650308
-1.5889937201191802
-1.603914419085165
-1.691794539760813
-1.6225023916586425
-1.60182956656565
-1.7424260820259148
-1.665631771707202
-1.6125484827168088
-1.6273324723455385
-1.7112116420899603
-1.6850726984921012
-1.6893594896864905
-1.6307878571004104
-1.6740133104250465
-1.6743486175965894
-1.58224697981595
-1.6188027335383552
-1.6181951665848617
-1.59233166648893
-1.6231048096207892
-1.6150453960075055
-1.6093541232138935
-1.5733531855546317
-1.5977431205325487
-1.5909691743287049
-1.5489472426856727
-1.5985568747898384
-1.719144759780608
-1.7127282470251035
-1.6411627091359897
-1.6235569410435136
-1.6362767823021735
-1.511197184681054
-1.6955596603123966
-1.6035037276084896
-1.5949858304005895
-1.640382464473339
-1.6963765569144649
-1.6301934197617165
-1.6248023051251625
-1.5996166975952097
-1.614909757863
-1.6279940951822112
-1.671142092400061
-1.6111464414667327
-1.628735434478473
-1.7050014505390985
-1.653229744938745
-1.5480117546142174
-1.6678986870750623
-1.6702832524298872
-1.694254092558496
-1.602914479034057
-1.6826819948398877
-1.6534650302213854
-1.623643616528516
-1.693403788302193
-1.3513592977374773
-1.682498595810747
-1.7261567011855798
-1.6513352988258774
-1.6728393591877753
-1.6675144840145888
-1.73409808943297
-1.605517240852256
-1.728986198208037
-1.711862913915371
-1.5819513925026858
-1.5934716196744791
-1.5379300841285106
-1.6592112449212348
-1.640408446718289
-1.6142005071260104
-1.6677732722469047
-1.5766403279074737
-1.3759107079472939
-1.643582117032071
-1.676377465813503
-1.6459985686735359
-1.5961309930034075
-1.7504592128182381
-1.6169917660982447
-1.6418539038728095
-1.6500334951477487
-1.6864476224216602
-1.629540602915666
-1.555414101642202
-1.7149601380677248
-1.6189157541556265
-1.5973805930419493
-1.6598053353774047
-1.6383599158639206
-1.4814311793176538
-1.709537366095047
-1.7100552741278219
-1.6108317411095274
-1.6582671067374222
-1.5735642703131867
-1.7114146511555468
-1.630120698033793
-1.7240268969088128
-1.6315110888061364
-1.6330708827907312
-1.6221547710340383
-1.607348117238342
-1.5943117216401341
-1.6018778198447021
-1.6051876826376177
-1.6715453071644752
-1.6761894146062442
-1.6166931525770003
-1.5636053036808404
-1.6948153709569385
-1.5707648650545616
-1.7128308966985355
-1.5914981619824966
-1.6378876931024449
-1.6458750154400181
-1.6879447828620509
-1.6411395909147883
-1.7524924696831323
-1.622560315806312
-1.6439144247860156
-1.5974068195953426
-1.625805727423922
-1.616037291408592
-1.7035160440643586
-1.6399014131037752
-1.6006998167059996
-1.5431165501438406
-1.6323497794309028
-1.647472205158925
-1.6157646295059411
-1.5416628481397097
-1.6538850396570146
-1.5688022370027048
-1.7433919658092822
-1.693494504710747
-1.60199991201697
-1.5310724573690626
-1.6085645777259445
-1.654754141752505
-1.7055781226459874
-1.6409446608099598
-1.7094106925926635
-1.584832510274516
-1.6038847671197418
-1.663343248581804
-1.608483566985062
-1.6582610717415955
-1.735809144876739
-1.6396663975443064
-1.6631176028617773
-1.6441264993012215
-1.6138933931362138
-1.613981869485546
-1.5872347460165956
-1.6424972567239249
-1.6672271951829873
-1.6359963066072136
-1.6240664161090765
-1.578446137892709
-1.740342417864117
-1.5950219068539389
-1.6281232121766516
-1.6566868721970966
-1.663482847550137
-1.663276202610902
-1.6525042629427253
-1.7158783387962537
-1.6622820824339233
-1.6171639347900753
-1.6589471453618443
-1.6952141656133888
-1.6705348138318583
-1.6955070873555482
-1.6580737311574576
-1.6743778055163987
-1.6020467330190336
-1.6537107095656773
-1.6930359570029834
-1.5154848708707815
-1.7433919658092822
-1.6743267545056046
-1.6397253847221591
-1.7497072645904574
-1.78249646306951
-1.5345793230786262
-1.6168039374751029
-1.708880650250779
-1.6649445703150396
-1.6043007494273138
-1.6972980632125954
-1.7072485419114816
-1.6164886621346428
-1.5783280498921632
-1.569704906069019
-1.7296656825613717
-1.6296491508304556
-1.6974375952600336
-1.6073555090086733
-1.6033852655274077
-1.7320289166358762
-1.6156547183517993
-1.6076177083191354
-1.7585569684269475
-1.6696743483851837
-1.6391922101239749
-1.6599412891598235
-1.7473584921742285
-1.4688419912927502
-1.6225235366444626
-1.7121849356966767
-1.6178895605674979
-1.5331730819656268
-1.691747593475483
-1.844851512404943
-1.7900859383794585
-1.6555428148156883
-1.7328179755826245
-1.6025524750712172
-1.7154442346697765
-1.6387838227999032
-1.7118486192369688
-1.614543479725247
-1.7413546427704003
-1.7217629243021928
-1.6550648073728
-1.633931584800468
-1.7586165277121875
-1.6450830837878152
-1.826801809157929
-1.5187953386512654
-1.6625105652125058
-1.6288372319993425
-1.6358809036673114
-1.7286444418614682
-1.5407339006328367
-1.7824681081953921
-1.6012185611462921
-1.776459121617867
-1.7550567072574934
-1.6438884188943408
-1.6560231482211747
-1.7878621978684726
-1.758727661370448
-1.7890711253666889
-1.666621537384739
-1.659609288154055
-1.791836475616712
-1.6819332961294708
-1.821816429502355
-1.7868840733082423
-1.4924771060031892
-1.6650565566442583
-1.635006837816457
-1.6256019450056907
-1.670290019401033
-1.6559041697545065
-1.5462183947716683
-1.6144232111429853
-1.7504488259278739
-1.6739449426747088
-1.608618937772461
-1.7117835692911088
-1.794292736110398
-1.818009262485946
-1.8279895200344172
-1.7762704826145659
-1.8261115474096505
-1.5661927553090347
-1.826801809157929
-1.7809028607273707
-1.7957695974212453
-1.6317733697933219
-1.631005032283628
-1.608291550107417
-1.7895377861151647
-1.6223760617550798
-1.7854424681732917
-1.791187785543939
-1.8003194446665247
-1.7013725608609258
-1.6524023302485589
-1.8196782499749589
-1.7640544863932965
-1.6666839860335831
-1.716204334780746
-1.7062029825419733
-1.7160322456842518
-1.801695498070984
-1.725461491355777
-1.7351107987326915
-1.821556556338769
-1.8016963744254977
-1.7575755105774769
-1.6054005741408799
-1.4009986626296977
-1.553792955161604
-1.604826961098427
-1.7702215714996044
-1.720001579256522
-1.7288616596399464
-1.5617321910698787
-1.8438896083576726
-1.8413693203976007
-1.7899492019577439
-1.6219920968205541
-1.6870941418244667
-1.6992738444918893
-1.605348969102925
-1.8249774634429088
-1.8051919165406585
-1.6730458478663726
-1.6342581111375578
-1.7705867191288776
-1.8428957823567986
-1.7984675127873908
-1.8308806184733295
-1.6385523137332967
-1.7501658636763897
-1.8416054416229823
-1.8416054416229823
-1.7999237460964612
-1.689062683111984
-1.6103965028834297
-1.5860039897588565
-1.6107450142423236
-1.8087783366267953
-1.7131071601396177
-1.7461430369264366
-1.7716937547984035
-1.8416054416229823
-1.7256083861277014
-1.6450961149613192
-1.6619098977461129
-1.8416054416229823
-1.694166006043576
-1.7795101693173312
-1.545207537549816
-1.549034551436489
-1.659159113374906
-1.829711689333193
-1.834544625202675
-1.8306544859267109
-1.7599765782898245
-1.7853812994607499
-1.803626051855905
-1.736479292762474
-1.8617530022182434
-1.7540620268678846
-1.8074717370362885
-1.7701843254705847
-1.6748734332327837
-1.829329308866096
-1.7358025924394562
-1.8416054416229823
-1.68148123375836
-1.6868120647961233
-1.7690904861221661
-1.7884580565382053
-1.668322311857357
-1.6753307541081133
-1.8394013649288852
-1.8325693870155715
-1.832638317715098
-1.7206380478353307
-1.461547840438639
-1.790445465375947
-1.8392213277088387
-1.798874187394322
-1.7108991107294789
-1.8416054416229823
-1.6739646906343926
-1.7786693675501881
-1.7776093160094217
-1.6324625979872467
-1.844851512404943
-1.5887555914938454
-1.786799019121907
-1.7072249001273
-1.5971174159464223
-1.8617530022182434
-1.7272663941892397
-1.818487286657258
-1.7579054248889072
-1.8583203259786976
-1.7667207457765115
-1.8583203259786976
-1.6941463506928112
-1.6349933648146506
-1.7731066430296556
-1.7472367597321994
-1.802128075398921
-1.7151468558073806
-1.795978922940819
-1.7077417840866747
-1.8617530022182434
-1.6950229909874284
-1.8014664558794358
-1.68305364470319
-1.747095564897848
-1.8583203259786976
-1.7272663941892397
-1.7111744603262204
-1.8030439000665115
-1.8583203259786976
-1.8496816770123772
-1.844851512404943
-1.709368607306764
-1.436340588905035
-1.6056574713347251
-1.7882225281308686
-1.6833197326718459
-1.7402443901618339
-1.8234480592406106
-1.8256017226652848
-1.8784975485294475
-1.7624924563996343
-1.6311510533445042
-1.900399732560046
-1.7507367573879145
-1.6833872712293387
-1.7699756326133866
-1.89903435500321
-1.8415246954704705
-1.7127581926200588
-1.8379179760091624
-1.7927984096635834
-1.8249224336040217
-1.9035922508335352
-1.8327650899792738
