-5.678445496506804
-4.155355748221929
-4.406003105734358
-4.335654812191051
-4.541096843837632
-4.251743932442282
-4.333831369258145
-5.334157431365827
-4.540171098563254
-4.346777827285037
-4.112612050076653
-4.082952743508965
-4.27068542849623
-4.350087138921063
-4.230518852631019
-4.364745500501239
-4.22274183654267
-4.7337275981549505
-4.2991567602013205
-4.406883264778809
-3.5275253230747423
-3.3483244631796296
-4.3429049744994765
-4.607762828564168
-4.019328056866928
-4.531641705110463
-4.291055262911176
-4.504370761491037
-4.119184322170798
-3.2169608673532166
-4.602007731754879
-5.28246787437256
-4.403193650372774
-4.339203802969526
-4.4704409872294315
-4.340422818391543
-4.461838990471775
-4.626529601995572
-4.377607647950931
-4.341006255609596
-4.270728015474473
-4.408179606208155
-4.346867261744455
-4.179961787991449
-4.528597235042479
-4.59135170597406
-3.3438524922089212
-4.34158300697678
-4.070810860324926
-4.395118904206947
-4.342263975411774
-3.4503503793224435
-4.3376170573289246
-5.083562213874091
-6.206025005047614
-4.350550199225178
-3.516699733980839
-5.542041800537212
-4.339246389947769
-4.336741904419266
-4.879998906467401
-4.082230902980662
-4.513801707912217
-5.294083992867969
-4.377895066916274
-3.498392748069609
-4.436040576321618
-5.301901783080507
-4.570616376766323
-4.281596589206741
-4.34244184094251
-4.197766268712242
-4.06955412582302
-4.330168827008717
-5.271068173952476
-4.3653423146492045
-4.860425980903435
-4.345477721296305
-4.601895301367558
-4.6295101163806756
-3.5738965352806615
-4.339246389947769
-4.100014237831654
-5.379205825409069
-4.337442144282819
-4.185988556109119
-4.341977993296908
-3.767989702278176
-4.5692884259775886
-4.81090974527095
-4.278808948297468
-3.9979829686185417
-4.429698534106948
-4.362184716858137
-4.579478976643107
-4.3590323555986785
-4.539087238871249
-4.403590066520886
-4.3289453529278585
-4.392983822081379
-3.3606840173608203
-5.6859626037640965
-4.336897984928096
-4.521175922499464
-4.538088152463037
-4.379974066442668
-4.386619248734681
-4.405741287338523
-3.28183222012218
-4.213489925516136
-4.007975392441292
-4.337549482707922
-3.304014135214958
-5.4043456842165085
-4.340875722566614
-4.384869024488942
-4.426279654778063
-4.3345726027830205
-4.299132651915855
-5.40835115428252
-4.441329995556117
-4.281386670162656
-4.04026358821259
-4.420886276445262
-4.406027735748273
-5.4313210025201455
-4.371534351789847
-4.115521890382647
-6.083855541879371
-4.591917870164023
-4.0636452967200825
-4.278280381195434
-4.346901475825364
-4.346188416592968
-4.283303622785292
-4.644464927052285
-4.083393892542844
-3.3397000149362492
-4.339335189269108
-3.9597684457158584
-4.49683834291276
-4.4644329893998815
-4.677333879399491
-4.388783804649148
-4.345477721296305
-4.358658069418233
-4.371771696465527
-4.55284213854144
-3.226994002911403
-4.746997492293546
-3.3884623055049996
-4.556095747611843
-4.423065599322344
-4.379075813338746
-4.341713175100931
-4.339246389947769
-4.081982698845849
-4.467951022838333
-4.343196644865403
-4.611597182821032
-4.339583478804364
-4.436796230251458
-4.422407589934504
-4.1949247764879996
-4.371510474477844
-4.337415928363254
-4.321384954981344
-4.339246389947769
-4.551044369174194
-4.3463095714358335
-4.037086061247845
-4.346867261744455
-4.601230653621069
-4.292967901973884
-4.983029486412768
-4.037648818863163
-4.100717530552854
-4.124318205410501
-3.9409978965725108
-4.072704994741262
-4.669977830425793
-4.397204561117118
-4.380914469615019
-4.358816481582781
-4.2123995849671205
-4.943670172572013
-4.489222835012001
-5.61293349735915
-4.04600272260899
-4.343153803337942
-4.434095655731081
-5.175404410457962
-4.300308461112866
-4.643825651814922
-4.436505082340108
-4.010824170661535
-4.1408920433785426
-3.3410261505377363
-4.264704515181598
-5.356201858944139
-5.263181918216086
-4.392874613650289
-3.1237003963521266
-4.725734650961216
-4.27977452035668
-3.1619222566330825
-4.570196178378938
-3.3179157236689796
-4.34299416909398
-4.067455343559084
-4.093412397264812
-4.3797962246546085
-4.318585508866618
-4.136545521120495
-4.602960235846676
-5.433800331678483
-4.401329620179378
-4.114400559163492
-4.339633966956155
-4.3161026741451245
-4.321098232473357
-4.278359899175463
-4.390342343160789
-4.615583006968766
-5.762767141245602
-4.291519602463897
-4.258925866604596
-4.280960546418661
-4.626552504306856
-4.2499221397705815
-4.423545232226217
-4.032956205386689
-4.4882093238949325
-4.40780735139931
-4.328364581343767
-4.32938930455753
-4.077075910921286
-4.348023828390385
-3.861826160619951
-4.691317874899681
-4.680649216303802
-4.204932772213843
-4.162382436034646
-3.375457966962464
-4.349834605950362
-4.060131132609313
-4.595769706816772
-4.11455465567676
-4.149013117690934
-4.220291121844193
-4.423159515455802
-4.3450198670959725
-4.233983590953815
-4.335838072295191
-3.4897361552877597
-4.395639524861282
-4.340789756820192
-4.340860181375849
-4.240159235826372
-4.601416868974253
-6.206025005047614
-4.192255976565623
-4.395040807199282
-5.538648160816067
-4.338009394789009
-4.392894326298402
-4.64238911421672
-3.336597758997595
-4.332713274940289
-5.33837471624425
-4.592078427242673
-4.119540327028418
-3.3456395909164147
-6.206025005047614
-4.314755882836142
-4.895528144785461
-4.300860800048055
-5.517316129384545
-4.3294609374086095
-6.192826222681697
-6.187607655057295
-4.343405372525435
-4.373807272422539
-5.336831349371827
-4.407234844091732
-6.206025005047614
-3.367362607432691
-4.8840339653343205
-6.150271051554702
-4.559165537689301
-5.026419943619032
-4.358172519401094
-6.346243146323771
-6.346243146323771
-4.655376997333883
-6.206734809131024
-4.5081863625221645
-4.611592664929247
-6.206734809131024
-5.623440638301791
-6.189507134786085
-6.21431864788461
-5.097228708888294
-6.3282362524829585
-6.203962693559154
-6.206734809131024
-6.21431864788461
-4.988997046698549
-5.331252126130505
-6.3282362524829585
-6.206025005047614
-4.3655782038973685
-5.410809506703129
-6.346243146323771
-5.403525175415611
-5.033818981026816
-6.409617971613369
-4.40780735139931
-6.250821735987843
-6.090274253634653
-6.21431864788461
-6.554419689608087
-6.158229848435992
-5.856698637987092
-4.17395360550576
-4.933689364223293
-5.599623672446656
-4.35929052424058
-4.436632222117222
-6.266731996256203
-5.57382587099044
-5.894685975219959
-5.741223587642454
-5.274714544836639
-6.2136088438012
-5.532473880622133
-4.100106945746787
-6.474194390210829
-6.474194390210829
-5.663982492572431
-6.474194390210829
-5.924251095895357
-5.9306861631538474
-6.517449191353812
-6.189507134786085
-6.608487748303606
-4.137414658043831
-6.269617939337746
-6.344395225856422
-6.523962017797816
-5.476749798862427
-4.3043476253835715
-6.1646456102212
-5.332870178512923
-6.173587937046122
-4.375334042293633
-6.558787254369737
-6.524029151450934
-5.786388470326221
-6.544671254229945
-6.52762347161096
-5.855119385427473
-3.346263861909937
-5.782205223003851
-7.146534746286844
-6.05863492081019
-7.142940426126818
-6.901704820472135
-4.284448197182034
-5.150800438629085
-6.35324311728306
-4.339246389947769
-5.021037365589014
-6.164712743874318
-5.404537260819511
-6.991686432989406
-5.050046822961951
-5.282153818871901
-6.215106923697263
-4.3552888120043685
-3.447743131709242
-6.132397578448719
-5.743864792374765
-6.991686432989406
-6.286801119039563
-5.660069513829841
-6.258633948344985
-6.925428670766479
-6.1659564868892565
-6.8574485634412135
-4.565397526875946
-7.15012906644687
-4.584939785640184
-4.579202190311997
-5.32807950124773
-7.1117766433680405
-7.1346610691548475
-7.143095638911693
-7.15012906644687
-5.385820367230809
-5.396617972795116
-7.113196251534861
-5.731209853751375
-4.439532544467777
-5.775795064576609
-7.137056653325529
-6.199781159073895
-4.8481236010013715
-5.281903320273574
-7.142940426126818
-7.1183027460072585
-4.501307931207638
-6.199781159073895
-4.74246846451788
-7.1183027460072585
-7.149973853661995
-6.918697301452481
-7.149973853661995
-7.149973853661995
-6.989814394117735
-6.706497307239319
-5.421587816319703
-7.142940426126818
-6.842771232347872
-7.143095638911693
-7.132418746147051
-5.268144797555982
-7.15012906644687
-7.142940426126818
-4.598240229818609
-4.91362544327607
-6.214606963297098
-7.149973853661995
-7.143095638911693
-6.07601553908417
-6.1945816949062
-7.143095638911693
-4.563593281210996
-4.959278729703651
-7.15012906644687
-7.143095638911693
-7.160960931591475
-7.143095638911693
-4.702264742014077
-6.882554878528244
-6.373101056862957
-7.110928973396103
-4.56276059948724
-5.137811407144688
-7.160960931591475
-7.113196251534861
-7.134661069154847
-7.134661069154847
-4.234836016246503
-4.468015967834869
-4.621158328438284
-7.088892217581233
-6.229312193236743
-6.6722777742840975
-7.152276780091942
-4.353722898716445
-7.152401570963286
-7.0514790761213995
-6.947004919752771
-7.138100176529997
-7.344577679265875
-5.789572264727153
-4.325603443968107
-6.525448759617754
-7.351766319585927
-7.134661069154848
-7.30648944419084
-6.729145605845185
-6.97453421034113
-7.078163242115041
-6.386790901479269
-6.257652645936258
-7.16063379830179
-7.073990932106435
-7.104964024196356
-7.172855435759303
-5.875041840992533
-7.132418746147051
-6.189636227400756
-7.140650973485556
-7.172855435759303
-6.751445024720415
-7.032889971382754
-6.700559728997165
-7.297213629833884
-7.30648944419084
-7.301851537012362
-6.940773588404236
-7.132418746147051
-7.0919820565348
-7.274396815061667
-7.30648944419084
-7.4774765746267216
-4.335675483165804
-6.734131070789827
