-0.68644405653287
-0.6443053549943997
-0.6440632221505602
-0.35633996856432615
-0.6443053549943997
-0.6016823877682506
-0.6231149378032449
-0.6443053549943997
-0.9320286085806337
-0.6445474878382391
-0.6443053549943997
-0.9317864757367943
-0.9320286085806337
-0.6654957721855544
-0.6443053549943997
-0.6440632221505602
-0.9320286085806337
-0.3565821014081656
-0.6654957721855546
-0.6445474878382391
-0.6654957721855546
-0.6443053549943997
-0.6443053549943997
-0.6654957721855546
-0.6440632221505602
-0.6443053549943997
-0.3565821014081656
-0.6654957721855544
-0.6443053549943997
-0.3565821014081656
-0.6443053549943997
-0.6443053549943997
-0.6443053549943997
-0.9320286085806337
-0.9320286085806337
-0.6443053549943997
-0.6445474878382391
-0.6443053549943997
-0.6443053549943997
-0.6443053549943997
-0.35633996856432615
-0.6443053549943997
-0.6440632221505602
-0.6231149378032449
-0.6443053549943997
-0.6443053549943997
-0.9320286085806337
-0.6654957721855546
-0.6443053549943997
-0.644547487838239
-0.9320286085806337
-0.6445474878382391
-0.6231149378032449
-0.6443053549943997
-0.6443053549943997
-0.6654957721855544
-0.6443053549943997
-0.6654957721855544
-0.6231149378032449
-0.9320286085806337
-0.6443053549943997
-0.9320286085806337
-0.3565821014081656
-0.6443053549943997
-0.6443053549943997
-0.6231149378032448
-0.6231149378032449
-0.6443053549943997
-0.6443053549943997
-0.6231149378032449
-0.6443053549943997
-0.6654957721855546
-0.9317864757367943
-0.6231149378032449
-0.6443053549943997
-0.6443053549943997
-0.6443053549943997
-0.68644405653287
-0.9320286085806337
-0.6443053549943997
-0.9322707414244732
-0.6443053549943997
-0.6445474878382391
-0.6443053549943997
-0.6654957721855544
-0.6440632221505602
-0.6654957721855544
-0.6443053549943997
-0.6654957721855544
-0.3565821014081656
-0.6443053549943997
-0.6231149378032448
-0.6443053549943997
-0.6654957721855544
-0.6016823877682506
-0.9320286085806337
-0.6443053549943997
-0.6443053549943997
-0.6231149378032448
-0.6654957721855544
-0.6443053549943997
-0.68644405653287
-0.6443053549943997
-0.3565821014081656
-0.6231149378032448
-0.6443053549943997
-0.6231149378032448
-0.6443053549943997
-0.6443053549943997
-0.6654957721855544
-0.6231149378032449
-0.9320286085806337
-0.35682423425200505
-0.6654957721855544
-0.6654957721855546
-0.6654957721855546
-0.6443053549943997
-0.6443053549943997
-0.6443053549943997
-0.6443053549943997
-0.6654957721855546
-0.9322707414244732
-0.6445474878382391
-0.6443053549943997
-0.6231149378032448
-0.6654957721855546
-0.6443053549943997
-0.6445474878382391
-0.9320286085806337
-0.6231149378032449
-0.6654957721855544
-0.3565821014081656
-0.6443053549943997
-0.6231149378032448
-0.6231149378032449
-0.6654957721855544
-0.6443053549943997
-0.68644405653287
-0.6440632221505602
-0.6443053549943997
-0.6443053549943997
-0.6443053549943997
-0.6231149378032449
-0.6443053549943997
-0.35633996856432615
-0.6443053549943997
-0.6231149378032448
-0.6231149378032449
-0.35633996856432615
-0.6231149378032448
-0.6443053549943997
-0.6231149378032448
-0.6443053549943997
-0.6443053549943997
-0.6443053549943997
-0.9320286085806337
-0.3565821014081656
-0.6654957721855546
-0.6443053549943997
-0.3565821014081656
-0.6654957721855544
-0.6231149378032449
-0.6443053549943997
-0.6443053549943997
-0.6443053549943997
-0.6443053549943997
-0.9320286085806337
-0.6443053549943997
-0.6654957721855546
-0.6231149378032449
-0.9320286085806337
-0.6443053549943997
-0.6443053549943997
-0.6443053549943997
-0.6443053549943997
-0.6443053549943997
-0.6231149378032448
-0.6443053549943997
-0.6443053549943997
-0.6654957721855546
-0.6443053549943997
-0.6654957721855544
-0.9317864757367943
-0.6231149378032448
-0.6016823877682506
-0.6654957721855546
-0.6443053549943997
-0.6443053549943997
-0.6654957721855546
-0.6443053549943997
-0.6443053549943997
-0.6231149378032449
-0.6654957721855546
-0.6443053549943997
-0.35633996856432615
-0.6443053549943997
-0.6443053549943997
-0.35682423425200505
-0.644547487838239
-0.6443053549943997
-0.68644405653287
-0.6654957721855544
-0.3565821014081656
-0.6654957721855544
-0.6443053549943997
-0.6231149378032448
-0.6443053549943997
-0.6443053549943997
-0.9320286085806337
-0.6016823877682506
-0.6445474878382391
-0.6443053549943997
-0.6443053549943997
-0.6654957721855544
-0.6443053549943997
-0.6654957721855546
-0.35633996856432615
-0.6231149378032449
-0.6443053549943997
-0.6231149378032449
-0.35682423425200505
-0.6654957721855546
-0.6440632221505602
-0.6231149378032448
-0.6445474878382391
-0.6654957721855546
-0.9317864757367943
-0.6654957721855546
-0.6443053549943997
-0.35633996856432615
-0.3565821014081656
-0.35682423425200505
-0.6445474878382391
-0.3565821014081656
-0.6016823877682506
-0.6443053549943997
-0.6443053549943997
-0.6231149378032448
-0.6654957721855546
-0.6231149378032448
-0.6445474878382391
-0.6231149378032449
-0.6443053549943997
-0.6443053549943997
-0.6445474878382391
-0.6016823877682506
-0.6016823877682506
-0.6443053549943997
-0.644547487838239
-0.6443053549943997
-0.35682423425200505
-0.35633996856432615
-0.6231149378032448
-0.68644405653287
-0.3565821014081656
-0.3565821014081656
-0.6443053549943997
-0.6443053549943997
-0.6443053549943997
-0.9317864757367943
-0.6231149378032448
-0.9320286085806337
-0.6443053549943997
-0.6443053549943997
-0.3565821014081656
-0.3565821014081656
-0.35633996856432615
-0.6443053549943997
-0.6231149378032449
-0.3565821014081656
-0.6443053549943997
-0.3565821014081656
-0.6443053549943997
-0.6443053549943997
-0.6231149378032448
-0.68644405653287
-0.6443053549943997
-0.9320286085806337
-0.6445474878382391
-0.6654957721855546
-0.68644405653287
-0.3565821014081656
-0.6654957721855546
-0.6443053549943997
-0.6654957721855544
-0.6231149378032448
-0.6443053549943997
-0.3565821014081656
-0.6654957721855546
-0.6443053549943997
-0.6443053549943997
-0.6654957721855546
-0.6445474878382391
-0.6654957721855544
-0.9322707414244732
-0.3565821014081656
-0.6440632221505602
-0.6016823877682506
-0.6443053549943997
-0.6443053549943997
-0.9320286085806337
-0.6654957721855546
-0.6231149378032448
-0.3565821014081656
-0.9320286085806337
-0.6445474878382391
-0.6654957721855544
-0.6654957721855546
-0.6231149378032448
-0.6231149378032448
-0.6231149378032449
-0.6654957721855544
-0.6443053549943997
-0.6231149378032449
-0.3565821014081656
-0.6443053549943997
-0.6443053549943997
-0.3565821014081656
-0.6443053549943997
-0.6443053549943997
-0.6654957721855544
-0.9317864757367943
-0.3565821014081656
-0.6443053549943997
-0.68644405653287
-0.9317864757367943
-0.6443053549943997
-0.6231149378032449
-0.9320286085806337
-0.6654957721855544
-0.3565821014081656
-0.6231149378032448
-0.6443053549943997
-0.6443053549943997
-0.6443053549943997
-0.35682423425200505
-0.6231149378032448
-0.9320286085806337
-0.6440632221505602
-0.6443053549943997
-0.6654957721855546
-0.9320286085806337
-0.6654957721855546
-0.9320286085806337
-0.6231149378032449
-0.6231149378032448
-0.9320286085806337
-0.6654957721855544
-0.6443053549943997
-0.6443053549943997
-0.6231149378032449
-0.6443053549943997
-0.9320286085806337
-0.644547487838239
-0.6443053549943997
-0.6445474878382391
-0.9317864757367943
-0.9320286085806337
-0.6654957721855544
-0.6443053549943997
-0.6231149378032448
-0.6443053549943997
-0.6654957721855544
-0.6443053549943997
-0.6443053549943997
-0.6443053549943997
-0.6654957721855546
-0.9320286085806337
-0.6231149378032449
-0.6654957721855544
-0.6231149378032448
-0.6443053549943997
-0.6440632221505602
-0.6445474878382391
-0.6445474878382391
-0.6654957721855546
-0.6654957721855544
-0.9317864757367943
-0.9322707414244732
-0.6654957721855544
-0.6231149378032448
-0.6231149378032449
-0.9317864757367943
-0.6443053549943997
-0.6654957721855544
-0.6231149378032449
-0.9317864757367943
-0.6443053549943997
-0.6231149378032448
-0.9320286085806337
-0.9320286085806337
-0.9320286085806337
-0.6654957721855544
-0.6443053549943997
-0.6440632221505602
-0.9317864757367943
-0.3565821014081656
-0.9320286085806337
-0.6231149378032449
-0.9320286085806337
-0.6231149378032448
-0.6443053549943997
-0.9320286085806337
-0.6443053549943997
-0.6443053549943997
-0.9317864757367943
-0.6443053549943997
-0.6443053549943997
-0.6443053549943997
-0.6443053549943997
-0.6443053549943997
-0.9317864757367943
-0.3565821014081656
-0.6654957721855546
-0.9320286085806337
-0.6443053549943997
-0.6443053549943997
-0.6654957721855544
-0.9320286085806337
-0.9320286085806337
-0.9320286085806337
-0.6443053549943997
-0.6443053549943997
-0.6231149378032448
-0.6654957721855544
-0.6443053549943997
-0.9320286085806337
-0.9320286085806337
-0.6443053549943997
-0.3565821014081656
-0.3565821014081656
-0.9317864757367943
-0.9322707414244732
-0.9320286085806337
-0.6443053549943997
-0.644547487838239
-0.3565821014081656
-0.6231149378032449
-0.9322707414244732
-0.6443053549943997
-0.3565821014081656
-0.9322707414244732
-0.6443053549943997
-0.6443053549943997
-0.6443053549943997
-0.9320286085806337
-0.6654957721855544
-0.6443053549943997
-0.3565821014081656
-0.9320286085806337
-0.9320286085806337
-0.9320286085806337
-0.9317864757367943
-0.6443053549943997
-0.6443053549943997
-0.9320286085806337
-0.6443053549943997
-0.6654957721855546
-0.6443053549943997
-0.9322707414244732
-0.6443053549943997
-0.6443053549943997
-0.9320286085806337
-0.6443053549943997
-0.6443053549943997
-0.9317864757367943
-0.6231149378032449
-0.6443053549943997
-0.9317864757367943
-0.9322707414244732
-0.9320286085806337
-0.9320286085806337
-0.6654957721855544
-0.6231149378032448
-0.6443053549943997
-0.9320286085806337
-0.9317864757367943
-0.6443053549943997
-0.6443053549943997
-0.6443053549943997
-0.6016823877682506
-0.9320286085806337
-0.9320286085806337
-0.9320286085806337
-0.9322707414244732
-0.6443053549943997
-0.9322707414244732
-0.6443053549943997
-0.6016823877682506
-0.9317864757367943
-0.9320286085806337
-0.6443053549943997
-0.9322707414244732
-0.9320286085806337
-0.9320286085806337
-0.644547487838239
-0.9320286085806337
-0.9317864757367943
-0.9320286085806337
-0.35682423425200505
