-5.687804421704266
-4.358428495023093
-4.320479488263731
-4.375870067207212
-4.53814396747198
-4.330562265240739
-4.109059081589979
-4.134691261945103
-5.389387743169179
-4.739090390571834
-4.202538688110477
-4.409084936267331
-4.651256815799164
-4.325261200694817
-4.293087652545429
-3.179764724981613
-4.0919739961645325
-4.396522213559413
-4.310103379736203
-4.1840491108607765
-5.154909575570041
-4.24759599312171
-4.663732530670083
-4.36058496509401
-4.298946821382483
-4.681371175232466
-3.278496266649381
-5.349537762380676
-4.6482817666712375
-4.3165472184882345
-3.2824103792852433
-5.374869505803477
-5.5191306674415
-3.9102993005127455
-4.045345807213336
-4.115647078804056
-4.754776505947395
-3.2837391469447748
-4.903095384192519
-4.333711126573561
-4.772383270960973
-4.579602751122136
-4.463120289169961
-4.016154824463726
-4.109067422003253
-4.380688622095646
-4.426477253912827
-4.390633922928202
-4.395493282685868
-4.363589845682809
-4.3750942668460295
-4.10644415218227
-4.200937924135192
-4.169933176514043
-4.2869871213439055
-4.360437691750526
-4.460110700692311
-4.466615807978707
-4.340593645026429
-4.445395189354286
-6.404545477686934
-4.326499180120565
-4.314037202863972
-4.161676785874829
-3.181813140197451
-3.1896025365676373
-4.0174430242757335
-4.320558808265978
-3.3578440053416085
-4.357483122103595
-3.5691353727958934
-4.57792090340196
-4.353438542633403
-4.309434229320007
-4.446065055099128
-4.271413378535414
-4.0081955993410165
-5.4574813473445305
-5.334608736425767
-4.397704688645626
-4.293544094096467
-3.840711215141488
-5.330583207043672
-4.336346607230047
-3.410449565094181
-5.121513472503815
-4.216868481328638
-4.708205803669993
-4.114214042284366
-4.287881459704803
-4.3232783842957865
-4.270321052607674
-4.225910744904453
-4.405773612278081
-4.283790977430648
-4.293241575236611
-4.417732703146475
-4.3935054951173145
-4.474532320949219
-3.4613327775784284
-4.633624687830619
-3.2203327985630894
-3.412420257920335
-4.365781954555128
-4.19667459441911
-4.7323667880249145
-4.352514981929536
-4.169465879843518
-5.336793095152987
-4.460754468127836
-4.113725528030654
-4.223765005260946
-5.269859713171482
-4.477588963482022
-4.36403636051494
-4.402206705118444
-4.3553612506983015
-4.233787389517245
-3.356905377554514
-4.4464106802624865
-5.441518954259691
-5.691406778312483
-3.230325886217675
-4.105370639274208
-4.788147909238081
-4.377102692560994
-4.350507822759302
-4.408279497832733
-4.362585837774752
-4.1561663517530745
-3.2521964748583834
-4.40946004426452
-4.215053643579894
-3.554181580913417
-4.6300483074515615
-3.2601389052491467
-4.280703920831079
-4.33383072398016
-4.351182824666277
-3.791197144102022
-4.242837609640688
-4.424917953049558
-4.604391593890236
-4.5969661331372444
-4.370630897287155
-4.141093609123271
-4.0455004134368435
-4.489947368406976
-4.389810564869755
-4.164583984323233
-4.0938261398362386
-4.016154824463726
-4.546252571208602
-4.264914247500215
-4.357877492910982
-4.360430638799818
-4.217812242221286
-4.338954668221582
-4.426129070819892
-3.9051100155208225
-4.159955658752987
-3.528465657451653
-4.316560361884809
-4.06582488597598
-3.8446006663304706
-4.569931705550937
-4.476857162077371
-4.548401364353943
-5.420365379819297
-5.4152718635373
-4.410158377332367
-3.1679954537570634
-4.352453923082161
-4.092779482989466
-4.411134837825722
-4.25304651869827
-5.39506187401641
-4.335755606072284
-3.452381701673808
-4.319065074288143
-4.430641391149901
-4.3462874697338645
-4.652213105376184
-5.369825024781819
-4.726982503277995
-3.434269330402935
-4.348958626187269
-4.414741329004598
-4.595242012847627
-4.284269574716076
-4.094128271651698
-4.3616114316843095
-4.2833693389413074
-3.4537968991936863
-3.5279690863520234
-4.4267536063836275
-4.465039214064262
-4.24432606050632
-4.377305623734075
-4.616543813671559
-4.186407312663101
-4.48394544940784
-4.120112141819626
-4.332946891960363
-4.665470705751806
-4.444571111690815
-5.8482493650767315
-3.35357140581006
-3.376643463907108
-4.013419731828072
-4.250001277744433
-4.413304472787478
-4.5379029299701905
-4.356840688769935
-5.461074720771647
-4.209688882569121
-4.356130025505534
-4.426047141946154
-4.579583824572714
-4.355977419844149
-4.334411296003377
-4.345462788316896
-4.454076531407676
-4.162515785904656
-4.297700763550104
-4.3553872784721
-4.311205294466582
-5.123186093204493
-5.72518044864764
-3.3510715692505606
-4.516534291035251
-4.203756083184607
-4.292821262275461
-4.475736189507888
-4.172738271611104
-4.372942017777551
-4.34389618570608
-4.362444481297224
-5.425185441913563
-5.515806491177349
-3.3539608865501123
-4.223403284818305
-4.424299274229139
-4.413847364490997
-4.117460221484329
-4.268280894204812
-4.0901272260339985
-4.506865188021347
-4.209145829453176
-3.715129151714857
-4.554845840089971
-3.8221907115239526
-4.470081549998249
-3.3474312371146158
-5.674638383247395
-4.360621058151671
-5.3841600499658
-5.718138616364026
-4.125658175730619
-5.552332103904249
-4.291084099429094
-6.3028782259739895
-4.661092454117048
-5.589061761051198
-4.383206562917967
-5.689800528563911
-5.4479494224857286
-4.999342083355534
-5.003044439364798
-5.687721306154481
-4.426832909952771
-4.401396871488718
-4.341782716403913
-6.424993689732615
-4.234308689556118
-4.377983164839889
-5.966225245461262
-3.354281235238701
-5.4580182352376
-5.799494879312285
-3.3784835121012717
-6.420188056816674
-3.3084819232968057
-4.460616858393539
-5.8006482465749425
-4.4402155732578725
-6.416307632842601
-3.2255282418423636
-4.245236770393053
-3.4902572355551955
-5.755407777025292
-5.079241562142873
-4.126890904302456
-6.391132818400733
-6.424068480790746
-4.3447299106339425
-3.3066352512371204
-6.420188056816674
-4.806431303940506
-4.355977419844149
-5.338922786315254
-4.299905463311285
-5.598386764791311
-6.420188056816674
-5.36387767108839
-6.313638772916594
-6.39300608320457
-5.305401499499916
-6.153985778879351
-6.420188056816674
-6.656606616202387
-4.112724088807444
-6.656606616202387
-6.656606616202387
-4.401235345533775
-6.2853584504387126
-6.656606616202387
-5.943787383807365
-6.656606616202387
-5.29966536668411
-6.3511607590806225
-5.903377824680496
-6.158594682989091
-4.095187379576128
-6.656606616202387
-5.631684231189073
-4.499972167819039
-6.673504311779611
-6.802899274369063
-5.748636318725208
-6.802899274369063
-6.802899274369063
-4.355673899289934
-5.279543995748058
-6.342970009915685
-6.416049497384351
-6.802899274369063
-6.802899274369063
-4.139271597941752
-6.802899274369063
-4.415972937080842
-6.802899274369063
-6.673504311779611
-4.681106280480344
-5.7966436296731025
-6.802899274369063
-4.595252689674257
-5.913474866639613
-6.802899274369063
-5.279543995748058
-6.359224211405323
-6.802899274369063
-5.9046015616154275
-6.510313958035711
-6.533243950646963
-6.802899274369063
-6.802899274369063
-5.981568004240909
-6.802899274369063
-6.802899274369063
-6.620599384795536
-6.802899274369063
-6.802899274369063
-6.802899274369063
-6.802899274369063
-6.438728810223408
-6.531467976312939
-6.98519916394259
-6.98519916394259
-5.929004958556662
-5.601581833380765
-4.585054266887076
-6.497880362170337
-6.681836128587476
-5.929004958556662
-6.98519916394259
-6.98519916394259
-4.986958679414705
-6.591408683709119
-6.98519916394259
-5.98328701310708
-6.98519916394259
-6.98519916394259
-6.142386412547232
-4.084768493462716
-6.98519916394259
-6.214657908679646
-4.201815259352614
-6.047176423221369
-6.838906505775914
-6.838906505775914
-6.98519916394259
-4.352762827405546
-6.98519916394259
-6.191361141553855
-6.98519916394259
-6.599928536311118
-5.677137952446534
-4.405671097635773
-6.98519916394259
-6.857207019102364
-6.4884806702785705
-6.98519916394259
-6.047176423221369
-7.366891224180284
-5.32425823399055
-7.366891224180284
-4.608931091281667
-6.484243088524835
-7.366891224180284
-7.366891224180284
-5.535062065042101
-4.380120227387545
-7.416153175980911
-6.71895460996201
-4.346321920315577
-4.009045575690869
-4.098448508538928
-7.366891224180284
-6.779073468673337
-4.409807515974213
-5.412598034692628
-7.366891224180284
-4.417515311147752
-6.681374892961324
-5.840751824405886
-7.416153175980911
-7.393341662737137
-6.439364139230683
-6.23129240788912
-6.6495904380051805
-7.39390387888567
-5.344073277755668
-5.28931024952928
-6.838906505775914
-7.366891224180284
-6.947257376410882
-4.4246952111828
-7.416153175980911
-4.36763911918067
-7.416153175980911
-5.046431639797328
-6.096207493673258
-4.378602633108903
-6.811102173404184
-7.183999849896139
-7.419863426302682
-6.951377789479907
-7.416153175980911
-6.2845912307815315
-4.431291064363487
-7.41244292565914
-7.208470509502366
-7.190018132498457
-7.438964689224686
-6.438385329401471
-6.7068651014827605
-7.416153175980911
-7.416153175980911
-4.366145851660981
-6.838906505775914
-6.838906505775914
-7.438964689224686
-5.851648311347393
-6.2845912307815315
-6.861718019019689
-4.491952061397518
-7.416153175980911
-5.047060606073015
-5.727064646367525
-5.355474542195242
-6.447159973275347
-6.878351711159119
-4.368374032095953
-6.284471348814692
-4.350468253705303
-6.460865211073547
-7.193079824925418
-6.878351711159119
-7.393341662737137
-5.482765732922409
-6.861718019019689
-7.416153175980911
-7.266548737894622
-6.270326201230982
-7.419863426302682
-6.213541218474607
-7.5657576140672
-5.8830277000294515
-7.393341662737137
-7.438964689224686
-7.266548737894622
-7.0941327865645585
-6.78829066016041
-6.672401951248956
-4.719146150159635
-6.500479734360506
-6.231606891026963
-7.408447800947112
-7.123566253514262
