-1.7007389034832083
-1.7020173080946215
-1.682788778743666
-1.662473027914578
-1.6662544239236003
-1.6045057365706015
-1.6839063209714524
-1.6293474041935918
-1.6736218860230383
-1.5812111136001823
-1.6273131109942205
-1.7096944012496484
-1.6918597170806742
-1.6599521646043223
-1.7253303175660395
-1.669812343568064
-1.6552815941635333
-1.6689991007676215
-1.626176298029162
-1.6609788204829836
-1.5898565838771335
-1.5802106874298645
-1.5449862746755263
-1.3897496588317757
-1.6226743864824966
-1.6876132840647962
-1.6351864711271815
-1.6614906337814124
-1.522159831714129
-1.6559472150939647
-1.6257652205025221
-1.6213332430153724
-1.5607717553160663
-1.609230699272255
-1.6536651042023092
-1.6066880669116899
-1.6698644015804318
-1.5260446200304025
-1.677563858325024
-1.6359323982905698
-1.6478214983795108
-1.5924944724610923
-1.6888729528975441
-1.615003065770793
-1.602191103226936
-1.569193864865867
-1.6054968686363857
-1.5250106051409018
-1.5815699461564792
-1.6891921060591528
-1.5353935556827278
-1.627679932586091
-1.6029384705810734
-1.5953279879190885
-1.593927721302803
-1.6408967773836425
-1.5638291576772045
-1.6819159684733593
-1.6812156055909313
-1.6395189485764392
-1.685579329310321
-1.613654199893363
-1.6276234627073038
-1.6387725340336707
-1.518460647131442
-1.618409353096764
-1.4929949948599026
-1.6540559596468274
-1.7050921377360104
-1.709371500366146
-1.6789294250954754
-1.7236889583604387
-1.6417913431138096
-1.703898825953686
-1.6383386367579382
-1.6076879758269313
-1.5648872245163683
-1.643803458509728
-1.621687969521592
-1.6605315179799556
-1.635280830952354
-1.6335076842612282
-1.6406118923307529
-1.4744966790310112
-1.5749751634168727
-1.5150764569597197
-1.7119744013179112
-1.7108593083547556
-1.6637784805442377
-1.6099172751861819
-1.6170144472934656
-1.3766545153160845
-1.6117026303573865
-1.6499952220962453
-1.6308224020522104
-1.6007551368799593
-1.675659052683283
-1.6516331652483276
-1.6949587148362624
-1.6231409311344045
-1.611245900214807
-1.6481506128748595
-1.6363604138717116
-1.6109067256478569
-1.6600748449904792
-1.6714473432658357
-1.6219570962305094
-1.6240285601172066
-1.571840190589475
-1.6597202875229309
-1.672886876612497
-1.5690784992658957
-1.7078923027006403
-1.5961879144968845
-1.651512373009586
-1.6835368678191607
-1.7028757519696975
-1.6861842521776247
-1.6354917621320622
-1.5967907774017838
-1.6003919698160445
-1.6520674282031762
-1.7424405185522573
-1.608789677868945
-1.586747939133358
-1.6849136934990308
-1.657198027335137
-1.6090018374755541
-1.6089393427822458
-1.6474044391401563
-1.6404690146395424
-1.695912023497724
-1.6689108082600126
-1.7275499361697573
-1.6359668749452234
-1.6542685966057822
-1.6008335146872645
-1.6161224495315258
-1.587205916847047
-1.5991190119973548
-1.6167737576360504
-1.707004803596769
-1.615629771219073
-1.6767922865621858
-1.6226518791148363
-1.6336482499604381
-1.6778444719573973
-1.647974779600837
-1.633484525775282
-1.63999542696446
-1.5559424518805054
-1.6767235385937378
-1.6775504675152533
-1.651620927650614
-1.6902942126864964
-1.6119293153114926
-1.57889011899527
-1.6875746243263163
-1.6111306562826524
-1.6506713116862723
-1.5833537883746807
-1.6107007695855233
-1.626967162680715
-1.7106844645113137
-1.623274626301442
-1.5849883245015743
-1.597522004796478
-1.6548173165409494
-1.665515602793583
-1.6070728502747549
-1.6718904169639712
-1.6284795188475625
-1.6568429800929976
-1.6455437797831463
-1.6248165519139053
-1.6887064140866888
-1.5546706179379033
-1.6775782398877126
-1.6105214997640431
-1.6329124004042108
-1.6356291821753093
-1.5735272744885658
-1.6395152050395105
-1.6076754238632351
-1.334971501406198
-1.6475112584226486
-1.6437879018348045
-1.6964245699127627
-1.628171319628515
-1.618102957595755
-1.6161870453300726
-1.6662600222035335
-1.6694285798588575
-1.5696043079853308
-1.7407859989434302
-1.6804762817886902
-1.40167265030179
-1.6535834447015616
-1.689903790936549
-1.6455161993315577
-1.5779989948089665
-1.601009234242026
-1.623641708944293
-1.771913416363371
-1.5528048717627319
-1.6546656376049718
-1.6699218667313047
-1.613140986474011
-1.7222944104055857
-1.5533503556866635
-1.5967421905305947
-1.6586193580369197
-1.6492439171849318
-1.6498917674667815
-1.6163629583512278
-1.5706548120522206
-1.575122067560804
-1.5774528736153959
-1.771031298549894
-1.706892376077145
-1.574407485396291
-1.5473676281276132
-1.6841271037785548
-1.6441104172070302
-1.6848234507164577
-1.6626688118413377
-1.6336778251013633
-1.6242111717873458
-1.650690960949011
-1.6665948842391276
-1.6215096291268418
-1.6303010528654243
-1.5799688836972274
-1.6200633831294446
-1.6266086073350021
-1.618497074100075
-1.6911265747471098
-1.57203338849758
-1.5979331534589176
-1.4914069221863504
-1.6800050638875472
-1.6944789246969945
-1.6122650830135212
-1.5857368554213647
-1.6669239676420755
-1.5920107908766268
-1.621701148358288
-1.6506772467375554
-1.6409371433975584
-1.522824594844042
-1.771031298549894
-1.626988626386238
-1.6815695633866656
-1.8318913837415989
-1.680488149481389
-1.784786846241139
-1.6826999311129769
-1.6321659424951995
-1.7215118422349316
-1.6334474438204283
-1.5306053988310422
-1.5892866287827567
-1.6065012518085962
-1.63827269287539
-1.5306445867261642
-1.8213604276692907
-1.5428569996168362
-1.6976408018045392
-1.6810306582376464
-1.6009536431279014
-1.7568460354308846
-1.6323465857534867
-1.622704850740849
-1.805751835741741
-1.7531963210155137
-1.6434019752592772
-1.6317002590306247
-1.6990573454267033
-1.6533857378191334
-1.7842263467053276
-1.6086735105244114
-1.7937773685434286
-1.7467595884205374
-1.5315573012101524
-1.5678360929685746
-1.8765039886741985
-1.8187878797213262
-1.6468771847666188
-1.5946558413440288
-1.6908776992417152
-1.559290984484863
-1.6345450085472981
-1.6767402642444678
-1.791375420040185
-1.6609285965891147
-1.605812769179252
-1.7688665675794488
-1.8046764194469374
-1.7296732827811248
-1.771275601847454
-1.7593664093706962
-1.8765039886741985
-1.5867843111299846
-1.8765039886741985
-1.771157574739239
-1.5434498903042666
-1.7907921535772262
-1.7050613395058725
-1.5780043058518693
-1.715023957041335
-1.7146290602041552
-1.872208462624539
-1.7773977176236861
-1.7794941097128703
-1.7456382302639426
-1.6838463068605534
-1.9310171040506945
-1.6272011557812818
-1.7946615366333487
-1.7157422618611946
-1.6908549719149808
-1.8545039448840035
-1.8219908732977028
-1.8880460321594041
-1.7705501641382093
-1.789642964945303
-1.7280871783018794
-1.7265025804030578
-1.6754596797144006
-1.9425591475358999
-1.7364468282668568
-1.8180076907901634
-1.6732468552205304
-1.7747872043335926
-1.8842544428684724
-1.6770986054251193
-1.5885123841659512
-1.720079429487665
-1.7366197707733966
-1.7097385734243729
-1.8880460321594041
-1.9425591475358999
-1.7810066342408466
-1.9056098003144184
-1.7953656644606106
-1.694141945636892
-1.8667131524186988
-1.7078729903851777
-1.7600351732736312
-1.9122677560333883
-1.8181673358183155
-1.8912445250942733
-1.9272127446976348
-1.6817416979930804
-1.939088932848061
-1.718051584557855
-1.9670758740644714
-1.7555730063468329
-1.9394864706179185
-1.8361308910791734
-1.5808505766295147
-1.8405901859437614
-1.8649872905416365
-1.6805299438769086
-1.9632117684085513
-1.5972859497318574
-1.7713135375975682
-1.7024901043999956
-1.91141123108163
-1.7841456194385807
-1.9632117684085513
-1.8036153298677602
-1.9632117684085513
-1.7875483798977818
-1.874633342762264
-2.008071876359795
-1.6543151802750617
-1.664809456208441
-1.5842957967452147
-1.6689558026921512
-2.008071876359795
-1.91141123108163
-1.568890520025576
-1.6739244471562273
-1.6499396371457373
-1.9793332560225465
-2.008071876359795
-1.7445061412112395
-1.590142130166239
-1.4830208663296611
-1.7355325734637597
-1.6999454188127854
-1.789927868315782
-1.7521485875423743
-1.9071102031843217
-1.663129605928646
-1.8006081864692822
-1.888982306829521
-1.9244203415984524
-1.9552907738042453
-1.9485926621005594
-1.8130087785450986
-1.8113878525181453
-1.6075009943484722
-1.8892719194345036
-1.7088870426593914
-1.9106074704850087
-1.5021769848259383
-1.9025158602946424
-1.827710394436101
-2.008071876359795
-2.008071876359795
-1.8348804283551872
-2.008071876359795
-1.7662960905828935
-1.7340379568888324
-1.8710549166243138
-1.8966603133064412
-2.008071876359795
-2.008071876359795
-1.9747065711015783
-1.874114345290687
-1.8128128459597552
-1.8787431354436177
-1.9261565135220695
-1.8103011988346618
-1.904437710714193
-1.7672414269394372
-1.8812814396688526
-1.8091169915017755
-1.8216631909429397
-1.897553202214692
-1.7035383653068281
-1.7289653786130692
-1.9913892237306867
-1.7969598442294896
-2.008071876359795
-1.7158552915082446
-2.008071876359795
-1.9227868770692949
-1.8686173708060285
-2.008071876359795
-1.7866352484688484
-1.8730608469296037
-2.008071876359795
-1.839011490674886
-2.008071876359795
-1.7969598442294896
-1.8373994664740552
-2.008071876359795
-1.9025158602946424
-1.9226330811799144
-1.8808705495855835
-1.9025096712486953
-2.022550141290424
-1.7824815792988606
-1.9384962496783604
-1.8688692053265208
-1.8497096320258462
-2.022550141290424
-1.801512793000218
-1.832040473390797
-1.82546859179054
-1.9025158602946424
-1.7187690854488455
-1.7916702650782195
-1.9169941252252714
-1.941129247655844
-1.8526930942634483
-1.897553202214692
-2.022550141290424
-1.5477434278740148
-1.8448222739339255
-1.832040473390797
-2.0079249795854146
-1.7625793567978085
-1.8942428093917856
-1.8738978828172685
-1.9223624904300012
-1.7796866372521292
-1.934255437488905
-1.6338089044526622
-1.971995069615044
-2.022550141290424
-1.8024012345809413
-2.022550141290424
-1.8812814396688526
-1.653011480810087
-1.885833207665534
-1.8855331815549428
-1.614103532668099
-1.9445994623436826
-1.9153435188831014
-1.9991617423733588
-1.90514695864582
-1.9445994623436826
-1.8622905113881167
-1.871797932946362
-1.6898078135275667
-1.9025158602946424
