-0.6687016048142098
-0.6536319062728788
-0.6536319062728788
-0.6384313643707276
-0.344265534408869
-0.6384313643707276
-0.6384313643707276
-0.6536319062728788
-0.344265534408869
-0.6536319062728789
-0.6536319062728789
-0.6384313643707276
-0.6232308224685762
-0.6384313643707276
-0.34439637776968934
-0.638562207731548
-0.6536319062728788
-0.6232308224685763
-0.6384313643707276
-0.6384313643707276
-0.6687016048142098
-0.6384313643707276
-0.9324663509717658
-0.6232308224685763
-0.6384313643707276
-0.6536319062728789
-0.6536319062728789
-0.6384313643707276
-0.6384313643707276
-0.6232308224685762
-0.6383005210099072
-0.344265534408869
-0.6384313643707276
-0.6536319062728789
-0.6384313643707276
-0.6384313643707276
-0.6384313643707276
-0.6384313643707276
-0.6385622077315479
-0.6384313643707276
-0.6384313643707276
-0.6536319062728788
-0.6384313643707276
-0.6384313643707276
-0.6385622077315479
-0.6232308224685763
-0.6536319062728788
-0.6384313643707276
-0.6384313643707276
-0.6536319062728788
-0.6384313643707276
-0.9325971943325861
-0.6384313643707276
-0.344265534408869
-0.6078994372056045
-0.6384313643707276
-0.638562207731548
-0.6232308224685762
-0.6384313643707276
-0.6385622077315479
-0.6384313643707276
-0.6536319062728788
-0.6536319062728788
-0.9324663509717658
-0.6232308224685762
-0.344265534408869
-0.6384313643707276
-0.9325971943325861
-0.6385622077315479
-0.6385622077315479
-0.6232308224685763
-0.6232308224685762
-0.344265534408869
-0.6536319062728788
-0.6232308224685763
-0.9325971943325861
-0.6384313643707276
-0.6385622077315479
-0.6384313643707276
-0.6384313643707276
-0.6232308224685762
-0.6384313643707276
-0.9324663509717658
-0.6384313643707276
-0.6384313643707276
-0.6384313643707276
-0.6536319062728788
-0.6384313643707276
-0.9325971943325861
-0.6384313643707276
-0.9327280376934065
-0.6536319062728789
-0.638562207731548
-0.6384313643707276
-0.6384313643707276
-0.6384313643707276
-0.344265534408869
-0.6232308224685763
-0.6078994372056045
-0.6385622077315479
-0.6384313643707276
-0.6384313643707276
-0.6232308224685762
-0.6384313643707276
-0.6536319062728788
-0.9325971943325861
-0.9327280376934065
-0.9325971943325861
-0.9327280376934065
-0.6687016048142098
-0.6384313643707276
-0.6383005210099072
-0.6384313643707276
-0.6384313643707276
-0.6385622077315479
-0.6384313643707276
-0.6232308224685763
-0.344265534408869
-0.6384313643707276
-0.6078994372056045
-0.6384313643707276
-0.6384313643707276
-0.6232308224685763
-0.6232308224685763
-0.9325971943325861
-0.6536319062728789
-0.6384313643707276
-0.6384313643707276
-0.344265534408869
-0.6384313643707276
-0.6232308224685762
-0.6385622077315479
-0.6232308224685762
-0.6384313643707276
-0.6687016048142098
-0.6383005210099072
-0.344265534408869
-0.6536319062728788
-0.9325971943325861
-0.6384313643707276
-0.6384313643707276
-0.6536319062728788
-0.6384313643707276
-0.6384313643707276
-0.6536319062728789
-0.6384313643707276
-0.6384313643707276
-0.6384313643707276
-0.6536319062728788
-0.6384313643707276
-0.6232308224685762
-0.9324663509717658
-0.6232308224685762
-0.9325971943325861
-0.6536319062728788
-0.6232308224685762
-0.6384313643707276
-0.6232308224685762
-0.6536319062728789
-0.6384313643707276
-0.6384313643707276
-0.344265534408869
-0.6383005210099072
-0.3441346910480486
-0.6384313643707276
-0.6384313643707276
-0.6384313643707276
-0.6384313643707276
-0.344265534408869
-0.6384313643707276
-0.6384313643707276
-0.6384313643707276
-0.6687016048142098
-0.6536319062728788
-0.9325971943325861
-0.344265534408869
-0.6384313643707276
-0.6384313643707276
-0.6232308224685762
-0.6385622077315479
-0.6384313643707276
-0.6384313643707276
-0.6232308224685762
-0.6232308224685762
-0.9327280376934065
-0.6232308224685762
-0.9324663509717658
-0.9325971943325861
-0.6232308224685763
-0.6232308224685762
-0.6384313643707276
-0.6384313643707276
-0.6384313643707276
-0.344265534408869
-0.6384313643707276
-0.638562207731548
-0.6536319062728789
-0.6384313643707276
-0.9325971943325861
-0.6384313643707276
-0.6384313643707276
-0.6384313643707276
-0.6232308224685762
-0.6232308224685763
-0.9325971943325861
-0.6384313643707276
-0.9327280376934065
-0.3441346910480486
-0.6384313643707276
-0.6536319062728788
-0.6384313643707276
-0.6384313643707276
-0.6385622077315479
-0.6687016048142098
-0.6232308224685763
-0.6232308224685763
-0.6384313643707276
-0.3441346910480486
-0.6232308224685762
-0.3441346910480486
-0.34439637776968934
-0.344265534408869
-0.6536319062728788
-0.6384313643707276
-0.6078994372056045
-0.6232308224685763
-0.6384313643707276
-0.6536319062728789
-0.6385622077315479
-0.6232308224685762
-0.6384313643707276
-0.6384313643707276
-0.6384313643707276
-0.6384313643707276
-0.6232308224685763
-0.6384313643707276
-0.6687016048142098
-0.344265534408869
-0.6384313643707276
-0.6384313643707276
-0.9324663509717658
-0.6536319062728789
-0.6536319062728789
-0.6384313643707276
-0.6384313643707276
-0.6384313643707276
-0.6384313643707276
-0.9325971943325861
-0.9325971943325861
-0.9325971943325861
-0.6384313643707276
-0.6384313643707276
-0.6384313643707276
-0.6384313643707276
-0.6384313643707276
-0.6536319062728788
-0.6384313643707276
-0.6384313643707276
-0.9327280376934065
-0.6384313643707276
-0.6384313643707276
-0.6536319062728789
-0.638562207731548
-0.6383005210099072
-0.6232308224685763
-0.6385622077315479
-0.6232308224685763
-0.6383005210099072
-0.6384313643707276
-0.6385622077315479
-0.6384313643707276
-0.6384313643707276
-0.6384313643707276
-0.34439637776968934
-0.6385622077315479
-0.6384313643707276
-0.344265534408869
-0.34439637776968934
-0.6536319062728789
-0.3441346910480486
-0.6687016048142098
-0.6384313643707276
-0.34439637776968934
-0.6385622077315479
-0.6384313643707276
-0.9324663509717658
-0.344265534408869
-0.344265534408869
-0.9327280376934065
-0.3441346910480486
-0.6384313643707276
-0.638562207731548
-0.6384313643707276
-0.6536319062728789
-0.6536319062728789
-0.6232308224685763
-0.9325971943325861
-0.6384313643707276
-0.6384313643707276
-0.6232308224685762
-0.6536319062728788
-0.34439637776968934
-0.6384313643707276
-0.3441346910480486
-0.344265534408869
-0.9324663509717658
-0.3441346910480486
-0.9324663509717658
-0.9324663509717658
-0.6385622077315479
-0.9324663509717658
-0.6384313643707276
-0.6384313643707276
-0.6383005210099072
-0.6383005210099072
-0.9327280376934065
-0.9327280376934065
-0.9325971943325861
-0.9327280376934065
-0.6383005210099072
-0.9324663509717658
-0.6536319062728789
-0.344265534408869
-0.9325971943325861
-0.6384313643707276
-0.9325971943325861
-0.6232308224685763
-0.6383005210099072
-0.9327280376934065
-0.6536319062728788
-0.9325971943325861
-0.9325971943325861
-0.6384313643707276
-0.9327280376934065
-0.9324663509717658
-0.6232308224685762
-0.9327280376934065
-0.9327280376934065
-0.9325971943325861
-0.6384313643707276
-0.6383005210099072
-0.6384313643707276
-0.6385622077315479
-0.9327280376934065
-0.6384313643707276
-0.6384313643707276
-0.9327280376934065
-0.6385622077315479
-0.6232308224685763
-0.9327280376934065
-0.6078994372056045
-0.344265534408869
-0.3441346910480486
-0.6385622077315479
-0.9325971943325861
-0.6384313643707276
-0.6384313643707276
-0.6384313643707276
-0.9327280376934065
-0.6232308224685762
-0.9325971943325861
-0.6384313643707276
-0.6536319062728789
-0.9324663509717658
-0.6536319062728788
-0.9325971943325861
-0.6232308224685762
-0.6232308224685762
-0.9327280376934065
-0.6384313643707276
-0.9324663509717658
-0.6385622077315479
-0.6384313643707276
-0.9324663509717658
-0.6385622077315479
-0.6384313643707276
-0.6384313643707276
-0.6384313643707276
-0.6536319062728788
-0.9327280376934065
-0.9325971943325861
-0.9324663509717658
-0.6384313643707276
-0.9327280376934065
-0.6383005210099072
-0.9325971943325861
-0.6232308224685762
-0.344265534408869
-0.638562207731548
-0.6385622077315479
-0.9325971943325861
-0.9327280376934065
-0.6383005210099072
-0.6385622077315479
-0.6384313643707276
-0.9324663509717658
-0.9324663509717658
-0.6384313643707276
-0.344265534408869
-0.6384313643707276
-0.9325971943325861
-0.6384313643707276
-0.9327280376934065
-0.9325971943325861
-0.344265534408869
-0.9324663509717658
-0.9325971943325861
-0.6384313643707276
-0.344265534408869
-0.6384313643707276
-0.6384313643707276
-0.9327280376934065
-0.6383005210099072
-0.9325971943325861
-0.344265534408869
-0.9324663509717658
-0.6536319062728788
-0.6384313643707276
-0.6384313643707276
-0.6384313643707276
-0.6384313643707276
-0.6384313643707276
-0.34439637776968934
-0.6384313643707276
-0.3441346910480486
-0.9325971943325861
-0.9325971943325861
-0.6384313643707276
-0.6232308224685762
-0.6232308224685763
-0.6384313643707276
-0.6384313643707276
-0.6384313643707276
-0.6383005210099072
-0.34439637776968934
-0.6385622077315479
-0.9325971943325861
-0.9325971943325861
-0.9327280376934065
-0.6384313643707276
-0.6384313643707276
-0.9325971943325861
-0.6385622077315479
-0.6536319062728788
-0.6384313643707276
-0.6385622077315479
-0.6232308224685763
-0.6384313643707276
-0.6232308224685762
-0.6385622077315479
-0.6383005210099072
-0.6384313643707276
-0.6384313643707276
-0.6536319062728788
-0.6384313643707276
-0.6232308224685762
-0.6384313643707276
-0.6384313643707276
-0.344265534408869
-0.6384313643707276
-0.9324663509717658
-0.6232308224685763
-0.6384313643707276
-0.6384313643707276
-0.344265534408869
-0.6232308224685763
-0.9324663509717658
-0.9324663509717658
-0.6384313643707276
-0.9324663509717658
-0.6384313643707276
-0.9327280376934065
-0.6384313643707276
-0.9325971943325861
-0.3441346910480486
-0.6384313643707276
-0.6383005210099072
-0.9325971943325861
-0.6385622077315479
-0.6536319062728788
-0.6384313643707276
-0.9327280376934065
-0.9325971943325861
-0.344265534408869
-0.6384313643707276
-0.6384313643707276
-0.9325971943325861
-0.9327280376934065
-0.6536319062728789
-0.6384313643707276
-0.9327280376934065
-0.9325971943325861
-0.344265534408869
-0.9325971943325861
-0.6385622077315479
-0.9325971943325861
-0.9324663509717658
-0.9327280376934065
-0.9325971943325861
-0.6384313643707276
