-5.702821784379524
-5.270272665167778
-4.097009728786801
-4.370389908070788
-3.3476416576935697
-4.104329797949481
-4.335585282185918
-4.741937549801803
-4.5905980240201565
-4.376022104306768
-4.325682191728189
-4.380657688024237
-4.520671931422407
-5.358660535486945
-4.179392505966371
-3.305034727485954
-4.35404705243001
-5.198086482223229
-5.961168537441306
-4.36710759746474
-4.381457433840221
-4.061319934464804
-4.3865122564641945
-4.377314103145404
-4.607465220200433
-4.3071293160879724
-4.400056248334671
-4.39175089778653
-4.339647977187788
-4.402528182269394
-4.379540100476965
-3.46822252402175
-4.410909841035564
-5.9657388654834245
-4.488062051262763
-4.3783292177390765
-4.352336229320384
-4.328062363020192
-4.203485654933569
-4.382613460287233
-4.392253702770038
-4.139861046358224
-5.753781544557161
-4.244087947637575
-4.424195782940903
-4.336010451061505
-3.788534498620999
-4.384241326432066
-4.360258818068751
-4.154983697693657
-4.8197340465059
-4.427452098127604
-4.374994205506028
-4.631040283492648
-5.40459666332473
-4.4167984415101555
-4.328155306457478
-4.522403940580375
-4.658393259898365
-4.229545208321963
-4.248506220936111
-4.387285522112538
-4.386634262786938
-4.6136488619470635
-4.535954735487311
-5.434291037957535
-4.3094111892458145
-3.342365670681973
-4.256798869722496
-4.30214343410152
-4.521189731255542
-3.708336971578929
-5.395404218849177
-3.238475016845805
-4.352137767199677
-3.6486063602271654
-3.4961173784793056
-4.3163900575274035
-3.410937676322785
-4.359947499555535
-4.203216389233371
-4.37459047446957
-2.701625293387701
-4.329925555511247
-4.430568928954255
-4.893837064165636
-5.702892369772665
-4.415604706794899
-4.381147949672763
-4.445572694014433
-4.1895587100923715
-4.388224676243856
-4.782763994862765
-3.3736453274532856
-4.184947428575763
-4.32759833728207
-4.4542210063565255
-4.155398581177296
-3.9886218725431717
-4.5487030899313226
-3.3740015481967256
-4.388935844433797
-4.2694867570774395
-4.038618414175589
-4.359994558304043
-4.541896415868797
-4.4066927575928165
-4.241050161479772
-4.298634606099522
-4.407817122255911
-3.4418567787102674
-4.381776694048561
-4.228094618584485
-4.399234330872633
-4.4570074854581305
-4.26018258356163
-4.309457407305616
-3.3525088499608326
-4.619751715702458
-4.692308122775578
-4.474979089970532
-3.4960328561734695
-4.402536397432914
-4.5650933314115925
-3.877637254939377
-5.6716947685102275
-4.370152242825748
-4.269249946920215
-5.38393331973106
-5.067443915561556
-4.359811717927576
-5.010133220964536
-3.847863104485515
-4.304983824069444
-4.439105949576863
-4.568228384177339
-4.217579901613708
-4.36956400385678
-3.3647411395259916
-4.381457433840221
-4.30857890893647
-4.336235006638
-4.3002603627172915
-4.433952838521204
-4.472069557731505
-4.268487746811538
-4.366220302068912
-5.325591700740109
-3.4135182701642672
-4.366215495393587
-4.10842289212969
-5.842122809929766
-5.3647591991264685
-3.9694063746303865
-4.4881611457811665
-4.300979777062754
-4.313448670479253
-3.1749314517504734
-4.475567652931303
-4.176047509489045
-4.334059833308112
-4.096708853025108
-3.341752820646101
-4.366697564079679
-4.334232115751833
-4.5106906946612595
-4.273547259060487
-4.560573646934159
-4.37293758826583
-4.373602390002769
-4.37855663834942
-4.239612941959808
-4.133218120817132
-4.369141893279244
-4.2986368851816446
-4.342753447297531
-4.118827871495259
-3.9106856884304997
-4.354737990454579
-3.4303568856262316
-4.369096011850203
-4.566884790121815
-4.328760480190051
-4.367123118251775
-4.114686601043955
-4.386031323129114
-4.573824956450608
-5.415049660791736
-4.281739674149498
-3.3683871555029294
-4.372974675713155
-3.3723756366412463
-4.3868942453645
-4.397681821405803
-3.1510754366105975
-4.364780003948879
-5.18401903085539
-4.597862208764602
-4.354080494853377
-4.37738846758113
-4.254057524186044
-1.8596118482089317
-4.207008023851131
-4.303921198717939
-4.378778908851867
-4.7838150937089
-4.346770320018941
-3.3072357589193766
-3.442900152713948
-4.327473585109991
-4.365736998245351
-4.386669440295026
-4.425845114743799
-4.308578908936471
-4.379170200338323
-3.707808131515384
-3.4604896124054147
-3.296004668347123
-4.465054875275822
-4.343298325670134
-4.47926546112553
-4.443871322208953
-4.774542747907149
-4.383942040444468
-3.363827598367675
-4.07236110120671
-4.28162462053634
-4.350889044060812
-4.366282141804033
-4.3243234060363935
-4.2611995007928245
-4.354959276549558
-5.551321032767502
-1.9953770303750216
-3.262715550859868
-4.369146656765805
-4.542182370235158
-4.374076412652377
-4.157792990744921
-4.105628483214373
-4.112511616514783
-4.075424413298073
-4.356523840192555
-4.730856391821584
-4.3446108830380785
-4.1172270198463465
-4.365309968743835
-4.44303441315208
-4.123661394445284
-4.449053619554241
-4.137374092597452
-4.243651179787746
-5.4505308399521075
-4.31247664045325
-4.467441459234445
-5.672012272407166
-5.132704507667977
-5.4385828791460336
-4.389268106265485
-5.022981834134212
-5.363584760933155
-4.313538631737292
-4.243217066745695
-5.381658144529626
-4.0764515374975865
-4.400055078637777
-5.9657388654834245
-3.2290141015182443
-4.339914738305088
-5.526522870344807
-5.9657388654834245
-4.408908269580197
-4.591230789656254
-4.591523845388889
-5.369374150647568
-5.696618808631625
-5.97257322720161
-3.4249780595376658
-4.414007183463718
-5.969156046342517
-4.4952441513869905
-4.302687872760742
-3.3646793304195675
-3.368049691666225
-4.4258155175497915
-4.130361829628434
-4.1111255948574374
-4.237471977438381
-4.177023546960464
-3.2177221890835037
-4.070988980183099
-5.969156046342517
-5.961100422561349
-4.835249182093392
-5.3683667949304095
-4.365736998245351
-4.57900154501978
-5.979873189094214
-5.40171058310579
-5.682283725327543
-5.418582987636904
-5.049194878052911
-4.368043965912912
-4.729328480263939
-3.3615930434944374
-5.970048148413669
-3.362767481687751
-4.603372261247888
-5.3280097975944765
-5.610888831559601
-4.3416124158738025
-5.37394817570821
-5.69926564737184
-3.4326464567401436
-3.6988320690479934
-5.386370084424559
-5.971667676985634
-3.3430819051415916
-4.353381729650175
-5.999393239527225
-3.8260820238392563
-4.300979777062754
-5.455093631015245
-4.692478467491232
-4.364117469673387
-5.37730274187098
-6.331077865508693
-5.644950214116004
-4.427837858518734
-5.408874160834363
-5.123395845617922
-5.641422753982262
-5.945644874132259
-5.39995562409918
-5.375486010689621
-5.055882168029353
-5.317365699245477
-5.582228820633178
-4.390935661323271
-5.673977049993668
-6.331077865508694
-6.331077865508694
-5.125494974138272
-4.3316886246387165
-5.567676296860106
-6.684725304821818
-3.3523544331191633
-5.076075341272713
-4.613613738526324
-6.039342674991299
-5.8827667433033755
-4.582146429260016
-5.2864586415475445
-4.032773848614001
-5.30595356498136
-4.462173956323151
-5.097140738724641
-4.171824715606928
-4.376995800466031
-5.743891913290864
-3.3719788169937956
-6.684725304821818
-5.013059172949816
-4.697712300102699
-4.507799560922871
-5.9654904803510345
-6.684725304821818
-4.717796258860041
-5.952179422462237
-6.874272760986424
-6.314962558344235
-4.620641457365901
-5.812468558445999
-6.805333265879718
-4.364133325091473
-6.766597639448596
-3.363074629066502
-6.523468616832073
-5.704276636838936
-4.877849926647914
-5.957691544735499
-6.7335353964709705
-5.996917098307802
-4.609274631333539
-5.9411839418856704
-6.693090598987821
-6.427040225220626
-6.943602176109868
-6.55450058344571
-6.523468616832073
-6.903559183120299
-6.95221045279706
-4.4366270149798375
-5.409268300417966
-6.700696100172205
-5.808589284393262
-6.224704829794227
-5.780308955786346
-6.95221045279706
-6.903559183120299
-4.444794202591965
-4.1238123618601925
-7.130222603483878
-7.043154630337636
-6.906943471039522
-5.283384717627825
-5.377437796641343
-6.738892546357141
-6.764820142636431
-7.130222603483878
-4.382017432818788
-1.8862086771379785
-5.796937896257589
-5.457236145411036
-4.082383447235787
-7.146337910648335
-7.146337910648335
-7.146337910648335
-6.048577688362022
-6.8990345161628275
-7.146337910648335
-7.1141113559215405
-6.014821930100368
-7.146337910648335
-6.262914195194069
-5.38955425258445
-4.6106328107218015
-5.667856207977566
-7.146337910648335
-6.51198788707784
-6.676533558879392
-6.828465086570146
-6.8748635852172
-5.700018479150028
-5.3016549244345805
-7.146337910648335
-6.755007853521598
-7.067325561283261
-6.274606866486066
-5.377868931122404
-4.319272422457062
-7.130222603483878
-6.154717737930884
-6.72092463688973
-7.146337910648335
-7.146337910648335
-6.899034516162827
-7.146337910648335
-5.7938706840097
-5.437896114475702
-6.72092463688973
-7.146337910648335
-7.146337910648335
-7.022686213405582
-7.146337910648335
-5.312924871040661
-7.146337910648335
-6.052002858407452
-7.0086253559923115
-6.929705003636649
-4.193251673045851
-6.903559183120299
-6.7550078535215965
-4.407155748349884
-7.146337910648335
-7.146337910648335
-7.146337910648335
-6.7761181870555305
-4.999188465998405
-6.978046865527902
-6.01418552543893
-7.1284631717658185
-7.022686213405581
-7.146337910648335
-7.146337910648335
-7.146337910648335
-6.675964740997388
-5.466206881111087
-7.146337910648335
-7.097996048757083
-7.1463379106483345
-7.146337910648335
-6.117745138121976
-6.292117012562019
-7.146337910648335
-7.146337910648335
-5.402743397655725
-6.696753705944104
-4.265588331328821
-6.894492908051138
-7.1463379106483345
-7.1463379106483345
-7.146337910648335
-5.456681715448645
-6.620300875471612
-4.373149316739933
-6.900226162201319
-7.146337910648335
-5.743190806015466
-6.329300824012131
