-1.7082743725627267
-1.6129101184248582
-1.6558277949852556
-1.6134713408612464
-1.7759497442053718
-1.4980726357182605
-1.627457093642816
-1.6459654043876601
-1.6027259570743129
-1.6761877714204803
-1.721497177000626
-1.6463016936790726
-1.7019167965856883
-1.5485195849405
-1.6411086064262608
-1.6703047798711756
-1.6081123225052798
-1.6389471886064824
-1.6848659859103436
-1.552231627311876
-1.6448439233762875
-1.6596013199781505
-1.5875385839170388
-1.668868883924032
-1.6152211158335514
-1.549983914734213
-1.665931589810077
-1.6446338660145543
-1.6219382620833875
-1.586613305668537
-1.651679746452653
-1.5808980674058728
-1.6366859729708232
-1.6061875359278097
-1.6281325319899376
-1.6052559719631068
-1.5984927096184884
-1.6369745148713593
-1.5156605443150837
-1.6361883765880587
-1.6669287379570288
-1.688246072327733
-1.6123226218439053
-1.630899125756521
-1.5239989999036254
-1.7052163362717427
-1.6411513256413877
-1.6945542570500807
-1.6609434231037945
-1.6311267596919552
-1.6726487471659996
-1.6790977632743975
-1.6346667858441453
-1.6159513488294617
-1.6876216185753818
-1.7358668196422993
-1.7499428996521567
-1.59322722950316
-1.6411171947291687
-1.6702388592368829
-1.616672556404479
-1.62150466725822
-1.60252359940125
-1.6036875256172771
-1.5442490573535173
-1.7126766484357243
-1.6264175547120467
-1.6407584657272467
-1.5995411004907318
-1.6775915375116741
-1.6846614407502933
-1.6810598842318314
-1.6696366324866003
-1.5771249836812244
-1.6408497901440247
-1.6221670512163078
-1.7435142900834584
-1.624021410194812
-1.681066899365567
-1.6227521116779107
-1.5457120464331695
-1.6868936464658595
-1.7039934322250683
-1.7130481018849266
-1.719198132393817
-1.6332221384623444
-1.5380386675125084
-1.7063919171187003
-1.6443903269600748
-1.6576675749643346
-1.6882819900774677
-1.6593236646760259
-1.5911360001904173
-1.6409066915954549
-1.6553775278790464
-1.687168672056163
-1.5724851256008834
-1.6341128648939502
-1.766187447147839
-1.6472563646271707
-1.664868785136605
-1.646203711033221
-1.6742356727403367
-1.5447582655698335
-1.6532299402606345
-1.6594719672031133
-1.6720593917871345
-1.6474565636134155
-1.5423348433977206
-1.5593685198755713
-1.6348863169183063
-1.6380396321470243
-1.691317427782884
-1.7042982369860462
-1.667810726221045
-1.7121087509620831
-1.649832979888425
-1.6393085319381597
-1.6236906680543575
-1.7903785004093657
-1.6444003401551397
-1.5931900310636233
-1.6017161652231124
-1.6611014870113245
-1.558543479045218
-1.6376669355152302
-1.675293232076503
-1.6334405337095328
-1.6860065190139044
-1.666954047414101
-1.6428725389567689
-1.5554800211558562
-1.6287635945297607
-1.5489848710555125
-1.6835279529240388
-1.6091016409256704
-1.6128730923477261
-1.6585264093099872
-1.524907706971546
-1.6686994146659628
-1.6504276213397726
-1.6143442741656697
-1.6049656781587358
-1.6274420762636077
-1.5905292996136857
-1.6347640737797033
-1.6020707511481553
-1.6436146116420238
-1.6275988394236705
-1.5911259594321856
-1.6867197922146857
-1.633141580202333
-1.6609089428185193
-1.6045455238226713
-1.6188850210359385
-1.6885885435841874
-1.6737303148048825
-1.6728391578730375
-1.6691005113148965
-1.6295133198394818
-1.6948622139067986
-1.6814903949509807
-1.6315415555367936
-1.6118851000937755
-1.6343864036571631
-1.6985877270672949
-1.6252399429105633
-1.6190387232584742
-1.6056817322174022
-1.6441465750898023
-1.642597309321228
-1.7236796495675735
-1.6994283063651878
-1.423369974240345
-1.6725467479581269
-1.6328142487220603
-1.6730501108310503
-1.5943027460866064
-1.7150063977785441
-1.6725285054709758
-1.6033340201581419
-1.7254459730675915
-1.6218906036958298
-1.6262749078935475
-1.6064084836522283
-1.6978655412985844
-1.6265187754231267
-1.6453848408373108
-1.690846382906715
-1.5685698932465255
-1.6516923629534501
-1.6537096869855223
-1.6130182215577171
-1.6413866116250726
-1.5904554845700007
-1.6989188207358559
-1.642162087210128
-1.631807341533197
-1.6336472848896597
-1.6694779354002804
-1.68115751714458
-1.591103523451413
-1.6303664163759222
-1.6660685315541075
-1.6970500429497566
-1.6103001586979744
-1.6132950901625618
-1.6975464716967037
-1.64553601452245
-1.6957084215617078
-1.5933202074110098
-1.6889973684279527
-1.564706484588628
-1.5958313047471535
-1.631299879188496
-1.6354535454597523
-1.6202955772352097
-1.6202467129448903
-1.665851920191866
-1.6674337289538832
-1.6360167350092139
-1.6159032794660417
-1.6544902252620988
-1.6368684762461003
-1.6319123912605848
-1.5513818353625763
-1.6134590563675313
-1.673726538888214
-1.611301953864995
-1.6034024491885706
-1.7064268483156873
-1.6112028288305962
-1.6796430947166028
-1.6402312647924537
-1.5726541908495328
-1.636201189938326
-1.631644089653137
-1.6379642372221412
-1.6490496266850867
-1.6781547646932624
-1.725074295881055
-1.6494196026906636
-1.659688612624767
-1.620753078586414
-1.659321077151574
-1.6734429002605753
-1.6587684888995224
-1.6244555895693722
-1.5106424004889136
-1.6264240911386012
-1.744938402302759
-1.6642812528538304
-1.5090343684031342
-1.521008252242131
-1.5067101077601808
-1.7037465841951898
-1.5963770963407784
-1.6441169150863193
-1.0772023321166042
-1.7257625427895495
-1.6208722720848794
-1.6709966580795357
-1.7231015930222446
-1.6596747719733282
-1.627153513543839
-1.572123631782482
-1.6098053598974589
-1.6043060242716871
-1.599335037566904
-1.6738158241010417
-1.6265957971662133
-1.5276830396298167
-1.6501685226885114
-1.7994872476501687
-1.7013608399104814
-1.6608749095709585
-1.5439135873982859
-1.5564754347402794
-1.614298235927434
-1.6938734674409541
-1.5581810947311003
-1.62008185819232
-1.6950578616146985
-1.6008930434738213
-1.6063145911005365
-1.648453955450306
-1.7548806558272783
-1.6603050093532026
-1.6585865671813473
-1.7886271054007679
-1.690336456818756
-1.6031395552264474
-1.747004205845465
-1.617547693166572
-1.7432074612488386
-1.50053918108334
-1.6810303022850257
-1.6940403363350143
-1.8098068427621998
-1.6830457890699173
-1.684944271631151
-1.6655141801546816
-1.5735551881825836
-1.6382347273774198
-1.7268246868629453
-1.6507046427595922
-1.6344343863022153
-1.7428327459820758
-1.5441191062334987
-1.6134767821427738
-1.6704828623132453
-1.7677917776249286
-1.7212545219765967
-1.5734666942073654
-1.621049737888266
-1.6751441589613276
-1.6337001635671073
-1.6496442451405158
-1.7893249187677747
-1.823984763358002
-1.5957669243099357
-1.823984763358002
-1.6486364773169586
-1.6170348529574943
-1.767859424128451
-1.7309773190007007
-1.6244543042093877
-1.7064796170367387
-1.6283095221106358
-1.6152427499045836
-1.794425995025066
-1.6060999321987035
-1.767859424128451
-1.843203818068743
-1.8037010081490412
-1.7498221088480732
-1.5965805175541117
-1.6321400029943443
-1.7029281175371718
-1.661295194206754
-1.6554920948267866
-1.603828773975338
-1.634618305360628
-1.6437030384849074
-1.7855105958367579
-1.7867726786876534
-1.823984763358002
-1.5662106738928043
-1.6325770378281326
-1.7305381700839602
-1.725810231564727
-1.6427898289108536
-1.776256435153505
-1.8100364858809894
-1.8100364858809894
-1.7086972258469793
-1.7116492493038669
-1.6259307310237108
-1.702187530787798
-1.6233099153328334
-1.7310287691736994
-1.6214267089113044
-1.6360146330181913
-1.6486282111434913
-1.6883140654786788
-1.5162712886815641
-1.627225907527258
-1.636910549658589
-1.7902044332243
-1.7514334052302236
-1.7818433708761727
-1.7319959623313579
-1.6884466086316947
-1.72483445142247
-1.6349664579773993
-1.487720718175091
-1.6348937283678733
-1.6846305179801047
-1.589222290709192
-1.6757949785300086
-1.619780320385072
-1.695090571229776
-1.6204879409137607
-1.6754491757876169
-1.633021238640403
-1.843203818068743
-1.679072935010157
-1.663410659835191
-1.695394883639895
-1.6981803633622718
-1.6307552436282065
-1.748127798705723
-1.5674658776611925
-1.6162461721560268
-1.6582154668381344
-1.670224661928107
-1.6300213550487215
-1.6333699023693833
-1.6830091490905834
-1.650173646565167
-1.6884541195519518
-1.4754892576010634
-1.5254053942257013
-1.5174029081305207
-1.5450791480569182
-1.7670156024590031
-1.61267541419643
-1.7481621821578741
-1.7651709834418454
-1.620197836836719
-1.6902894385966376
-1.7472825555205338
-1.599789336207273
-1.7568411738799243
-1.5682398672786373
-1.6534009111330688
-1.6634291584675902
-1.5965051968333004
-1.6171353187702782
-1.7116629473832567
-1.6925414448382843
-1.6248485726571769
-1.6844637555181465
-1.6409749503080933
-1.7422152317769566
-1.6661774731248045
-1.6201217061843523
-1.7958585652851873
-1.630617167966901
-1.6872911586739747
-1.6586698628987153
-1.6120401997995062
-1.636622845124655
-1.5024603683135256
-1.6491832696421789
-1.7640997839528547
-1.7584115499633
-1.6455342198340435
-1.7329567332098417
-1.6288722884863296
-1.7233447716635633
-1.631305120076485
-1.679185880888298
-1.5590069137518758
-1.5836566409801645
-1.6302308224238966
-1.6547826776897228
-1.560189675334745
-1.5755870255585789
-1.747703203970467
-1.596766299582149
-1.843203818068743
-1.653358665488282
-1.6327367426553003
-1.4078278195352945
-1.602694380073036
-1.7410118586008643
-1.6335278028427032
-1.7354460194668067
-1.5499761896780067
-1.5259275173710811
-1.7576759686706915
-1.6367384186465268
-1.7062457998107117
-1.8042344671118853
-1.7469972145467718
-1.7080606144160575
-1.7984209433487333
-1.7071321471640186
-1.634004783991703
-1.7487578295287516
-1.7530944858378004
-1.8008299620033084
-1.5313958542605983
-1.6520886628005202
-1.6410072391843744
-1.6826225674479207
-1.7949957196411106
-1.62305083217834
-1.6945967272943596
-1.6557498626888825
-1.664358988940646
-1.7778687823101453
-1.7128430009069078
-1.8392911708402875
-1.692612787103203
-1.8392911708402875
-1.4536285340631399
-1.7905945529664264
-1.8392911708402875
-1.8455602953567274
-1.620527140275792
-1.5909458836597477
-1.6729419202709872
-1.7907475347348598
-1.7486449112805973
-1.7517049231743476
-1.6667230031042164
-1.5208496628477026
-1.8392911708402875
