-0.6544367793680018
-0.6437523663295501
-0.6437523663295502
-0.9328893448720603
-0.633000319495712
-0.9328217110766738
-0.633000319495712
-0.633000319495712
-0.633000319495712
-0.633000319495712
-0.3331112941193637
-0.6329326857003255
-0.633000319495712
-0.633000319495712
-0.6437523663295502
-0.633000319495712
-0.633000319495712
-0.6330679532910986
-0.6437523663295502
-0.6544367793680018
-0.6329326857003255
-0.633000319495712
-0.6437523663295501
-0.6330679532910987
-0.633000319495712
-0.6222482726618738
-0.6222482726618738
-0.633000319495712
-0.6330679532910986
-0.6329326857003255
-0.633000319495712
-0.6437523663295501
-0.633000319495712
-0.633000319495712
-0.6437523663295502
-0.633000319495712
-0.633000319495712
-0.9328893448720603
-0.9328217110766738
-0.3331112941193637
-0.6222482726618739
-0.633000319495712
-0.633000319495712
-0.633000319495712
-0.3331112941193637
-0.6437523663295502
-0.6437523663295501
-0.633000319495712
-0.633000319495712
-0.611428592032649
-0.6222482726618739
-0.6437523663295502
-0.633000319495712
-0.6222482726618738
-0.3331112941193637
-0.6329326857003255
-0.633000319495712
-0.6222482726618738
-0.9328893448720603
-0.6437523663295501
-0.633000319495712
-0.6437523663295501
-0.633000319495712
-0.9328893448720603
-0.6437523663295501
-0.6437523663295502
-0.6222482726618739
-0.6330679532910986
-0.3331112941193637
-0.633000319495712
-0.9328893448720603
-0.633000319495712
-0.3331112941193637
-0.633000319495712
-0.6222482726618738
-0.3331112941193637
-0.6329326857003255
-0.633000319495712
-0.633000319495712
-0.6437523663295502
-0.6437523663295501
-0.6437523663295501
-0.6329326857003255
-0.3331112941193637
-0.633000319495712
-0.6544367793680018
-0.633000319495712
-0.6222482726618739
-0.633000319495712
-0.633000319495712
-0.633000319495712
-0.6222482726618739
-0.633000319495712
-0.633000319495712
-0.6222482726618738
-0.6222482726618738
-0.633000319495712
-0.633000319495712
-0.9328893448720603
-0.633000319495712
-0.6437523663295502
-0.9328893448720603
-0.633000319495712
-0.6222482726618738
-0.633000319495712
-0.6222482726618739
-0.6330679532910987
-0.6330679532910986
-0.6437523663295501
-0.33304366032397714
-0.6330679532910987
-0.9328893448720603
-0.6437523663295502
-0.6222482726618738
-0.6437523663295502
-0.633000319495712
-0.633000319495712
-0.6437523663295501
-0.633000319495712
-0.6437523663295501
-0.6437523663295501
-0.6329326857003255
-0.633000319495712
-0.633000319495712
-0.633000319495712
-0.633000319495712
-0.6330679532910987
-0.6544367793680018
-0.3331112941193637
-0.633000319495712
-0.6437523663295502
-0.611428592032649
-0.6544367793680018
-0.633000319495712
-0.633000319495712
-0.633000319495712
-0.6544367793680018
-0.633000319495712
-0.9328893448720603
-0.633000319495712
-0.6437523663295501
-0.633000319495712
-0.633000319495712
-0.6437523663295502
-0.6330679532910987
-0.6437523663295501
-0.633000319495712
-0.633000319495712
-0.6437523663295502
-0.633000319495712
-0.633000319495712
-0.633000319495712
-0.633000319495712
-0.3331112941193637
-0.6437523663295501
-0.6330679532910987
-0.33317892791475023
-0.611428592032649
-0.9328893448720603
-0.633000319495712
-0.6437523663295501
-0.3331112941193637
-0.633000319495712
-0.6330679532910986
-0.6222482726618738
-0.9328893448720603
-0.6437523663295502
-0.6437523663295501
-0.633000319495712
-0.633000319495712
-0.633000319495712
-0.633000319495712
-0.633000319495712
-0.6222482726618738
-0.9328893448720603
-0.6222482726618738
-0.633000319495712
-0.3331112941193637
-0.6437523663295502
-0.6222482726618739
-0.633000319495712
-0.633000319495712
-0.6437523663295501
-0.9328893448720603
-0.6330679532910986
-0.6437523663295502
-0.633000319495712
-0.633000319495712
-0.9329569786674469
-0.9328893448720603
-0.633000319495712
-0.633000319495712
-0.633000319495712
-0.3331112941193637
-0.3331112941193637
-0.6222482726618739
-0.6222482726618739
-0.6437523663295501
-0.6329326857003255
-0.3331112941193637
-0.33304366032397714
-0.633000319495712
-0.633000319495712
-0.6437523663295501
-0.6437523663295502
-0.6437523663295502
-0.33317892791475023
-0.633000319495712
-0.6222482726618738
-0.6437523663295501
-0.6437523663295502
-0.6330679532910986
-0.6222482726618738
-0.3331112941193637
-0.633000319495712
-0.633000319495712
-0.6222482726618739
-0.6222482726618738
-0.6437523663295501
-0.6222482726618738
-0.6222482726618739
-0.6437523663295501
-0.633000319495712
-0.633000319495712
-0.3331112941193637
-0.9328893448720603
-0.6437523663295502
-0.6222482726618738
-0.6437523663295502
-0.633000319495712
-0.633000319495712
-0.9328217110766738
-0.633000319495712
-0.6222482726618738
-0.6330679532910986
-0.633000319495712
-0.6222482726618739
-0.9329569786674469
-0.633000319495712
-0.633000319495712
-0.633000319495712
-0.633000319495712
-0.6437523663295501
-0.6222482726618739
-0.6437523663295502
-0.633000319495712
-0.633000319495712
-0.611428592032649
-0.9328893448720603
-0.633000319495712
-0.633000319495712
-0.6437523663295501
-0.633000319495712
-0.33317892791475023
-0.6330679532910986
-0.611428592032649
-0.33317892791475023
-0.3331112941193637
-0.633000319495712
-0.3331112941193637
-0.633000319495712
-0.6437523663295501
-0.633000319495712
-0.6222482726618738
-0.633000319495712
-0.633000319495712
-0.6222482726618739
-0.6222482726618739
-0.9328893448720603
-0.633000319495712
-0.633000319495712
-0.3331112941193637
-0.33317892791475023
-0.6437523663295502
-0.6329326857003255
-0.6222482726618738
-0.633000319495712
-0.6329326857003255
-0.9328893448720603
-0.633000319495712
-0.6437523663295501
-0.6437523663295501
-0.633000319495712
-0.633000319495712
-0.611428592032649
-0.6222482726618738
-0.9328893448720603
-0.9328893448720603
-0.9328893448720603
-0.633000319495712
-0.9329569786674469
-0.9328893448720603
-0.33317892791475023
-0.633000319495712
-0.6437523663295501
-0.6330679532910986
-0.6437523663295502
-0.6329326857003255
-0.633000319495712
-0.9328217110766738
-0.633000319495712
-0.633000319495712
-0.6330679532910986
-0.6330679532910986
-0.633000319495712
-0.9328217110766738
-0.9328893448720603
-0.633000319495712
-0.633000319495712
-0.6329326857003255
-0.633000319495712
-0.9328893448720603
-0.6222482726618739
-0.633000319495712
-0.9328893448720603
-0.6222482726618738
-0.633000319495712
-0.9328893448720603
-0.633000319495712
-0.9328893448720603
-0.6329326857003255
-0.633000319495712
-0.633000319495712
-0.633000319495712
-0.633000319495712
-0.633000319495712
-0.9328217110766738
-0.9328893448720603
-0.6437523663295502
-0.633000319495712
-0.6330679532910986
-0.633000319495712
-0.633000319495712
-0.633000319495712
-0.6222482726618738
-0.633000319495712
-0.633000319495712
-0.9328893448720603
-0.633000319495712
-0.6437523663295502
-0.633000319495712
-0.6544367793680018
-0.9328217110766738
-0.6222482726618739
-0.6222482726618739
-0.3331112941193637
-0.633000319495712
-0.633000319495712
-0.3331112941193637
-0.9328893448720603
-0.6222482726618738
-0.9328893448720603
-0.633000319495712
-0.633000319495712
-0.633000319495712
-0.6329326857003255
-0.6222482726618739
-0.3331112941193637
-0.633000319495712
-0.633000319495712
-0.611428592032649
-0.3331112941193637
-0.633000319495712
-0.633000319495712
-0.6222482726618738
-0.633000319495712
-0.3331112941193637
-0.633000319495712
-0.9328893448720603
-0.6222482726618739
-0.9328893448720603
-0.633000319495712
-0.6329326857003255
-0.9328893448720603
-0.633000319495712
-0.633000319495712
-0.633000319495712
-0.9328893448720603
-0.6437523663295502
-0.33304366032397714
-0.6222482726618738
-0.9328893448720603
-0.633000319495712
-0.633000319495712
-0.3331112941193637
-0.633000319495712
-0.633000319495712
-0.9328893448720603
-0.633000319495712
-0.633000319495712
-0.6222482726618739
-0.633000319495712
-0.6437523663295501
-0.9328893448720603
-0.6437523663295501
-0.6222482726618738
-0.633000319495712
-0.9328893448720603
-0.633000319495712
-0.9328217110766738
-0.3331112941193637
-0.3331112941193637
-0.633000319495712
-0.9328893448720603
-0.9328893448720603
-0.9328893448720603
-0.6437523663295502
-0.3331112941193637
-0.9328893448720603
-0.9328893448720603
-0.9329569786674469
-0.6330679532910986
-0.3331112941193637
-0.6437523663295501
-0.9329569786674469
-0.633000319495712
-0.9328893448720603
-0.633000319495712
-0.9328893448720603
-0.9328893448720603
-0.6222482726618738
-0.3331112941193637
-0.6329326857003255
-0.9328893448720603
-0.633000319495712
-0.9328893448720603
-0.9328217110766738
-0.9328893448720603
-0.633000319495712
-0.9328893448720603
-0.3331112941193637
-0.9328893448720603
-0.9329569786674469
-0.9328893448720603
-0.633000319495712
-0.6330679532910986
-0.9328217110766738
-0.9328217110766738
-0.633000319495712
-0.633000319495712
-0.9328893448720603
-0.9328893448720603
-0.9328893448720603
-0.9328893448720603
-0.9328893448720603
-0.9328893448720603
-0.633000319495712
-0.633000319495712
-0.9328893448720603
-0.633000319495712
-0.9328893448720603
-0.9328893448720603
-0.6329326857003255
-0.9328893448720603
-0.9328893448720603
-0.9328893448720603
-0.633000319495712
-0.9328893448720603
-0.33317892791475023
-0.6222482726618739
-0.6222482726618739
-0.633000319495712
-0.633000319495712
-0.9329569786674469
-0.6222482726618739
-0.9328217110766738
-0.9329569786674469
-0.633000319495712
-0.9329569786674469
-0.9328893448720603
-0.633000319495712
-0.6222482726618738
-0.9329569786674469
-0.633000319495712
-0.9328217110766738
-0.6222482726618739
-0.9328893448720603
-0.9328893448720603
-0.9328893448720603
-0.9328893448720603
-0.9328893448720603
-0.633000319495712
-0.9328893448720603
-0.6222482726618739
-0.9328893448720603
-0.6437523663295501
-0.633000319495712
-0.9328893448720603
-0.6437523663295502
-0.633000319495712
-0.633000319495712
-0.633000319495712
-0.9328893448720603
-0.9328893448720603
-0.633000319495712
-0.9329569786674469
-0.633000319495712
-0.6222482726618738
-0.6329326857003255
-0.9329569786674469
