-5.723308645360992
-5.41970450468865
-4.36852961812808
-4.448304266517059
-4.763740075064928
-4.882825548360761
-4.033264619512286
-4.517001670560867
-3.2512832738074895
-4.3054357356716135
-4.41934095833876
-4.3936380495336405
-4.2996409371997375
-3.282742453091556
-4.189503553693955
-4.4466375703045005
-4.607229000547001
-4.621284776782057
-4.608605872575636
-4.165801657725489
-3.389842462545807
-5.402649810443938
-4.475916541247283
-4.37417936545917
-4.573741320721551
-3.4519927197170936
-5.2610523323311496
-5.105278963632045
-4.229522732791891
-4.328939165207059
-3.4906098739427502
-4.375130929792512
-4.402014154968794
-3.372390494619152
-4.173339929510738
-4.598533715117167
-4.352311747803958
-4.1582467932532605
-4.396887238937939
-4.352516054307399
-4.186608816537559
-4.424637242434037
-4.396336244940751
-3.268469516589196
-4.251967079735594
-4.28580023049383
-3.38247090237415
-3.367826463411955
-2.0365364887566857
-4.405001723584575
-4.301602605836197
-3.34961776244488
-4.2583403542896745
-4.624473626488481
-4.2400408624903765
-4.387189166799963
-3.9445862462527916
-5.6063446436208215
-4.635845788260978
-5.6538223046874565
-4.37417936545917
-4.381121731637031
-4.83679724896734
-4.137905091929925
-4.442090189815742
-4.482191180930854
-4.264128943038614
-4.551932218506462
-5.390951496757938
-4.371395317507559
-4.28580023049383
-4.370534599278491
-3.46541296092811
-4.388054294681719
-4.147639793521082
-4.402917616164213
-4.221646562827909
-4.150992373324947
-5.695873197893213
-4.487468520920263
-4.463567276349742
-4.614628283701527
-4.29042239151323
-4.316037486853673
-3.516714945413116
-5.341595038970022
-4.398470399515042
-4.362910691447001
-5.415534403476615
-4.392920058199054
-3.333607609449774
-4.160363114595256
-4.044690144368864
-4.124391708832196
-4.15579908338806
-4.29042239151323
-5.405838389554151
-4.610638443006095
-4.375144313074696
-5.367043699380973
-4.361180323562752
-4.374941482785489
-3.5557461937621717
-4.513411000463894
-5.237451474817583
-4.441906068195328
-4.274193985916609
-4.452388444557746
-4.754205595709342
-4.41934095833876
-3.4905108113149383
-4.407847339932822
-4.447207585397216
-4.357903144219814
-4.296312231619526
-4.4330419056312245
-4.37417936545917
-4.377847071586742
-3.4890730413216064
-4.155693842379909
-3.876093823159486
-4.398865939404879
-4.163493085816302
-4.514525017366127
-4.538252830502664
-4.315890113300064
-5.451429285334764
-4.2110641985544435
-5.420803337546789
-4.248920013282601
-4.257383988417534
-4.377733852337517
-4.373946967246482
-4.696612140475759
-5.513356443712392
-4.495362952256416
-4.370304320088785
-3.493106500902903
-4.347753025209984
-4.365859348725518
-4.315401471750651
-3.2231711244406225
-4.617155885503289
-4.393537139629474
-4.2264010749596865
-4.17810553738114
-4.369175314117668
-4.030338182297654
-4.139522862148704
-4.486999876534777
-4.072282820674741
-4.407700697980255
-4.36173045744675
-4.284435722534999
-4.422461722888992
-4.609195566571389
-4.408656616969046
-4.4669449854495715
-4.17596703161826
-3.2815823090987903
-4.193472865744588
-4.36715357200561
-4.329612981829488
-4.467109419693352
-4.360288737031396
-4.30772229197856
-4.456077325223041
-5.423513237985663
-4.419212336743561
-4.90759765203511
-3.3322623723467757
-5.3933246105343535
-5.330274105080502
-4.618360065464524
-4.414189491464774
-4.447781993039616
-4.318991564704331
-4.308121328292703
-4.12353044513992
-4.381901550495998
-5.064632130464193
-4.374468326014561
-4.608476170967885
-5.693813215192541
-4.462339191459266
-3.31077549984283
-4.463987713449869
-4.333967510522238
-4.662620632599174
-4.997693862686562
-3.423647931787112
-5.314173653197877
-4.445043285827719
-4.197349191523881
-4.193594575453857
-4.439424029295045
-4.357123620256784
-4.311223900378952
-4.376386490985582
-4.290302495922309
-4.624556716081898
-4.35797212178221
-5.4468507727872275
-4.493661153102884
-3.8974724681114616
-3.2926832544626334
-4.3949004676660515
-4.3842347416377025
-4.265499796088531
-4.2054152567942555
-4.460073499375504
-4.369975032053726
-4.376028515819726
-4.294882126250711
-4.320959566300122
-4.518234401941141
-4.332948115152741
-4.3831039023773855
-4.038390109763215
-4.342597421120843
-3.4071103208848443
-3.411480634181938
-4.139522862148704
-4.390724761673477
-4.536168106292175
-4.544627358280937
-4.921184633100356
-4.152097015595181
-4.1537354960773625
-4.37131637609177
-5.430672985269147
-4.640011875795502
-4.43172301976363
-5.736806938537221
-5.423870873781411
-4.165442394966407
-3.3757314605069415
-5.59807222871649
-4.5194304236582
-4.307738348668679
-4.517260751247767
-3.539730243475127
-4.588631323207249
-5.192004745543959
-4.375790113502705
-4.426797993869873
-4.136369156382454
-4.192316682768112
-4.478787831789951
-4.437188641522777
-4.3612286244051095
-4.364014303652222
-4.372312776990492
-5.694921633559871
-5.599299863116313
-4.547216738492525
-4.193386000187079
-5.788239003858162
-4.591144786895606
-5.567213919007907
-5.6280387364392634
-5.380984236284433
-5.033923935269833
-5.599431783670176
-3.534606103683232
-5.044162243096572
-5.987003274659405
-5.073955154953982
-5.498930379809054
-5.434746130007708
-6.400987625127648
-4.185937564286837
-4.733499651431611
-3.448360481867974
-5.321579370019398
-4.368019443280884
-5.0838677327207265
-4.404261015988946
-4.9629120802215025
-3.97535294287589
-4.565123748921382
-4.745760710188604
-5.706366096661985
-5.46851980879179
-5.353854856956663
-5.297807739730472
-6.400987625127648
-5.445006832672439
-4.333688628689418
-5.386058398287495
-4.998445372625398
-5.63785751408536
-5.849963208692254
-4.441247697257833
-6.185057253111785
-6.847550573373586
-4.635720458421919
-5.907747928359502
-4.361846286193635
-5.560663743947965
-5.019150205021942
-6.438110930558581
-5.782865797317587
-5.35606783914468
-6.074199857985214
-5.072904122699599
-6.847550573373586
-5.344867281187906
-6.64458458099763
-5.3517423817211105
-6.422440193091021
-4.976170167330675
-6.564374497020684
-6.422440193091021
-6.55440841528775
-6.416761242850162
-5.432315899418014
-5.611928230713632
-6.661087725054275
-5.9388293622378505
-5.043708230316696
-3.518678232637058
-6.638053057110109
-5.948536085841768
-6.676322307905647
-4.861274926015908
-6.847550573373586
-5.31486011867507
-6.847550573373586
-5.733751425654174
-5.725624780072533
-6.646002306466348
-4.967994239759077
-6.847550573373586
-4.160662107646754
-6.847550573373586
-5.027707474989874
-4.390400717435614
-5.991738181671552
-6.538393338946714
-5.2657308474869575
-3.4479363674045946
-6.422771149951023
-5.7280543484732025
-5.248263142926445
-5.955124023398169
-6.637567736709501
-5.185703271867568
-6.855985143130432
-6.646002306466348
-6.855985143130432
-6.546827908703563
-7.251150541152269
-6.4355160358380585
-6.832383235493108
-5.5988874745638535
-6.767992138744339
-6.1208361185466345
-7.563008392091291
-5.31928754234867
-7.414120294216374
-7.327785895891024
-4.138316788379772
-7.414120294216375
-4.45660415376211
-7.3974873331946185
-6.599888149110026
-4.85911067600914
-7.414120294216374
-5.7469403946784805
-6.138257081780162
-6.145930445985427
-5.810806469517205
-5.9366946084781915
-5.361359458282977
-7.414120294216374
-4.7427048579597315
-4.3078335590070695
-5.682223855927217
-5.600616450250415
-4.400079999797255
-6.939292690213248
-2.021981016597986
-7.563008392091291
-6.567198783016501
-7.306951206708879
-7.545572129206513
-3.370541344258595
-7.251150541152269
-5.761974002962326
-7.545572129206513
-6.536790379448183
-7.545572129206513
-5.085974659139736
-5.479584146125948
-7.545572129206513
-6.857914439844973
-7.385791849389134
-6.1246138739582765
-5.12034871087097
-7.217680943950265
-7.3974873331946185
-3.615847033781689
-7.545572129206513
-5.385877139442158
-6.8209671233696625
-7.545572129206513
-6.855985143130433
-6.300236891138951
-7.281004294544815
-7.545572129206513
-4.138028137921647
-6.4910336315488255
-6.8091241682363375
-7.545572129206513
-4.39288042511039
-7.545572129206513
-4.9836691388027115
-7.4681430480532
-7.563008392091291
-7.2971100322306786
-7.528135866321735
-7.545572129206513
-7.563008392091291
-7.563008392091291
-5.297637432221942
-7.23357287802399
-7.545572129206513
-4.714812074046425
-4.431303230464685
-7.306951206708879
-6.9730309692406305
-7.251150541152269
-7.563008392091291
-6.536391148708167
-7.528135866321735
-7.19674629468539
-6.014018997446028
-7.563008392091291
-1.9651324219874238
-7.440762533357028
-7.545572129206513
-5.405341151611743
-5.517230246285234
-5.900522175131365
-7.563008392091291
-7.563008392091291
-4.579791366198777
-7.29008206719519
-4.395789661990001
-4.023219529844654
-7.563008392091291
-3.9737188444286176
-5.404396177141745
-7.47668641919743
-7.528135866321735
-4.331816008788345
-7.563008392091291
-7.282874151260113
-7.563008392091291
-6.316115470019139
-6.416990140756218
-6.940689109302979
-6.7197576625388145
-5.006004325790723
-7.563008392091291
-4.084661909723633
-5.328838418238081
-7.563008392091291
-7.563008392091291
-7.240632928799014
-7.251150541152269
-7.563008392091291
-6.355863980676778
-5.108057501565886
-7.563008392091291
-7.563008392091291
-7.563008392091291
-5.673630322171228
-6.765589365007418
-7.563008392091291
-7.563008392091291
-4.3973612761871435
-5.26733875218675
-7.563008392091291
-5.084462067375672
-7.563008392091291
-6.456602604322397
-7.036009846983539
-4.318698825731901
-7.265232196341458
-5.177946615170357
-5.387543057142603
-6.939292690213248
-7.563008392091291
-4.357238992839514
-5.421305885271806
-7.563008392091291
-7.563008392091291
-7.475183924087558
