-0.6430080811301409
-0.3230333122933832
-0.6355461837747496
-0.933034855035906
-0.6280508179162159
-0.32306678079652584
-0.6280508179162159
-0.6355461837747498
-0.6280508179162159
-0.6280508179162159
-0.6205554520576821
-0.6205554520576821
-0.6280508179162159
-0.6280508179162159
-0.6280842864193585
-0.6205554520576821
-0.933034855035906
-0.6280842864193588
-0.6205554520576821
-0.6430080811301409
-0.6280842864193585
-0.6280842864193588
-0.6355461837747496
-0.32306678079652584
-0.6205554520576821
-0.6280508179162159
-0.6280508179162159
-0.32310024929966846
-0.3230333122933832
-0.6280508179162159
-0.6280508179162159
-0.6280173494130732
-0.6280508179162159
-0.6205554520576821
-0.6205554520576821
-0.6280508179162159
-0.6205554520576821
-0.6205554520576821
-0.6280508179162159
-0.32310024929966846
-0.6205554520576821
-0.6280508179162159
-0.3230333122933832
-0.6205554520576821
-0.6355461837747496
-0.6280508179162159
-0.9330683235390487
-0.6280508179162159
-0.6280508179162159
-0.32306678079652584
-0.6355461837747498
-0.6280842864193588
-0.6280173494130732
-0.6280508179162159
-0.6280842864193585
-0.6280173494130732
-0.6205554520576821
-0.6280173494130732
-0.6280508179162159
-0.6205554520576821
-0.6205554520576821
-0.3230333122933832
-0.6280508179162159
-0.6355461837747498
-0.6355461837747496
-0.6280508179162159
-0.6205554520576821
-0.6280508179162159
-0.6130266176960057
-0.6280508179162159
-0.6430080811301409
-0.6355461837747498
-0.6280508179162159
-0.6355461837747498
-0.933034855035906
-0.32310024929966846
-0.6280508179162159
-0.6205554520576821
-0.6355461837747496
-0.6280842864193585
-0.6280508179162159
-0.6280508179162159
-0.6280508179162159
-0.6280508179162159
-0.9330013865327633
-0.6280508179162159
-0.6205554520576821
-0.6280842864193588
-0.6205554520576821
-0.6280173494130732
-0.6280508179162159
-0.933034855035906
-0.6280508179162159
-0.6280508179162159
-0.6280508179162159
-0.6205554520576821
-0.6205554520576821
-0.6280842864193585
-0.3230333122933832
-0.6355461837747498
-0.6130266176960057
-0.6280508179162159
-0.6280508179162159
-0.6280842864193585
-0.6280508179162159
-0.3230333122933832
-0.933034855035906
-0.6280508179162159
-0.6280508179162159
-0.6205554520576821
-0.6280508179162159
-0.6280508179162159
-0.3230333122933832
-0.6355461837747498
-0.6280842864193585
-0.6280508179162159
-0.6280173494130732
-0.6280173494130732
-0.6280173494130732
-0.6130266176960057
-0.6355461837747498
-0.6280508179162159
-0.6280508179162159
-0.6205554520576821
-0.6280508179162159
-0.6280508179162159
-0.6280842864193585
-0.6355461837747496
-0.6130266176960057
-0.6205554520576821
-0.6280508179162159
-0.6205554520576821
-0.32310024929966846
-0.32306678079652584
-0.32306678079652584
-0.32306678079652584
-0.933034855035906
-0.6280508179162159
-0.6280508179162159
-0.6280842864193585
-0.32306678079652584
-0.6280842864193588
-0.32306678079652584
-0.32306678079652584
-0.6430080811301409
-0.6355461837747498
-0.6280508179162159
-0.6355461837747496
-0.32306678079652584
-0.6280508179162159
-0.6280508179162159
-0.6205554520576821
-0.6280508179162159
-0.9330013865327633
-0.6355461837747496
-0.9330683235390487
-0.9330683235390487
-0.6280508179162159
-0.9330013865327633
-0.32306678079652584
-0.6205554520576821
-0.6205554520576821
-0.6280508179162159
-0.9330683235390487
-0.6280508179162159
-0.6280508179162159
-0.32310024929966846
-0.32306678079652584
-0.6280508179162159
-0.32306678079652584
-0.6280508179162159
-0.6205554520576821
-0.3230333122933832
-0.32306678079652584
-0.6355461837747498
-0.6355461837747496
-0.6355461837747498
-0.6280508179162159
-0.6280508179162159
-0.6430080811301409
-0.6280842864193585
-0.6280508179162159
-0.6205554520576821
-0.6355461837747496
-0.6280842864193585
-0.9330013865327633
-0.6280508179162159
-0.6280508179162159
-0.6280508179162159
-0.6280508179162159
-0.6280508179162159
-0.6355461837747498
-0.6280508179162159
-0.933034855035906
-0.6205554520576821
-0.6355461837747496
-0.6280508179162159
-0.6205554520576821
-0.6280508179162159
-0.933034855035906
-0.6280508179162159
-0.6280508179162159
-0.6205554520576821
-0.6280508179162159
-0.6280508179162159
-0.6430080811301409
-0.933034855035906
-0.6280508179162159
-0.933034855035906
-0.933034855035906
-0.6280842864193585
-0.9330013865327633
-0.933034855035906
-0.6280508179162159
-0.6205554520576821
-0.933034855035906
-0.6280508179162159
-0.6355461837747498
-0.933034855035906
-0.6280508179162159
-0.6130266176960057
-0.32310024929966846
-0.6205554520576821
-0.6280508179162159
-0.6355461837747498
-0.32306678079652584
-0.32306678079652584
-0.6430080811301409
-0.6280173494130732
-0.6280508179162159
-0.6355461837747498
-0.6280173494130732
-0.6205554520576821
-0.6280508179162159
-0.6280508179162159
-0.933034855035906
-0.6280508179162159
-0.933034855035906
-0.6280508179162159
-0.6280173494130732
-0.6280508179162159
-0.6280173494130732
-0.6280508179162159
-0.6205554520576821
-0.3230333122933832
-0.32310024929966846
-0.6355461837747496
-0.6280842864193588
-0.6280508179162159
-0.9330013865327633
-0.6280508179162159
-0.6280508179162159
-0.6205554520576821
-0.9330683235390487
-0.6280508179162159
-0.6355461837747498
-0.32310024929966846
-0.6355461837747498
-0.6280508179162159
-0.6355461837747496
-0.6280508179162159
-0.6280508179162159
-0.6355461837747496
-0.6355461837747496
-0.9330013865327633
-0.933034855035906
-0.6205554520576821
-0.6280508179162159
-0.933034855035906
-0.6355461837747496
-0.6280508179162159
-0.6280173494130732
-0.6280508179162159
-0.6280508179162159
-0.6280508179162159
-0.6205554520576821
-0.6280842864193585
-0.6280508179162159
-0.9330013865327633
-0.6280508179162159
-0.6280508179162159
-0.6280508179162159
-0.6280508179162159
-0.6280508179162159
-0.6355461837747496
-0.6280508179162159
-0.6205554520576821
-0.6205554520576821
-0.6205554520576821
-0.6280508179162159
-0.6280508179162159
-0.6280842864193585
-0.6280508179162159
-0.6280508179162159
-0.6130266176960057
-0.6280508179162159
-0.6280508179162159
-0.6280508179162159
-0.3230333122933832
-0.6355461837747496
-0.6205554520576821
-0.6280508179162159
-0.6280508179162159
-0.933034855035906
-0.6280508179162159
-0.6355461837747496
-0.6280842864193585
-0.6280508179162159
-0.6280842864193585
-0.6205554520576821
-0.6205554520576821
-0.933034855035906
-0.6280173494130732
-0.6280508179162159
-0.6280508179162159
-0.6280508179162159
-0.6355461837747496
-0.32306678079652584
-0.9330013865327633
-0.933034855035906
-0.6280842864193588
-0.6205554520576821
-0.6280842864193585
-0.933034855035906
-0.3230333122933832
-0.6280508179162159
-0.933034855035906
-0.6280508179162159
-0.6355461837747496
-0.6205554520576821
-0.6205554520576821
-0.32306678079652584
-0.6280508179162159
-0.6355461837747496
-0.6280842864193585
-0.6280173494130732
-0.933034855035906
-0.933034855035906
-0.6280508179162159
-0.3230333122933832
-0.6280508179162159
-0.6280173494130732
-0.6280173494130732
-0.6205554520576821
-0.6280508179162159
-0.6280842864193585
-0.9330013865327633
-0.32306678079652584
-0.9330683235390487
-0.32310024929966846
-0.6280508179162159
-0.6280508179162159
-0.32310024929966846
-0.6280508179162159
-0.6355461837747496
-0.6280508179162159
-0.6355461837747498
-0.32310024929966846
-0.933034855035906
-0.6280508179162159
-0.6280508179162159
-0.6130266176960057
-0.6205554520576821
-0.6280508179162159
-0.32306678079652584
-0.6355461837747498
-0.6280508179162159
-0.6280508179162159
-0.32306678079652584
-0.6130266176960057
-0.933034855035906
-0.9330683235390487
-0.933034855035906
-0.933034855035906
-0.6430080811301409
-0.32306678079652584
-0.933034855035906
-0.6280508179162159
-0.6280508179162159
-0.9330013865327633
-0.9330683235390487
-0.6280508179162159
-0.6280508179162159
-0.3230333122933832
-0.933034855035906
-0.6280842864193585
-0.32306678079652584
-0.6280173494130732
-0.6205554520576821
-0.6205554520576821
-0.6280508179162159
-0.6355461837747498
-0.933034855035906
-0.3230333122933832
-0.933034855035906
-0.6280508179162159
-0.6355461837747498
-0.6280508179162159
-0.6205554520576821
-0.6280508179162159
-0.6280508179162159
-0.6280508179162159
-0.6205554520576821
-0.9330013865327633
-0.6280173494130732
-0.6280173494130732
-0.9330013865327633
-0.6280508179162159
-0.6280173494130732
-0.933034855035906
-0.9330683235390487
-0.933034855035906
-0.6280508179162159
-0.32306678079652584
-0.6280508179162159
-0.933034855035906
-0.933034855035906
-0.9330683235390487
-0.9330683235390487
-0.6280508179162159
-0.6280842864193585
-0.6280173494130732
-0.9330683235390487
-0.6280508179162159
-0.933034855035906
-0.933034855035906
-0.6280508179162159
-0.6355461837747496
-0.32306678079652584
-0.32306678079652584
-0.933034855035906
-0.933034855035906
-0.6280508179162159
-0.6280508179162159
-0.933034855035906
-0.9330013865327633
-0.933034855035906
-0.6280508179162159
-0.933034855035906
-0.933034855035906
-0.6280508179162159
-0.9330013865327633
-0.6280508179162159
-0.6280508179162159
-0.933034855035906
-0.9330683235390487
-0.9330013865327633
-0.6280508179162159
-0.9330013865327633
-0.9330013865327633
-0.6280508179162159
-0.6205554520576821
-0.933034855035906
-0.6205554520576821
-0.9330013865327633
-0.6280842864193585
-0.6280508179162159
-0.933034855035906
-0.9330683235390487
-0.6280842864193585
-0.9330683235390487
-0.6205554520576821
-0.933034855035906
-0.6280842864193585
-0.933034855035906
-0.9330683235390487
-0.9330013865327633
-0.6130266176960057
-0.933034855035906
-0.6205554520576821
-0.6280508179162159
-0.933034855035906
-0.933034855035906
-0.933034855035906
-0.933034855035906
-0.6280508179162159
-0.933034855035906
-0.6205554520576821
-0.933034855035906
-0.6280508179162159
-0.933034855035906
-0.6280508179162159
-0.933034855035906
-0.9330013865327633
-0.9330683235390487
-0.9330683235390487
-0.9330683235390487
-0.9330683235390487
-0.6280508179162159
-0.6280508179162159
-0.6280842864193585
-0.6355461837747498
-0.933034855035906
-0.6280842864193585
-0.6205554520576821
-0.6355461837747498
-0.9330683235390487
-0.6355461837747496
-0.9330683235390487
-0.6280508179162159
