-1.713311312644247
-1.6071134466086723
-1.572447591316104
-1.5928171229246395
-1.6889170582325639
-1.6406838921280948
-1.63011608730337
-1.56539075277739
-1.660362673729272
-1.6044205037232546
-1.6094982355297294
-1.599377808790726
-1.606700676823559
-1.6625240526208644
-1.692582957762638
-1.604354627152759
-1.616713313377514
-1.6366615597424163
-1.6354030556097876
-1.7802261148741736
-1.6318707455291142
-1.6610498899308968
-1.7126212225747244
-1.6927183235318901
-1.617721700195904
-1.61817353480082
-1.6498437356990938
-1.5755628017532124
-1.6090036837066732
-1.5588566263292072
-1.6158303051138136
-1.5870965592922286
-1.6938591736297741
-1.5808377152483464
-1.67710594138225
-1.5526552547445451
-1.6478613078268458
-1.6530555383295011
-1.5905508640590489
-1.6321593969729065
-1.6503949785750827
-1.4917318935137602
-1.5676425396797113
-1.6248876882840502
-1.6365017771893207
-1.6456009277078878
-1.6331145552389406
-1.6435821781987152
-1.6997698721038854
-1.6329623009199228
-1.7082836429244652
-1.6632087388678403
-1.639655380161148
-1.6320223599968655
-1.211803627033646
-1.6603812256316937
-1.6315526164479612
-1.569052127143235
-1.6103995406708185
-1.6749837360311877
-1.6384108744325534
-1.6134849032076766
-1.590510719018068
-1.6216976225020057
-1.6376492470971242
-1.679938518808769
-1.804980911948686
-1.6880302636863946
-1.62547738868551
-1.682017126321181
-1.5385401568812886
-1.6693634417476302
-1.6518185232536022
-1.681128862006165
-1.6618960824565094
-1.7132271948223425
-1.6454197101239785
-1.6614499856226748
-1.6174759724929724
-1.6148780611986133
-1.6288597288817261
-1.616941854053535
-1.6135861703837306
-1.7181205904936412
-1.5926856071702216
-1.6365469942296258
-1.7607954322471064
-1.5381970336078703
-1.5977674979635543
-1.6130570250263148
-1.613276558779571
-1.596682619645347
-1.6511971827977825
-1.5922405993668283
-1.6359159587193437
-1.6342132848870707
-1.6196436462807144
-1.6658426660141257
-1.7468854525050708
-1.6383365041476032
-1.6249107818590856
-1.6786225820846423
-1.6803564902183286
-1.6273758416323068
-1.7097395994154232
-1.6987680587683847
-1.6072573401098853
-1.6427295193108833
-1.774681732812891
-1.603541105801205
-1.6322310332728929
-1.6642648704238248
-1.7214192117977176
-1.6251355376456176
-1.6428150250031894
-1.709206481945017
-1.6762071890392987
-1.7227643899940537
-1.7182298433314043
-1.6310669715411634
-1.5743241921452584
-1.6592850221167346
-1.6467377402936263
-1.6812843108621576
-1.6501488006337712
-1.7200516618738801
-1.6240318368134885
-1.601019793499904
-1.6997435653668875
-1.5956705301234713
-1.659687398058751
-1.6675367763064208
-1.546022875415753
-1.6187500301714015
-1.675607736546873
-1.6529301216624523
-1.6190157769436557
-1.683805541184557
-1.4905607759049706
-1.7074323091617405
-1.572663466616863
-1.6606581303921342
-1.6449513203337158
-1.6533974675525573
-1.635497655377859
-1.6404483415925217
-1.6738815015247617
-1.6644719083668378
-1.6614679451912395
-1.618461155155403
-1.6484882153206526
-1.5376513680104256
-1.6927783429099006
-1.6311052423958876
-1.6386521950562134
-1.5770527058431647
-1.7113705915827089
-1.650878982898255
-1.6783488325080356
-1.6410216008573317
-1.6835273998110023
-1.7512875236907546
-1.6120167812458654
-1.6278576064237356
-1.6392877330895466
-1.6444771667967149
-1.6714796112167507
-1.6741098108672252
-1.746486711232458
-1.645634183109481
-1.441944144254462
-1.6750817438967123
-1.6317182341469463
-1.603449447603431
-1.6735590638682525
-1.6368318776692306
-1.6209442196811172
-1.6681768647802135
-1.620744111915903
-1.6674559270109188
-1.6746202562372356
-1.6146749844111938
-1.6458383313104985
-1.6348832814830192
-1.6402337716627344
-1.6843462705579586
-1.7052574126532498
-1.6038328454952477
-1.6391929562954162
-1.5515439924848389
-1.7375421015019277
-1.595050142682602
-1.6967056680847845
-1.64146160311526
-1.6429718148418289
-1.5852149645622107
-1.5994060507312982
-1.5981443130399642
-1.6540073600378553
-1.6866443058580196
-1.6205933045343164
-1.705287330356868
-1.667006556075072
-1.6373650804126834
-1.6606424111274771
-1.6053707891417643
-1.6514528075776187
-1.62526218634754
-1.6591584305723472
-1.6160925701413147
-1.6688676420124178
-1.6305536226640582
-1.5654225184450987
-1.5573372759208133
-1.6709419945693094
-1.669370160099466
-1.6812775984388462
-1.71290049507844
-1.5375405479036761
-1.6408679755971087
-1.6992889256963624
-1.6353033891544266
-1.6344120876522112
-1.6067489340787457
-1.5460246386015473
-1.603126011069025
-1.7434238318638158
-1.646749676845421
-1.5893337381671966
-1.6156531234656704
-1.6389234739211895
-1.662753486688224
-1.6286230876305734
-1.6517016208632003
-1.5955838904668147
-1.6220649522563635
-1.6251014693164663
-1.6376735574339614
-1.6548140457885765
-1.5913464449789365
-1.6466825464632573
-1.6024884074987442
-1.612867321766352
-1.544646259752506
-1.6094779324097548
-1.6447027561196763
-1.642489881351209
-1.624192483988736
-1.5962555295085208
-1.6660827225346306
-1.6442871399887031
-1.699888225402687
-1.5909486794544678
-1.5110593142219
-1.6564632873801632
-1.5243666978896946
-1.6905881930958022
-1.6424648534327355
-1.401019748867769
-1.5939155983303053
-1.5744219571976885
-1.6415453855232456
-1.587052960595066
-1.6107994149510376
-1.6982335171859937
-1.731234888599419
-1.6388883107476573
-1.6249043084919725
-1.6600614436766483
-1.7469283674598444
-1.6156772493214269
-1.6881833115254539
-1.5021677365250816
-1.7277172846571192
-1.6709266137840573
-1.66402773596969
-1.814502863985497
-1.6251014693164663
-1.7685922214495378
-1.656606137172352
-1.5986028877637157
-1.643779960180713
-1.6263389935202763
-1.6214215318862064
-1.6124800536838122
-1.6004808179991932
-1.7015319200799157
-1.6274979826449807
-1.610732921027575
-1.7004816749552858
-1.707910024282727
-1.7520747849696665
-1.6593304211585405
-1.6128343929230862
-1.7598287234602983
-1.7146297312124705
-1.601052572879892
-1.6952199376411101
-1.7428490876466964
-1.6591618665857575
-1.6065052973808638
-1.689043271973295
-1.6562152822468967
-1.6608511854484893
-1.7415167124450965
-1.7568074543762977
-1.6484837983538307
-1.6301270159690626
-1.6604607161031764
-1.7507946042202887
-1.7466010185073502
-1.6707178055887888
-1.7131137625463093
-1.6666795174564775
-1.4955199139001634
-1.718621904597402
-1.6027226109255839
-1.703218564161686
-1.6874027559207687
-1.7297915546926173
-1.6607638525478337
-1.6842134059464597
-1.6698722965405652
-1.5830439339917302
-1.591266098489035
-1.4221614158289642
-1.5772315557657048
-1.6125741822019946
-1.5889350616937201
-1.5878282437741813
-1.7495435046041952
-1.6249898057226513
-1.620183614278364
-1.3981324460780233
-1.639924969028377
-1.6640043622272271
-1.612825102578065
-1.6896542054794816
-1.6448179942875332
-1.647859897706251
-1.636319782793174
-1.7184795547754272
-1.685266649716269
-1.6723791304537412
-1.6817562627234472
-1.7131774088023497
-1.654215603251631
-1.6578597326528142
-1.6045524337606236
-1.6589419311494404
-1.6099420258654533
-1.651759642587424
-1.6367230183088812
-1.6779540242385471
-1.638507308300457
-1.6707773490654152
-1.7474826368137226
-1.6674375558407342
-1.6495655470992427
-1.737065149981663
-1.6367454241311228
-1.5318377415494533
-1.592603956121067
-1.721885871225148
-1.6563087095787137
-1.6544882178997997
-1.756511516285018
-1.640371538403577
-1.4708286023427048
-1.6956240168293248
-1.5206327456760014
-1.5950332362211463
-1.6344217159447572
-1.5926752857386928
-1.6024243483617038
-1.7298481434545565
-1.672958319019691
-1.6411901471387256
-1.6457012403657654
-1.6255874114663207
-1.6394920034415303
-1.7146733565970795
-1.6042109526692487
-1.6885003956804165
-1.6873621079947851
-1.671077921442285
-1.6110552230589494
-1.6850541226065248
-1.6493590923873807
-1.5665738131879965
-1.6592373499822648
-1.6622168373284614
-1.66547618148402
-1.634566435698501
-1.61098320926516
-1.679437513582225
-1.6788848799555727
-1.605533614976099
-1.6020667449763852
-1.6784878501599225
-1.5880517319983978
-1.6145643368644043
-1.6056303359842712
-1.402114269334217
-1.6593460214932017
-1.5854890883923494
-1.6452494878836783
-1.543867338491784
-1.5451184604946029
-1.5544756315044885
-1.690779020180386
-1.665683920818032
-1.7124303837282757
-1.6545300145743036
-1.6466688793655755
-1.6669865825867023
-1.834129800823859
-1.6566311784979886
-1.704979628750449
-1.778797377816765
-1.6678568469617938
-1.6706451992706643
-1.620043888817463
-1.5267811075112487
-1.692437451512303
-1.6227287902890029
-1.8906079144113717
-1.6272953959851706
-1.8206669459449594
-1.7230077651028883
-1.7832888244775817
-1.6475221104571658
-1.649322599795503
-1.6738930507998153
-1.6117219436325037
-1.6005456037934809
-1.5488859154495647
-1.637637579248167
-1.630888255795822
-1.6099200827874727
-1.6130091927595984
-1.6584316375522812
-1.643770400965784
-1.8450777733838093
-1.7856913002239916
-1.6884294220280223
-1.6449764758451315
-1.643585814276109
-1.631209545726965
-1.5502069253325281
-1.638083685630687
-1.6060867523187115
-1.627442830542909
-1.6152619573874503
-1.6241584169540142
-1.5870061196562206
-1.6663016261087398
-1.6063725421099502
-1.7370123265162023
-1.5990225419225912
-1.619287719151533
-1.7648905282876468
-1.7676842511102289
-1.6415143759762139
-1.7164803905677004
-1.6676410007782787
-1.6117296784662443
-1.7514460935449503
-1.6828343396871945
-1.6512782701815625
-1.7458102799019248
-1.6262524367873916
-1.7559374129325918
-1.878382999076821
-1.664318915150619
-1.7308897212397742
-1.7832888244775817
-1.6593784468802355
-1.6893641627464318
-1.6864639755483903
-1.6206426063229946
-1.6593784468802355
-1.7712470948069554
-1.6800019127902714
-1.8408670003884695
-1.655365797764554
-1.5787129335493049
-1.7787622465306145
-1.732366101767678
-1.7158303685363678
-1.6203716835851247
-1.5607676715703214
-1.6231845808646
-1.7742931720756827
-1.7290331923903857
-1.5866757333478176
-1.7138146533667156
-1.7285016000868296
-1.602374558819748
-1.589118947721329
