-0.6338538151174551
-0.6235694187674037
-0.6287195523602238
-0.6235694187674037
-0.6235694187674037
-0.3140338333648107
-0.6132532807461746
-0.6235694187674037
-0.6235694187674037
-0.6235694187674037
-0.9331208750055855
-0.6184192851745836
-0.6287195523602238
-0.6184192851745836
-0.6287195523602238
-0.6235694187674037
-0.6287195523602238
-0.6287195523602238
-0.6184192851745836
-0.6235694187674037
-0.6287195523602238
-0.6235694187674037
-0.6184192851745836
-0.3140338333648107
-0.6287195523602238
-0.6235694187674037
-0.31404970420039957
-0.9331050041699966
-0.6235694187674037
-0.6287195523602238
-0.9330891333344078
-0.6235694187674037
-0.6235694187674037
-0.3140179625292219
-0.6235694187674037
-0.6287195523602238
-0.6235535479318148
-0.6287195523602238
-0.6235694187674037
-0.6235694187674037
-0.6287195523602238
-0.6235535479318148
-0.6235694187674037
-0.6184192851745836
-0.6287195523602238
-0.6287195523602238
-0.6235852896029925
-0.6235694187674037
-0.6287195523602238
-0.3140338333648107
-0.6235694187674037
-0.6235852896029925
-0.6235694187674037
-0.6235694187674037
-0.6235694187674037
-0.6235694187674037
-0.6184192851745836
-0.9331050041699966
-0.6235694187674037
-0.6287195523602238
-0.3140338333648107
-0.6184192851745836
-0.6235852896029925
-0.6235694187674037
-0.6235852896029925
-0.6235852896029925
-0.6235694187674037
-0.6184192851745836
-0.9331050041699966
-0.6235694187674037
-0.9331050041699966
-0.6184192851745836
-0.6235694187674037
-0.6287195523602238
-0.6235694187674037
-0.6235694187674037
-0.6235694187674037
-0.6184192851745836
-0.6235694187674037
-0.6235694187674037
-0.6235694187674037
-0.6184192851745836
-0.6287195523602238
-0.6235852896029925
-0.6235694187674037
-0.6287195523602238
-0.6287195523602238
-0.6287195523602238
-0.6235694187674037
-0.6235694187674037
-0.6235694187674037
-0.6235694187674037
-0.6235694187674037
-0.6235694187674037
-0.3140338333648107
-0.6235694187674037
-0.6235694187674037
-0.9331050041699966
-0.6184192851745836
-0.6235852896029925
-0.3140179625292219
-0.6235694187674037
-0.6235852896029925
-0.3140338333648107
-0.6235694187674037
-0.6287195523602238
-0.6184192851745836
-0.6235694187674037
-0.6287195523602238
-0.6235694187674037
-0.6235694187674037
-0.3140179625292219
-0.9331050041699966
-0.3140338333648107
-0.6235694187674037
-0.6287195523602238
-0.6235694187674037
-0.6235535479318148
-0.6184192851745836
-0.6235694187674037
-0.6184192851745836
-0.6235694187674037
-0.6235852896029925
-0.6235852896029925
-0.9330891333344078
-0.6235694187674037
-0.6235694187674037
-0.6287195523602238
-0.6235694187674037
-0.6235694187674037
-0.6235694187674037
-0.6184192851745836
-0.6287195523602238
-0.9331050041699966
-0.6287195523602238
-0.9331050041699966
-0.9331050041699966
-0.6235852896029925
-0.6184192851745836
-0.3140338333648107
-0.6235694187674037
-0.6235694187674037
-0.6235694187674037
-0.9331050041699966
-0.6235852896029925
-0.6235694187674037
-0.6287195523602238
-0.6184192851745836
-0.6235694187674037
-0.6287195523602238
-0.6184192851745836
-0.6235852896029925
-0.6287195523602238
-0.6235694187674037
-0.6287195523602238
-0.6235694187674037
-0.6184192851745836
-0.3140338333648107
-0.6235694187674037
-0.6287195523602238
-0.6235694187674037
-0.6287195523602238
-0.6235694187674037
-0.3140338333648107
-0.6287195523602238
-0.6184192851745836
-0.6287195523602238
-0.6235694187674037
-0.6235694187674037
-0.6235694187674037
-0.6235852896029925
-0.6235852896029925
-0.6235694187674037
-0.6287195523602238
-0.6235694187674037
-0.6287195523602238
-0.9331050041699966
-0.6235852896029925
-0.6287195523602238
-0.9331050041699966
-0.6235694187674037
-0.6235694187674037
-0.6235694187674037
-0.6235694187674037
-0.9331208750055855
-0.6132532807461746
-0.9331050041699966
-0.6235694187674037
-0.6235694187674037
-0.6235694187674037
-0.6184192851745836
-0.6235694187674037
-0.9330891333344078
-0.9331050041699966
-0.6235852896029925
-0.6235694187674037
-0.6287195523602238
-0.6338538151174551
-0.6235694187674037
-0.6235694187674037
-0.6235694187674037
-0.9331050041699966
-0.6287195523602238
-0.6184192851745836
-0.6235694187674037
-0.6184192851745836
-0.6235694187674037
-0.6235694187674037
-0.6235694187674037
-0.6235694187674037
-0.6235694187674037
-0.6338538151174551
-0.6132532807461746
-0.6235852896029925
-0.9331050041699966
-0.6132532807461746
-0.6235535479318148
-0.31404970420039957
-0.6184192851745836
-0.6235694187674037
-0.6132532807461746
-0.6235852896029925
-0.9331050041699966
-0.6235694187674037
-0.6184192851745836
-0.6235694187674037
-0.6235694187674037
-0.6235535479318148
-0.6235694187674037
-0.6235694187674037
-0.6235535479318148
-0.6235694187674037
-0.6184192851745836
-0.9331050041699966
-0.6235694187674037
-0.6235694187674037
-0.6235694187674037
-0.6184192851745836
-0.6235694187674037
-0.6184192851745836
-0.6235694187674037
-0.6235694187674037
-0.6235852896029925
-0.6287195523602238
-0.3140338333648107
-0.3140338333648107
-0.6235694187674037
-0.9331050041699966
-0.6235694187674037
-0.3140338333648107
-0.9331050041699966
-0.9331050041699966
-0.6235694187674037
-0.3140338333648107
-0.6235694187674037
-0.6235852896029925
-0.6235694187674037
-0.6184192851745836
-0.3140338333648107
-0.6287195523602238
-0.6235852896029925
-0.6184192851745836
-0.6184192851745836
-0.3140179625292219
-0.6235694187674037
-0.9331208750055855
-0.6235694187674037
-0.3140179625292219
-0.6235535479318148
-0.6235694187674037
-0.9331050041699966
-0.6235535479318148
-0.6184192851745836
-0.3140338333648107
-0.6235694187674037
-0.6235694187674037
-0.9330891333344078
-0.6235852896029925
-0.6235694187674037
-0.9331050041699966
-0.6235694187674037
-0.6338538151174551
-0.9331050041699966
-0.6287195523602238
-0.6235694187674037
-0.6287195523602238
-0.6235694187674037
-0.6184192851745836
-0.9330891333344078
-0.6235694187674037
-0.6184192851745836
-0.6235694187674037
-0.6235852896029925
-0.6235694187674037
-0.6184192851745836
-0.6184192851745836
-0.3140338333648107
-0.6235694187674037
-0.3140338333648107
-0.6235694187674037
-0.6235694187674037
-0.6235694187674037
-0.3140338333648107
-0.9331050041699966
-0.6235694187674037
-0.6235694187674037
-0.6235694187674037
-0.6287195523602238
-0.3140338333648107
-0.6235694187674037
-0.6235694187674037
-0.6287195523602238
-0.3140338333648107
-0.6235694187674037
-0.9331208750055855
-0.6235694187674037
-0.9331208750055855
-0.9331208750055855
-0.3140338333648107
-0.9331050041699966
-0.3140338333648107
-0.6235694187674037
-0.6235694187674037
-0.6235694187674037
-0.9331050041699966
-0.6235535479318148
-0.9331050041699966
-0.9331050041699966
-0.3140338333648107
-0.9331208750055855
-0.9331050041699966
-0.6287195523602238
-0.6287195523602238
-0.6184192851745836
-0.3140338333648107
-0.31404970420039957
-0.9331050041699966
-0.6235694187674037
-0.9331050041699966
-0.6235694187674037
-0.9330891333344078
-0.6235694187674037
-0.9331050041699966
-0.3140338333648107
-0.6235694187674037
-0.6287195523602238
-0.9331208750055855
-0.9331050041699966
-0.6287195523602238
-0.9331050041699966
-0.6235694187674037
-0.9331050041699966
-0.6287195523602238
-0.9330891333344078
-0.6235694187674037
-0.6184192851745836
-0.6235694187674037
-0.9331050041699966
-0.9331208750055855
-0.6287195523602238
-0.6184192851745836
-0.6235852896029925
-0.6235694187674037
-0.3140338333648107
-0.9331050041699966
-0.6235694187674037
-0.9331050041699966
-0.6235852896029925
-0.9331050041699966
-0.9331050041699966
-0.6235694187674037
-0.6235852896029925
-0.6235694187674037
-0.9330891333344078
-0.9330891333344078
-0.9330891333344078
-0.9331050041699966
-0.6235535479318148
-0.9331050041699966
-0.9331208750055855
-0.9330891333344078
-0.6235694187674037
-0.6235694187674037
-0.6184192851745836
-0.9331050041699966
-0.6287195523602238
-0.3140338333648107
-0.9330891333344078
-0.9331050041699966
-0.9331208750055855
-0.6235694187674037
-0.3140338333648107
-0.9331050041699966
-0.9331208750055855
-0.9331050041699966
-0.9331050041699966
-0.3140338333648107
-0.3140338333648107
-0.9331050041699966
-0.6235694187674037
-0.6184192851745836
-0.9331208750055855
-0.9331050041699966
-0.9331050041699966
-0.9331050041699966
-0.6235694187674037
-0.6235694187674037
-0.6184192851745836
-0.6287195523602238
-0.9331050041699966
-0.6235852896029925
-0.6287195523602238
-0.9330891333344078
-0.6235694187674037
-0.9331050041699966
-0.9331208750055855
-0.6235694187674037
-0.9331208750055855
-0.6184192851745836
-0.3140338333648107
-0.9331050041699966
-0.9331050041699966
-0.9331050041699966
-0.9331050041699966
-0.9330891333344078
-0.9331050041699966
-0.9331208750055855
-0.9331208750055855
-0.9331208750055855
-0.9331208750055855
-0.9330891333344078
-0.6287195523602238
-0.6235694187674037
-0.6235694187674037
-0.6235694187674037
-0.9330891333344078
-0.6235694187674037
-0.9331050041699966
-0.9331208750055855
-0.6235694187674037
-0.9331208750055855
-0.9330891333344078
-0.6235535479318148
-0.31404970420039957
-0.6235694187674037
-0.9331208750055855
-0.6287195523602238
-0.6287195523602238
-0.6235535479318148
-0.6235694187674037
-0.9331050041699966
-0.9331208750055855
-0.9331050041699966
-0.6287195523602238
-0.9331208750055855
-0.6235694187674037
-0.6235694187674037
-0.6235694187674037
-0.6235694187674037
-0.3140338333648107
-0.6235852896029925
-0.9331050041699966
-0.9331050041699966
-0.6184192851745836
-0.6235852896029925
-0.9331050041699966
-0.9331208750055855
-0.9331208750055855
-0.6235694187674037
-0.6235694187674037
-0.6287195523602238
-0.9331050041699966
-0.6235694187674037
-0.6287195523602238
-0.9331208750055855
-0.6235694187674037
-0.6235694187674037
-0.9331050041699966
-0.9330891333344078
-0.6132532807461746
-0.6235535479318148
-0.9331050041699966
-0.9331050041699966
-0.9331208750055855
-0.6235535479318148
-0.6235694187674037
-0.9331050041699966
-0.9331050041699966
-0.9331208750055855
-0.6235694187674037
-0.6287195523602238
-0.6235852896029925
-0.6235694187674037
-0.9331050041699966
-0.6235694187674037
-0.9331050041699966
-0.6287195523602238
-0.6235694187674037
-0.6235694187674037
-0.9331208750055855
