-5.747727303640737
-4.427761479870554
-5.661370229400524
-4.197079283284573
-3.5284858485825485
-4.380172590451587
-4.616137703032186
-4.65225220124948
-4.380375736751216
-4.531089680776816
-4.448318946983949
-4.38182644442436
-4.380375736751216
-4.563551247085028
-4.361940551654483
-4.406085949418737
-4.399287382566751
-4.592629791745662
-4.595194748383825
-4.388168809456961
-4.23844182699131
-4.37231252030695
-3.3743371507536866
-4.700100827529355
-4.263454276027031
-4.611264870283608
-4.363746057249467
-3.3508894205493274
-4.131918613218622
-5.6413086628122615
-4.4288905681464605
-4.424696555209855
-4.442478483163987
-4.363131907284026
-4.205477294193837
-4.372572672244341
-4.6888364072177
-4.64216498077943
-4.675601039269311
-4.320020446128416
-4.419769633992914
-4.358678207296027
-4.577408863758032
-4.467724304717779
-3.433242770992834
-4.824529290314065
-4.306094656798606
-4.310209929292922
-3.613084727706675
-4.171315774662717
-4.399277256138864
-4.208978338785823
-4.501486923457362
-4.379602446961007
-4.600878159434871
-4.40491772113264
-4.014457304394853
-4.704305383765501
-4.129878756355299
-4.531195768421453
-3.4581001785286754
-4.279930147865322
-5.021198167379538
-4.37290084032115
-4.449685377692649
-4.671307025158795
-4.675797878829694
-4.36070092757336
-4.256170243925674
-4.410046520476692
-4.413261269909839
-5.518157689046979
-4.666333337785186
-4.624218954124526
-4.4424784831639865
-4.5761045238111455
-3.4306842404166167
-4.2842646072821156
-4.359186907377065
-4.337574852310462
-4.591320917965513
-4.290887725631391
-3.9480147726059953
-4.401991191332457
-4.192160395273598
-4.373647832145786
-4.6155232892513345
-4.368702944913066
-4.31491142950698
-4.450592447680155
-3.8429266385238012
-4.386222403444428
-4.379602446961007
-4.664006893011926
-4.362106326740823
-4.050481716632947
-4.4686076744082275
-5.407119304449379
-4.398821945969472
-4.666004572210776
-4.4356614246851995
-4.236104367262506
-4.434748191957402
-4.402498348210917
-3.9455820372919135
-4.379511001906453
-4.379602446961007
-4.494821610240555
-4.649809917458517
-5.028812875554301
-4.40081079186066
-4.459288960039868
-5.3675476009959455
-4.326765931468062
-4.4634891014433515
-4.792391542579111
-4.418000905901241
-4.379561550947549
-4.398228865679558
-4.124584391812048
-4.393763291197414
-4.3990267275769055
-4.479537769879488
-4.164023517201594
-5.434551575214732
-4.288389240478554
-4.380375736751216
-4.640300183956434
-5.451810981552816
-4.374282073171586
-4.1574882842262735
-4.04866322475883
-4.194200191035424
-4.369009567161042
-4.319087176142112
-4.136221561946308
-4.46695351163627
-4.691076391990552
-4.372763544398539
-4.357338836302655
-4.676069901644304
-4.405273816495777
-4.367458023632065
-4.383558321933925
-4.4344568651007545
-4.476621935032341
-4.568982890711006
-4.474513069735852
-4.570362582316391
-4.378637304124895
-4.390229400994544
-4.541567443994167
-4.623955688035168
-4.332877870751315
-4.36655256309746
-4.380375736751216
-4.353731286046565
-3.306034107698465
-4.67671275932159
-4.11482553110144
-3.5024808981650817
-3.2502411214974196
-4.093494241819651
-4.413829537474937
-4.425054150763512
-3.8788288160919384
-4.396842325231862
-4.358807570190248
-5.131243337066477
-4.347198470623789
-4.376598991608694
-4.20811677007184
-3.528198212711634
-4.539229641708168
-5.423349144116234
-4.6839294321838185
-4.459438918498121
-4.3624481272470135
-4.436748099408226
-4.608172955415935
-4.3786928060214505
-4.430534608890812
-4.361906039257828
-4.237043903599308
-4.411529552482036
-4.380375736751216
-3.5227125932422063
-4.396737203263914
-4.270256211567043
-4.475817543297893
-4.316185555920192
-4.137827290455497
-4.4275048983962355
-5.4111453185066125
-4.444907642593765
-4.380375736751216
-5.44058617211245
-4.528451229594435
-4.45325500961146
-4.386360404817971
-4.4158902172157255
-4.382398832799906
-4.201383603563112
-4.339962723198423
-4.354906241892325
-4.367585612583889
-4.611264870283608
-4.642484835648113
-4.381438954420212
-3.309486123676728
-4.5971306431069525
-5.065505570227597
-4.420311675839991
-4.253427784251579
-5.62239484356829
-4.3814389544202115
-4.1583099716933605
-4.36135717288662
-4.720094708478953
-4.303267404869427
-4.3588903863884285
-4.286651812817643
-5.490007487382901
-4.3724701311049365
-4.3831883624768295
-4.39839031577546
-4.5841004267104175
-4.220703728806108
-4.432099429755539
-4.379602446961007
-3.311515908096021
-4.642941477704885
-4.3217012919677185
-4.357859541267644
-4.48338189905608
-4.3340501165741285
-4.319211527306212
-4.130496263735828
-4.283730200510089
-4.318272990338445
-3.4027888070385033
-4.430437447446929
-4.455798372103856
-4.738096423603077
-4.371370107081162
-3.3717852922669826
-5.85726271510009
-3.203930461205441
-4.3423997553328535
-5.2962928295542255
-4.2587822580295205
-3.337598978426443
-5.86750413724629
-5.140633957279276
-6.1558082214096865
-6.153320850041589
-5.366763471378449
-5.282352043677793
-5.699976156947683
-5.6352128025253885
-5.152467008432613
-3.3634794187405417
-5.697113159874595
-5.853487563007124
-5.567618438918804
-4.879220301915646
-4.469448771684777
-4.831692901183475
-4.574356556087634
-5.9995090611116
-5.591677280679394
-5.301981783947844
-5.101049830095059
-5.613693822217643
-5.466785205089491
-6.25910482429333
-6.25910482429333
-6.156292668618888
-5.347258839790383
-5.2950890666492985
-5.469970172503473
-5.682089173170758
-5.4039243200216385
-4.0142960198027895
-5.962734274950793
-5.9546582298439885
-4.385108202751743
-6.25910482429333
-5.564625558281987
-4.646101403087136
-5.601919272229168
-7.195066907583877
-4.428688685321609
-5.700627080454547
-5.355901115046687
-5.619441898755541
-6.1786854876282025
-4.5006211017426905
-6.285963633433005
-5.392037892624109
-5.1459821770024385
-5.059025787620097
-5.304772865287333
-6.661942929509154
-5.378630107639746
-4.785080229198943
-6.259606631332819
-6.689291654895212
-6.661942929509154
-6.998874673065435
-6.986523777256108
-5.628106751463994
-5.3586801804265285
-5.937480194927397
-4.878692699233223
-4.6349474487302444
-5.716031949110527
-5.489474107142282
-4.579336282309125
-4.943478629442702
-6.408878816266967
-7.109981237407743
-7.149151084258787
-6.634581872873802
-6.576918909682732
-3.7289230625557024
-6.037879652256489
-6.55124032267758
-6.949798227128261
-6.170594747333752
-6.710513456305211
-3.4385182547203783
-7.109981237407743
-6.607083041365523
-6.563427649836839
-7.149151084258787
-6.2871002130569895
-6.096450995964839
-6.926352324846117
-6.145939882097158
-4.2462173106037735
-7.149151084258787
-7.037911041123294
-4.2557994292465215
-6.78709964594095
-6.612545543328947
-6.048681079857915
-7.149151084258787
-6.28710021305699
-6.437017861274416
-5.150728135702484
-6.192994592649008
-5.384223335626481
-7.109981237407743
-4.2042523192939685
-4.798846938759743
-6.955919599308195
-7.149151084258787
-6.815034387656475
-7.088016049887797
-5.301190150982137
-7.068810026875185
-5.813924591714284
-6.604170787400765
-5.1920384104087125
-3.4706879114147156
-6.854046594708995
-5.7689063500598365
-7.234470285205505
-6.320851625804923
-7.273873662827131
-6.713951852878769
-6.893154294621803
-7.149151084258787
-6.048681079857915
-7.09564820024931
-6.64157568253171
-6.739842508930376
-5.121873490584088
-4.4351857575623725
-6.664569216849433
-7.045244526323981
-7.146698574432428
-6.713951852878769
-5.398764968515336
-6.447985491004127
-6.154030042930405
-7.146698574432428
-7.472700730177358
-6.849080296296785
-6.891946556374473
-7.217066103572822
-7.23649338719982
-3.5574173691628967
-5.567434714451187
-6.085808579460409
-7.177647929474318
-7.404398008138842
-6.2581708523955895
-6.434122500642854
-6.701960049684353
-7.027682975753303
-7.439352866333072
-6.886030269596912
-6.058270960903268
-6.456431309413862
-6.144085275914334
-7.384970724511843
-5.712281522688037
-6.718407922246102
-6.886030269596912
-7.439352866333072
-7.149151084258787
-7.217066103572822
-7.11966591663253
-7.472700730177358
-5.0427950897177425
-3.522965163295464
-6.9614314769682855
-7.117820800883745
-4.410896634680942
-4.623213619022129
-6.2581708523955895
-4.511982820652802
-7.472700730177358
-7.129198882878885
-7.620574538164172
-6.417471217377209
-6.453658183290046
-6.281303631893072
-7.4379514040293575
-6.189100276285579
-7.434097411719146
-7.2889337929719975
-7.255108928549137
-7.355268817222394
-7.620574538164172
-5.077694644584286
-7.472700730177358
-7.620574538164172
-7.134599882323011
-6.171028451640311
-7.152725426429338
-7.620574538164172
-5.201905533917171
-7.390217557648994
-7.620574538164172
-6.453658183290046
-7.32890481007364
-7.294572382419242
-7.377587210243593
-7.02554545199672
-5.760001292443399
-7.239028690949043
-6.22291997292494
-7.365543440884846
-7.620574538164172
-4.634570308875222
-7.5506648217757135
-7.620574538164172
-6.121283166145973
-7.323059995080447
-6.857482843733912
-7.5506648217757135
-6.251566147786527
-6.8276179548457465
-6.59730495918875
-7.620574538164172
-6.2725584886203904
-5.793797378323616
-6.342859878245568
-5.5291079758970945
-7.181507716053384
-7.585619679969943
-7.310420554709987
-7.620574538164172
-4.465189420706099
-7.110512343605519
-7.620574538164172
-7.516860990747713
-7.620574538164172
-7.620574538164172
-5.8931420717385405
-7.413147443331252
-7.620574538164172
-5.985972797067166
-6.810075775730687
-7.057754274138668
-7.258131194501972
-5.0846748263184995
-7.620574538164172
-7.620574538164172
-4.168536059108136
-4.311257505846021
-6.86022354424458
-7.620574538164172
-7.620574538164172
-5.6178288032049
-7.620574538164172
-7.02554545199672
