-1.7168699499182383
-1.6263987530457167
-1.6222247641693803
-1.2939220568409082
-1.6502479716216891
-1.6249673132750995
-1.637364609988091
-1.6338069505598127
-1.613807419258853
-1.6581092451306634
-1.7555989430333319
-1.615316386849138
-1.6683786666292726
-1.782121169882615
-1.6191754531083264
-1.585239118251657
-1.5367948820937796
-1.6146692874401396
-1.6003752420411
-1.678543977296252
-1.6840381606140975
-1.6522277924878954
-1.6144142096652416
-1.6645327740136926
-1.6243114825538838
-1.598567149811781
-1.7512287765033898
-1.6535696223126066
-1.6563423340805128
-1.7072351663105412
-1.6303444786091923
-1.6334801350066326
-1.6662522679131038
-1.622478757315208
-1.6153871874195433
-1.638200923718663
-1.6581748656331692
-1.6768523402823392
-1.6154428682200848
-1.6142265726931588
-1.7272875248178219
-1.6561327689634944
-1.718869376459615
-1.6336867240880266
-1.6114144098463397
-1.6163151627102657
-1.6324968147987342
-1.5948019846300345
-1.7028750169285265
-1.7033929190804633
-1.6423519511486406
-1.639266184246581
-1.6484598417978595
-1.671257332327234
-1.6037623668614565
-1.653769762430472
-1.6822429599504556
-1.6506337678702971
-1.6605164809067747
-1.6870153486592527
-1.7040417157477397
-1.6260128666075728
-1.704371533366286
-1.6396544543224165
-1.6580882695718604
-1.650520353999502
-1.551465483717199
-1.642239547326569
-1.6681819861563207
-1.6153293692339656
-1.6612481977307656
-1.6369316026923626
-1.6197694931870292
-1.6313606491940247
-1.5629933238264289
-1.7468255562624575
-1.7039165437951647
-1.656428625943019
-1.6358470799137246
-1.5222500490894828
-1.597735395551648
-1.6399495024447057
-1.6454293127569144
-1.6735819675067547
-1.6663042527146255
-1.6495095258746677
-1.6549480143173119
-1.644184111098279
-1.6011717519635655
-1.6594301087028507
-1.6683363596421206
-1.6788696168961212
-1.5947312707976955
-1.5717539835718546
-1.6784421951355244
-1.635732129054952
-1.5772959525101384
-1.6922937636972448
-1.6228116090104547
-1.6632205520608077
-1.7033474225869658
-1.6842093371237477
-1.6205405878797272
-1.6909781243610351
-1.623249916907387
-1.646022146074109
-1.6244155993834748
-1.5528782128109282
-1.5650327914511095
-1.6721131438158494
-1.669530867184042
-1.6796531472396061
-1.6271566029569806
-1.5523347152630005
-1.624411485606061
-1.6199383952229105
-1.6228627732378809
-1.6853240316615419
-1.6631699829542628
-1.6964031661091774
-1.6426810408386465
-1.5963090969980598
-1.676288560593222
-1.6752381298501668
-1.6252910734485173
-1.6439086871633692
-1.6973162339636398
-1.612180415364746
-1.6544076203565372
-1.6568874233825512
-1.6993345768663979
-1.637242970046395
-1.4840495261140132
-1.5089819806316598
-1.6661931939635832
-1.6753262319363
-1.70521471130294
-1.6305926426001194
-1.5261497342928791
-1.5692429069597675
-1.622091871066377
-1.7089575915651902
-1.5851744715672333
-1.6065614988834904
-1.6884961585473384
-1.7827468133261446
-1.6025842077340808
-1.6057836861454544
-1.5399793113608382
-1.6323367507887205
-1.5831602892856036
-1.5730043069141422
-1.6878445984102572
-1.622333612697577
-1.6752420681494091
-1.6800607345309846
-1.6657243679027227
-1.6071807714001431
-1.6446289689296216
-1.645632501098471
-1.6997340572061899
-1.6192470972300381
-1.5789709684548714
-1.6223850938355813
-1.6266623184687046
-1.5894782753593761
-1.591403239836905
-1.7035557994513433
-1.7381307240367365
-1.7745016586354605
-1.6683961801842377
-1.6727387655556176
-1.6898491676672243
-1.5447597367770618
-1.7077731341142495
-1.5435810304131867
-1.624328939259292
-1.6057542107686928
-1.6472063421760292
-1.6700989033597164
-1.6186467518772476
-1.5124177159372392
-1.554152576079869
-1.5183837218347869
-1.6930118273732058
-1.6972422234341091
-1.6622978443824499
-1.7231942103186315
-1.683088976864579
-1.7059580146824092
-1.6014861784373724
-1.6274237898952217
-1.5818966277916575
-1.6759300495518537
-1.6416648568685734
-1.7232010698183575
-1.5461426360917627
-1.610570353917146
-1.7069413172320478
-1.593772452870569
-1.678449785546905
-1.6819033928722071
-1.595304496229221
-1.6586941092339587
-1.5717260783130413
-1.6204256957337786
-1.6525217726017285
-1.7153327583379332
-1.6227183498499744
-1.619435723314777
-1.6267236870261828
-1.6319695771666451
-1.6401929161321667
-1.672417755705124
-1.5042613435191217
-1.6538607619067538
-1.6399373137936073
-1.6661807809095148
-1.6785383178507838
-1.7700533702481078
-1.7339831111982185
-1.5754037175737754
-1.6345126076661276
-1.6419643772882762
-1.5348509503258767
-1.6143223075323596
-1.6758388779513465
-1.6227503687341993
-1.670612755375714
-1.575503650191575
-1.6347668786586165
-1.6330410078307014
-1.7398323978296477
-1.629424204759329
-1.6703746567390174
-1.6723334395839526
-1.6006589478574722
-1.7289699369226943
-1.6648719243760788
-1.6172781239454528
-1.5888213386976175
-1.6632592435134874
-1.5994908325566528
-1.638385793799954
-1.70000661957855
-1.7194359488785287
-1.6015975931234223
-1.6295760064132703
-1.6529230663838892
-1.6056320601385532
-1.6823683140170413
-1.6117409393736886
-1.6295175143639582
-1.6245758714851184
-1.6735542031070687
-1.6742136706073172
-1.6204192901152998
-1.64192762329843
-1.7119136299345927
-1.6062063001897773
-1.616221434198867
-1.6271311281980412
-1.5957944264628658
-1.7520755527810878
-1.5603249914950563
-1.6288963393858902
-1.719127826180506
-1.6170731205164501
-1.709243197969294
-1.6488107029734937
-1.5386756738907472
-1.6402322290833493
-1.6491226453718406
-1.7623903890765134
-1.5920763670169524
-1.636139238114176
-1.6516320501690502
-1.6370795189988994
-1.6736050964221287
-1.7493425480840668
-1.66704354004926
-1.557247597083137
-1.6450556162702954
-1.6098305804511026
-1.9071391382448724
-1.6605116267522952
-1.6150425021257357
-1.6859687588166505
-1.6600686359602896
-1.6049563267206508
-1.6375996908497534
-1.65425125362748
-1.5937700807484203
-1.6726172014733922
-1.9071391382448724
-1.6445619423665283
-1.6776785946709176
-1.6789050006786606
-1.6960510370707351
-1.6693737139873994
-1.7271616742020588
-1.6569694517287188
-1.6677775367538488
-1.5367368209793622
-1.6698446635361504
-1.9071391382448724
-1.7426340486474206
-1.8101809927809276
-1.6728879707533308
-1.6978286344726843
-1.629436398664654
-1.6079471681577517
-1.5180287246020685
-1.6267877335011194
-1.6478148215151658
-1.80182036969178
-1.6196314283988644
-1.7151900226732364
-1.7670351746803181
-1.7980777804501697
-1.8712400354758243
-1.598859038909545
-1.6945500804807685
-1.9787774501492406
-1.7618203745595986
-1.728261541835345
-1.552006738330238
-1.601082969614589
-1.740719534338849
-1.6522789107704694
-1.7326016721522257
-1.8694316725732751
-1.7724582309152161
-1.723460370504187
-1.6573612828746385
-1.7747692765163345
-1.8458326347301155
-1.765233554828987
-1.6654887017181645
-1.6393534334667925
-1.6613380432726663
-1.8194732739948982
-1.767148812134094
-1.7250706162802294
-1.8389010764736224
-1.754590832909927
-1.9787774501492406
-1.7442824093736002
-1.7998920057632157
-1.7122388316919623
-1.6558633901766824
-1.6517294077276212
-1.6139299837127732
-1.6518192466499402
-1.8684605650335855
-1.6702785546199237
-1.8893373002367644
-1.7581471270718378
-1.7981150898897473
-1.7300757407354843
-1.7858785924256175
-1.7024161820144936
-1.7673322082242668
-1.730102005402677
-1.7689122270391033
-1.623112405724564
-1.8023679687691878
-1.773812827494183
-1.561162964984359
-1.859068783757251
-1.853302880730454
-1.8321557366543146
-1.7673713703597076
-1.5641487524173132
-1.716218701090195
-1.767563524953486
-1.865665509847111
-1.7998920057632157
-1.797406613892636
-1.6305399213696843
-1.6199077450937114
-1.8427337315973737
-1.685534023159389
-1.6636565299672008
-1.851038606363772
-1.9787774501492406
-1.859068783757251
-1.851038606363772
-1.80473895622489
-1.5827541224161625
-1.8711490882627746
-1.7385348907498432
-1.8770136261293322
-1.8652380590171238
-1.7806220832731616
-1.8887854411327958
-1.9788142057627416
-1.6024609550162692
-1.7705771827455359
-1.7572926973836394
-1.85570759553607
-1.8904090062290897
-1.7688286757563425
-1.788621978826124
-1.9788142057627416
-1.7799127139434143
-1.859512652831147
-1.8584676927584383
-1.8461832713133748
-1.87391763311459
-1.9862735443554187
-1.7408728186519171
-1.8649576473883795
-1.6759451569350352
-1.6253424313047649
-1.878604806278285
-1.6763422964030237
-1.8723743485347952
-1.7720429158136015
-1.5499227165742755
-1.7690210604664383
-1.7981150898897473
-2.005745080906904
-1.9185146488084306
-1.6015991628798436
-1.8351066975989188
-1.8247066288636966
-1.7370002940508458
-1.927855378851875
-1.6750199560330368
-1.792911960796313
-1.706592993900081
-1.801165507070611
-1.9264510320562835
-1.94395819480874
-1.7129470915347904
-1.6558038251059872
-1.8700415534020567
-1.7748381521009255
-1.5645260154550844
-1.9269893696163163
-1.8680534515731906
-1.6162730810299724
-2.035574344235323
-1.6319874075111989
-1.633471479659523
-1.7131818433255748
-1.6322173135077882
-1.5645284985946257
-1.8399746664143126
-1.8074892526543929
-1.7354942074512478
-1.7357432871842258
-1.8026971481961989
-1.9809151426847231
-1.8789960323083732
-1.7484013850294127
-1.5993581980308829
-2.0784508889728643
-1.6595408346163945
-1.6084847372772326
-1.960137851987136
-1.6468173395714243
-1.5824087613927467
-1.6905954839468318
-1.7288226852860595
-1.7267239907576695
-1.3621221182675787
-1.5921436581413757
-1.8200253259873385
-2.0213359715792114
-1.9456049790844747
-1.9083700291400514
-1.6425187751362857
-1.6597690778411451
-1.7967831456312295
-1.9784410279581075
-1.7282820488729134
-1.6938918772429872
-1.785903798396388
-1.700067961699864
-1.6727910984970982
-1.7336234487976654
-1.7888747099202031
-1.8604848320545748
-1.9030395607554673
-1.7288226852860595
-1.878114829670584
-1.7586393843421813
-1.9952868062453273
-1.7235928316483704
-1.7862060461767448
-1.9120003319417156
-1.7033881919290543
-1.7452123836890592
-1.7623313541623877
-1.6613933577855282
-1.5644209679331293
-1.9257187589365157
-1.8200253259873385
