-5.773604044561424
-4.269997459134723
-4.395979493067608
-4.3848718120839845
-4.474828888301604
-4.320652677573018
-5.334217537345333
-4.377133676633898
-3.42490844182409
-4.404765793657653
-4.391086333269294
-4.364585695221118
-4.510050552634801
-4.085862498569595
-5.361226961441694
-4.448059659667194
-4.445946247986777
-4.658726520588131
-4.47107392148075
-4.649736019396371
-4.360272158346552
-3.4980682698644427
-4.342599702357764
-4.511393305613531
-3.5063038336169803
-4.166424963590726
-5.771045999114546
-3.3748501082543965
-4.427471795987934
-4.325753865969675
-4.3735780420891635
-4.208806883445947
-3.4178472461697904
-4.305891211239826
-4.948676108713245
-4.334527439416908
-4.5158060016369586
-4.635838953322589
-4.558017427724501
-3.367920651860805
-4.227912194519769
-5.173593190557769
-4.288435710043146
-4.413489543205458
-4.42027072198679
-4.3069276159709124
-4.3639159425598555
-4.646120350165386
-4.533875287537076
-4.374033234407196
-4.635124077181103
-3.4554782300441858
-4.548028382823217
-4.684566145226309
-4.269667444422314
-4.25538717756297
-4.354539208023292
-4.175852339866552
-4.305901513696166
-4.094105943785627
-4.353077303939981
-3.3882773989667174
-5.416814908574065
-5.28767115922331
-4.3848718120839845
-4.302979226764974
-4.384259976752591
-4.359194162966642
-4.650025772568337
-4.288225292263664
-4.270231936241075
-4.343961590636281
-4.269951191552954
-4.506293056870989
-4.441825596281291
-3.381898512973729
-4.482252636159779
-4.378565392742702
-4.282672620711789
-4.155965477055389
-4.332496046048392
-4.347755702486284
-4.13415887377063
-4.627394260160782
-4.648823458305123
-4.465690502259439
-4.379776270853685
-4.832273360161566
-4.4229478169940935
-4.392481307865501
-4.363594296454963
-4.408717894979421
-4.24325575707757
-4.398744240705808
-4.369659757535715
-3.4224126682082163
-4.392994340424011
-4.906419917552567
-4.406298387817566
-4.3336766500153985
-5.63253969680217
-4.462839429546468
-5.448302683234999
-3.321127484333098
-4.704071063439386
-4.406298387817565
-5.59932019745368
-4.470365814910831
-4.6259292918263055
-4.373702369747568
-5.57077413698501
-4.241896486008485
-4.324409211512587
-4.46034292067794
-4.371412374722501
-5.431384866533826
-4.317450198826345
-4.887358506853277
-4.421520233697119
-4.655564652571711
-4.411130516693248
-4.372659558292641
-4.423584930175532
-4.341394444449283
-4.15233435147683
-4.330467842395015
-4.393348446176108
-4.395454304448664
-4.3970766110315935
-4.404990999846339
-3.4896140534410627
-4.394844610846257
-4.714682708646329
-4.6487119883950045
-3.438533588296003
-3.3018657088506043
-4.382887667699445
-5.425073327139888
-4.249219460688439
-3.98423676113043
-4.74774284027987
-3.5265644333599653
-5.363191167520322
-4.384096908156858
-4.406149327713006
-4.559956116488691
-5.002955933378168
-3.3628939367210764
-4.357257513092412
-4.373520741444198
-4.388109071304275
-4.3848718120839845
-5.402035778905736
-4.319895674404558
-4.487804156952172
-4.4676181415350875
-4.39817585947754
-4.402887387501006
-3.434849886595369
-3.342920057947368
-5.281511627475911
-3.376138619787846
-4.241419248081133
-4.385104737383612
-4.356338713570118
-4.396822418458344
-4.4736724613359655
-4.235811062952418
-4.274500883069635
-4.383648141421197
-4.466606899753765
-4.279627834183461
-5.406404690032646
-3.3734243878151196
-4.393980064896959
-4.396407098116923
-4.439234690911157
-4.665737587356071
-4.309404897311886
-4.435487054978409
-3.1791836911445
-4.4621021705523525
-4.409729694703895
-4.322881645883314
-4.210388430518794
-4.670617224444153
-4.369659757535715
-4.314591418309607
-4.429509720290204
-3.3905540472499567
-4.335916888083688
-3.3023405122612237
-5.3801069757441535
-3.175009554317068
-4.384857641287106
-3.3850403990306273
-4.408417476523748
-5.263882456207698
-5.382912238920954
-4.384051955264603
-5.671340501659385
-4.439224349193873
-4.183646092872257
-4.381586407403508
-4.449933945910711
-4.4856569210476955
-4.605514457004058
-3.4394874867384817
-3.381898512973729
-4.528847784798245
-3.1875457659308624
-4.606071952469557
-5.655945628702134
-4.3735434151886885
-4.393957772573988
-4.4917230614531185
-4.347848936811221
-4.398444152993491
-3.501032376153662
-4.383891130364492
-4.533289035352481
-4.386955762639607
-4.329223321273602
-4.4177087288714905
-4.718934494237514
-4.428235313774417
-3.452028680295407
-4.454644640233261
-5.731115526511852
-4.324353765334768
-4.43040987138762
-5.702747909092375
-4.377133676633898
-4.385448657463565
-3.814630833695826
-4.431492377322902
-4.4096335567487195
-3.4349547871486417
-3.4711336170726503
-4.399024401640329
-4.4287876671343165
-4.4337992217033495
-4.262562166306113
-4.523297001587228
-5.333399484023599
-4.0431878359950515
-4.342495109255501
-4.663947958400118
-4.055026445842663
-4.601196643706232
-3.333539401539973
-5.771092841813369
-4.134365639286232
-4.67655665874815
-5.1150643579697705
-4.389881392913972
-5.329860120112912
-5.399162302538474
-5.641954201269214
-5.087152695487912
-3.804057204385972
-4.1135653781256245
-5.771092841813369
-5.110506596626729
-5.440752876521226
-4.789450907075085
-3.2682466443027747
-3.4320113381013115
-5.254947523333703
-5.388080282629378
-5.5255817249840185
-5.754180178502062
-4.868397088134162
-5.82259145503559
-5.82259145503559
-3.4432731675291617
-5.73321325699289
-5.428872136380191
-3.2983462873292653
-4.298009773300379
-4.148815818371048
-5.775101722360974
-6.301061811886654
-5.245938757699926
-4.406298387817565
-6.301061811886654
-6.301061811886654
-5.380926832563536
-5.371521433071801
-4.514919593311944
-4.441094049503951
-4.533862950005444
-6.205610855816521
-4.436630991878258
-1.8580401395762571
-4.309202185494955
-4.522509897069869
-4.09148554842737
-6.160148237115493
-6.160148237115493
-4.404751979887703
-5.8663766107416375
-5.338539134672056
-4.391336596946166
-1.9506207086849763
-5.315797880550991
-6.193114180041251
-6.121329767438448
-4.6678589690680985
-6.17611436590812
-4.421377786196297
-6.160148237115493
-5.893105275678427
-6.257066162679384
-6.186609375293803
-4.604096992269838
-6.186609375293803
-4.339204464562452
-3.366388055011443
-5.75545346273889
-6.1232550571901845
-3.603803352617701
-6.287116264017639
-6.262815230461508
-6.212279756819617
-6.287116264017639
-5.864596964384827
-4.323563212171386
-6.279036267223423
-6.285338946435402
-4.544102187941198
-6.285338946435402
-6.2737110980704145
-6.287116264017639
-6.281610354123447
-6.152446645961759
-4.675444534037044
-6.075126759218138
-6.079896612598342
-6.223632250566566
-6.287116264017639
-4.6477825415746645
-6.287116264017639
-4.32498957000856
-6.287116264017639
-6.287116264017639
-4.238304454022564
-6.287116264017639
-4.420047641534727
-6.213690852610738
-6.016412599147268
-5.265984696621113
-6.2888935815998765
-6.299284494304417
-6.1649907430175555
-4.552265137913972
-6.28081358480566
-5.750983421555481
-6.160148237115493
-6.17030944574455
-4.272635598982434
-6.285338946435402
-4.880914061982981
-6.2888935815998765
-5.183770443488518
-6.1553057312134305
-6.218705962133249
-3.363276683013056
-6.039592478173804
-6.4137058852793025
-4.967359129480125
-5.4233434876517865
-6.198934750069232
-3.908491959059298
-6.25939423209557
-5.090519088339755
-5.903578983450203
-6.454599245242813
-4.684622769973803
-5.321327593563664
-3.9470164701450305
-5.357939339445336
-3.7937295949988434
-4.345229684660943
-6.300075250956912
-5.387845111194241
-6.184996006885511
-5.3408517770759065
-5.305898984252709
-3.4426455058439176
-5.679079678269738
-3.44250024486941
-6.660799009702258
-4.431077160780178
-6.324336008777666
-5.162615999822122
-5.430921994458173
-6.1553057312134305
-3.433435122669823
-6.64792075430876
-5.165428937438427
-5.986047825181296
-4.321176980822936
-4.460776632739837
-6.324336008777666
-6.600546241207994
-5.169053641966504
-3.4697475870309846
-4.406149327713006
-6.753984182444099
-4.665999316171901
-5.827589646145795
-5.36641853546066
-6.792739967180706
-5.429440375153899
-6.606161670143553
-4.4124088978957845
-6.741777507349648
-5.925992228963839
-5.9717996242744755
-6.031530844678223
-4.430982911793915
-6.6551792918881585
-6.6551792918881585
-6.39571380301668
-6.742408129109247
-5.917664215145837
-6.7508426988660934
-4.377340660906041
-6.054549584294274
-5.091181374097352
-6.698793710498703
-5.981240690273468
-6.344918366373114
-6.8629941876355485
-3.360772822900562
-6.7889194974158285
-6.774973949546814
-6.211058158702603
-6.606161670143553
-6.727792029096442
-5.939994761718433
-6.373575613297672
-5.426385543477218
-5.839518585354229
-5.653856022246697
-6.742408129109247
-4.40084155686504
-4.673677300719017
-4.207526867200195
-6.914566432053793
-6.774973949546814
-6.720819255161935
-5.241047756349339
-6.742408129109249
-6.801948974258551
-6.794893945381654
-6.336681345362407
-6.621822070582946
-4.264648734979466
-6.119012935345659
-6.553215370455344
-4.469627247167258
-6.774973949546814
-6.674307886855354
-4.974780717338294
-4.377135586100049
-5.557185243190469
-6.917951259258009
-3.390434149143422
-7.074349943274125
-6.475498513641021
-5.930717929201471
-6.78373841679546
-3.481870382979218
-6.638876961772597
-6.777729438602899
-5.387113242752549
-6.821485317853393
-6.439334724428363
-4.7798419737444195
-5.951345666939273
-6.698356882593686
-6.03156470987145
-6.767551060916023
-6.976680511993402
-7.074349943274125
-5.989720938283705
-4.312480184836961
-6.42836490669378
-4.8005621079661225
-4.6277426816257865
-6.353343019180728
-6.143169933294072
-6.47342978910915
-6.976680511993402
-6.57473002429864
-6.850046965735213
-6.703765391452208
-6.742408129109249
