-0.6264909389148625
-0.9331377428759088
-0.6230084930164279
-0.9331377428759088
-0.6160291649891974
-0.6195188290028126
-0.6195188290028126
-0.30589991512971637
-0.6230084930164279
-0.6230084930164279
-0.6230084930164279
-0.6195188290028126
-0.6160291649891974
-0.6195188290028126
-0.6195188290028126
-0.6160291649891974
-0.6264909389148625
-0.6195188290028126
-0.6160291649891974
-0.6195188290028126
-0.6230084930164279
-0.6160291649891974
-0.6195188290028126
-0.6195188290028126
-0.6195188290028126
-0.6230084930164279
-0.9331377428759088
-0.6160291649891974
-0.6160291649891974
-0.6195188290028126
-0.6195188290028126
-0.6160291649891974
-0.6195188290028126
-0.6195260471179933
-0.6125322828604014
-0.9331449609910895
-0.6195188290028126
-0.30589991512971637
-0.6195188290028126
-0.6195188290028126
-0.6195188290028126
-0.6195188290028126
-0.6160291649891974
-0.6195188290028126
-0.6125322828604014
-0.6160291649891974
-0.6264909389148625
-0.6230084930164279
-0.6160291649891974
-0.6230084930164279
-0.6195260471179933
-0.6230084930164279
-0.6230084930164279
-0.6195188290028126
-0.6195188290028126
-0.9331377428759088
-0.6195188290028126
-0.6230084930164279
-0.6195188290028126
-0.6264909389148625
-0.9331449609910895
-0.6195188290028126
-0.6195188290028126
-0.6230084930164279
-0.6160291649891974
-0.619511610887632
-0.6125322828604014
-0.6195188290028126
-0.9331377428759088
-0.6195188290028126
-0.6195188290028126
-0.9331377428759088
-0.6195260471179933
-0.6230084930164279
-0.6160291649891974
-0.6230084930164279
-0.6160291649891974
-0.6230084930164279
-0.6195260471179933
-0.30589991512971637
-0.6264909389148625
-0.6195188290028126
-0.6195188290028126
-0.6195188290028126
-0.6160291649891974
-0.6195188290028126
-0.9331377428759088
-0.6160291649891974
-0.6195188290028126
-0.6195188290028126
-0.6160291649891974
-0.6195188290028126
-0.6195188290028126
-0.6195260471179933
-0.6195188290028126
-0.6160291649891974
-0.6195188290028126
-0.6230084930164279
-0.6195188290028126
-0.6195260471179933
-0.6195188290028126
-0.6160291649891974
-0.6195188290028126
-0.6195188290028126
-0.6195260471179933
-0.6160291649891974
-0.6230084930164279
-0.6160291649891974
-0.30589991512971637
-0.6160291649891974
-0.6195188290028126
-0.6195188290028126
-0.6230084930164279
-0.6195188290028126
-0.6230084930164279
-0.6195188290028126
-0.6195188290028126
-0.6195188290028126
-0.6160291649891974
-0.6195260471179933
-0.6195188290028126
-0.6264909389148625
-0.6195188290028126
-0.6195188290028126
-0.6230084930164279
-0.6160291649891974
-0.6195260471179933
-0.30589991512971637
-0.6195188290028126
-0.30589991512971637
-0.6195260471179933
-0.6195188290028126
-0.6195188290028126
-0.30589991512971637
-0.6195188290028126
-0.9331305247607281
-0.6230084930164279
-0.6195188290028126
-0.6160291649891974
-0.6195188290028126
-0.619511610887632
-0.30589991512971637
-0.6195188290028126
-0.6195188290028126
-0.6195188290028126
-0.6230084930164279
-0.6230084930164279
-0.6230084930164279
-0.6195260471179933
-0.6230084930164279
-0.6195188290028126
-0.6195188290028126
-0.6160291649891974
-0.6230084930164279
-0.6195188290028126
-0.30589991512971637
-0.6195188290028126
-0.6195260471179933
-0.6195188290028126
-0.6195260471179933
-0.6160291649891974
-0.6195188290028126
-0.6230084930164279
-0.6195188290028126
-0.6195188290028126
-0.6195188290028126
-0.6195188290028126
-0.6195188290028126
-0.6160291649891974
-0.6160291649891974
-0.6160291649891974
-0.30589269701453564
-0.619511610887632
-0.6195188290028126
-0.6230084930164279
-0.6195188290028126
-0.6195188290028126
-0.6230084930164279
-0.6195188290028126
-0.9331377428759088
-0.6195188290028126
-0.6195260471179933
-0.6195188290028126
-0.6230084930164279
-0.6125322828604014
-0.6195188290028126
-0.30589991512971637
-0.6195188290028126
-0.6195188290028126
-0.6195188290028126
-0.6195188290028126
-0.6195260471179933
-0.30589991512971637
-0.6230084930164279
-0.6195188290028126
-0.6195188290028126
-0.6195260471179933
-0.6230084930164279
-0.6195188290028126
-0.6195188290028126
-0.6230084930164279
-0.30589991512971637
-0.6195260471179933
-0.619511610887632
-0.6160291649891974
-0.6160291649891974
-0.6195260471179933
-0.6230084930164279
-0.619511610887632
-0.9331305247607281
-0.30589991512971637
-0.6230084930164279
-0.6195188290028126
-0.6195188290028126
-0.6195188290028126
-0.6195188290028126
-0.6195260471179933
-0.6195188290028126
-0.6230084930164279
-0.6195188290028126
-0.6264909389148625
-0.6230084930164279
-0.6230084930164279
-0.6195188290028126
-0.6230084930164279
-0.6160291649891974
-0.6195260471179933
-0.6195188290028126
-0.9331377428759088
-0.6195188290028126
-0.6230084930164279
-0.6125322828604014
-0.6195260471179933
-0.6195188290028126
-0.6230084930164279
-0.9331377428759088
-0.6195188290028126
-0.6160291649891974
-0.619511610887632
-0.9331449609910895
-0.6195188290028126
-0.619511610887632
-0.6160291649891974
-0.6160291649891974
-0.6195260471179933
-0.6195188290028126
-0.6230084930164279
-0.6195188290028126
-0.6195260471179933
-0.6195188290028126
-0.6230084930164279
-0.6195188290028126
-0.6195188290028126
-0.6160291649891974
-0.6160291649891974
-0.6195188290028126
-0.6195188290028126
-0.6195188290028126
-0.6195188290028126
-0.6160291649891974
-0.6125322828604014
-0.6160291649891974
-0.6195188290028126
-0.6230084930164279
-0.6195188290028126
-0.6230084930164279
-0.30589991512971637
-0.30589991512971637
-0.6195188290028126
-0.619511610887632
-0.6230084930164279
-0.6230084930164279
-0.6160291649891974
-0.6195188290028126
-0.6195188290028126
-0.6195188290028126
-0.6160291649891974
-0.6195188290028126
-0.6160291649891974
-0.6230084930164279
-0.3059071332448971
-0.6160291649891974
-0.619511610887632
-0.6195188290028126
-0.6195188290028126
-0.6195188290028126
-0.6230084930164279
-0.9331377428759088
-0.619511610887632
-0.9331377428759088
-0.9331377428759088
-0.6195188290028126
-0.6195188290028126
-0.6195260471179933
-0.6195260471179933
-0.9331377428759088
-0.6195188290028126
-0.6195188290028126
-0.6230084930164279
-0.6160291649891974
-0.30589991512971637
-0.9331377428759088
-0.9331449609910895
-0.6195188290028126
-0.6230084930164279
-0.6160291649891974
-0.6195188290028126
-0.9331377428759088
-0.9331377428759088
-0.9331377428759088
-0.6195260471179933
-0.30589991512971637
-0.9331449609910895
-0.9331449609910895
-0.6195188290028126
-0.6195188290028126
-0.9331305247607281
-0.6160291649891974
-0.30589269701453564
-0.6264909389148625
-0.6160291649891974
-0.6195188290028126
-0.9331377428759088
-0.6195188290028126
-0.9331377428759088
-0.9331377428759088
-0.6195260471179933
-0.6195188290028126
-0.6195188290028126
-0.9331449609910895
-0.6160291649891974
-0.9331449609910895
-0.6195260471179933
-0.6195188290028126
-0.6195188290028126
-0.9331377428759088
-0.9331377428759088
-0.6195188290028126
-0.6195188290028126
-0.6195188290028126
-0.9331377428759088
-0.6195188290028126
-0.619511610887632
-0.6195188290028126
-0.9331377428759088
-0.6195260471179933
-0.619511610887632
-0.30589991512971637
-0.30589991512971637
-0.9331377428759088
-0.9331305247607281
-0.6160291649891974
-0.9331305247607281
-0.6195188290028126
-0.6195188290028126
-0.9331449609910895
-0.9331377428759088
-0.9331305247607281
-0.9331449609910895
-0.9331377428759088
-0.6195188290028126
-0.9331377428759088
-0.6195188290028126
-0.9331305247607281
-0.9331377428759088
-0.9331449609910895
-0.9331377428759088
-0.3059071332448971
-0.9331377428759088
-0.9331377428759088
-0.9331377428759088
-0.6230084930164279
-0.9331305247607281
-0.9331377428759088
-0.9331305247607281
-0.9331377428759088
-0.6125322828604014
-0.9331377428759088
-0.9331377428759088
-0.9331377428759088
-0.9331377428759088
-0.6230084930164279
-0.6195188290028126
-0.6195188290028126
-0.9331305247607281
-0.30589991512971637
-0.9331377428759088
-0.6195188290028126
-0.9331377428759088
-0.9331377428759088
-0.6230084930164279
-0.9331377428759088
-0.9331377428759088
-0.6195188290028126
-0.6195188290028126
-0.9331305247607281
-0.9331377428759088
-0.9331377428759088
-0.9331377428759088
-0.6160291649891974
-0.9331449609910895
-0.6160291649891974
-0.9331377428759088
-0.6160291649891974
-0.6195188290028126
-0.6195188290028126
-0.6195188290028126
-0.9331377428759088
-0.9331377428759088
-0.6264909389148625
-0.619511610887632
-0.30589991512971637
-0.9331377428759088
-0.9331377428759088
-0.9331377428759088
-0.6195188290028126
-0.9331377428759088
-0.9331449609910895
-0.9331449609910895
-0.9331377428759088
-0.30589991512971637
-0.6195188290028126
-0.6160291649891974
-0.6195188290028126
-0.9331449609910895
-0.6195188290028126
-0.9331377428759088
-0.9331377428759088
-0.30589991512971637
-0.6195188290028126
-0.9331449609910895
-0.6230084930164279
-0.9331377428759088
-0.6230084930164279
-0.9331377428759088
-0.6195188290028126
-0.9331377428759088
-0.9331449609910895
-0.9331377428759088
-0.9331377428759088
-0.9331305247607281
-0.9331377428759088
-0.6195260471179933
-0.6195188290028126
-0.9331377428759088
-0.9331377428759088
-0.6195188290028126
-0.6160291649891974
-0.6264909389148625
-0.6160291649891974
-0.30589991512971637
-0.9331449609910895
-0.9331305247607281
-0.9331377428759088
-0.9331377428759088
-0.6195188290028126
-0.3059071332448971
-0.9331449609910895
-0.619511610887632
-0.9331449609910895
-0.6195188290028126
-0.9331377428759088
-0.6195260471179933
-0.9331449609910895
-0.30589991512971637
-0.6195188290028126
-0.9331377428759088
-0.9331377428759088
-0.6195260471179933
-0.9331377428759088
-0.9331305247607281
-0.9331377428759088
-0.9331377428759088
-0.6195188290028126
-0.9331305247607281
-0.9331377428759088
-0.6230084930164279
-0.9331449609910895
-0.30589269701453564
-0.6195260471179933
-0.9331377428759088
-0.9331377428759088
-0.30589269701453564
-0.9331449609910895
-0.9331377428759088
-0.9331449609910895
-0.9331449609910895
-0.6195188290028126
-0.6230084930164279
-0.9331377428759088
-0.9331377428759088
-0.9331377428759088
-0.9331377428759088
-0.6195188290028126
-0.9331305247607281
-0.9331305247607281
-0.9331377428759088
-0.6195260471179933
-0.9331449609910895
-0.6195188290028126
