-1.7194261999938818
-1.6929550992642446
-1.6492771052956703
-1.6536427313840918
-1.6331114697817326
-1.617948384832953
-1.6886546102402678
-1.7115215075914696
-1.6688841765828804
-1.7169312593149657
-1.6576050145308936
-1.690666221424751
-1.5970441767928056
-1.607428878944987
-1.6977208175542244
-1.6320592466704922
-1.6538896250600739
-1.5947312965044318
-1.6950692778974616
-1.6490666346217042
-1.5476137006694521
-1.5693204587205887
-1.6367424327570543
-1.6895670088465604
-1.609503383831144
-1.5889626253812028
-1.646496981048707
-1.5361928038113577
-1.6301560185800827
-1.6013608209092447
-1.671006121516816
-1.5635689406150253
-1.6138454598981358
-1.6190479431277565
-1.551642959893676
-1.635409131387305
-1.6631898756937946
-1.612613580085854
-1.6593101643023642
-1.8148953739924036
-1.6701101428057754
-1.6378412783689735
-1.6597874303419133
-1.6473517473268249
-1.6562575594210986
-1.725180047918351
-1.6150578380038985
-1.6287745875909496
-1.6437402543021924
-1.6434252384415822
-1.6785105249930627
-1.7206020062269267
-1.6473463273242905
-1.684297975024638
-1.6264905957647846
-1.5456891177788397
-1.6046958015266968
-1.5920163682436141
-1.692258272017772
-1.5852492411254215
-1.6480100724473672
-1.663001938501008
-1.69391111124831
-1.6326749955643043
-1.6491419894798376
-1.6710357663335305
-1.6397195365939943
-1.6404160541581942
-1.7066910006552674
-1.708520594550322
-1.6034775627064513
-1.6750674428828074
-1.540281706808439
-1.6167760085847604
-1.7011322117451897
-1.5480845294170575
-1.7016767341692558
-1.5314483049974876
-1.6403295749781484
-1.686344700884573
-1.6766636490455413
-1.640569285126441
-1.6034766676217327
-1.6105798021773963
-1.643230573693674
-1.591708618096667
-1.5964778522062497
-1.5056053451757254
-1.6233563049411943
-1.5357270413954478
-1.5300438997977768
-1.6327605177819366
-1.5964437703060048
-1.6410071258105374
-1.6576430255205477
-1.575730578348519
-1.698809138453133
-1.6114754577720234
-1.3903163217647236
-1.6253981417715127
-1.6228937748931638
-1.6203823751441055
-1.6242227228322499
-1.5488718878618455
-1.5715069433365754
-1.6319561815666574
-1.6137207171326955
-1.6366520706971326
-1.516227395501649
-1.6192354704479162
-1.6409824327060365
-1.6362264552309926
-1.6503239909386282
-1.6197084229700374
-1.637572994094911
-1.5947876669588579
-1.6377432665168306
-1.5956991897851973
-1.6332290615269038
-1.649217035621413
-1.681406258243203
-1.6347710791714696
-1.6978835561350298
-1.5251058395462869
-1.7970790973503485
-1.6717251392465142
-1.627986797360457
-1.6007001302334027
-1.603183893360629
-1.6089996065550505
-1.6727665373708076
-1.6638890478411963
-1.6264750876504264
-1.6524591194072134
-1.6380581287721652
-1.6267038343817373
-1.688938339095343
-1.6677913789356362
-1.6138543383150654
-1.548402071886775
-1.663671918796505
-1.637046230388072
-1.6173743426507032
-1.6450072799401467
-1.6749106479709062
-1.6521175412908904
-1.6276563619194788
-1.585854276843151
-1.6604496892067626
-1.7075652857210988
-1.7108111183846906
-1.6158423777432167
-1.677555779581046
-1.633130815511994
-1.5943327712793578
-1.6377603385992356
-1.6423541733863625
-1.6872009594799366
-1.6037636449764512
-1.6001362744984908
-1.681441115040625
-1.6415101036627477
-1.563473236397034
-1.6407567514120285
-1.6756521523680121
-1.6728297856120267
-1.6789237974418465
-1.6638213615140438
-1.6908720254555352
-1.6257841164203286
-1.6215979267210734
-1.632891557839479
-1.6454262326180484
-1.586892748183796
-1.6515755353977786
-1.6443129996268868
-1.5947078826994259
-1.6104074878612724
-1.6546484623870863
-1.6250060284598835
-1.6732206424842246
-1.5876102145274658
-1.6971629952917036
-1.6590381772153777
-1.6840854511467347
-1.634532706185226
-1.4714173694282826
-1.5015905780588252
-1.6853652399691783
-1.6424421634707322
-1.6347871722823704
-1.653503145424
-1.6008551090841898
-1.4877619087221783
-1.5634347820724575
-1.5537272536130673
-1.6152092173356998
-1.5864545166867507
-1.6072734010789764
-1.6277192391766635
-1.666706018569516
-1.589743928273842
-1.5957509006773647
-1.660185157193401
-1.6740277707769557
-1.6475781777562613
-1.6285187454765242
-1.6957223528315737
-1.6542109036837587
-1.6549529378182821
-1.6326715131012535
-1.69129072592665
-1.6487418887133043
-1.572658187219084
-1.6586385993765167
-1.6526898071528606
-1.6777770297345307
-1.6528616818265176
-1.712135608982351
-1.6634942279659786
-1.7532375494315109
-1.655195238375337
-1.5913116104482448
-1.6322310395892492
-1.6286884580292644
-1.6147656716936785
-1.6264562434106398
-1.6467326574838135
-1.578996913545646
-1.6236369004899738
-1.572519510419118
-1.6453014188486486
-1.6770915002055724
-1.651208532792537
-1.5293760042400706
-1.5989485896393025
-1.6570038443586943
-1.6848840171974122
-1.6518215758310797
-1.546478109290886
-1.6219287244233769
-1.672247609234223
-1.6420814832139525
-1.6622088283114766
-1.6218910084381153
-1.6161849640935049
-1.6567256325297093
-1.6327473852132965
-1.5940849212262715
-1.6354779406487077
-1.571339577486497
-1.704268511247835
-1.6919934831562227
-1.6248432881663284
-1.6406046231105293
-1.617695415598601
-1.6520058012432433
-1.6525031825979772
-1.6686386511096083
-1.614530105902089
-1.6420449429740986
-1.6948996508602958
-1.6838922884135585
-1.6255362051976545
-1.8148953739924036
-1.6349352262016277
-1.5777720969947846
-1.7502865156073368
-1.6704924527009348
-1.6679783688468754
-1.8148953739924036
-1.652888553776394
-1.8148953739924036
-1.5780054436974118
-1.8151109383590833
-1.7395984686855714
-1.592164001294462
-1.636158109936724
-1.6856688407582237
-1.6580517109893778
-1.7250162124041302
-1.6396628183770936
-1.8151068595866324
-1.7783344995816883
-1.8153183451808614
-1.736194581608465
-1.7711717179185211
-1.6860360029448567
-1.6270761666072058
-1.7410576515783562
-1.652378779100444
-1.8151068595866324
-1.6558737442987739
-1.6635803166228746
-1.8153183451808614
-1.8151068595866324
-1.802909890025361
-1.8081210142260755
-1.662356531699282
-1.6384915380647684
-1.6945711320486476
-1.5903977634790296
-1.6989394020985558
-1.8153183451808614
-1.705647805943203
-1.8013840530981382
-1.8285694377738162
-1.8151068595866324
-1.7383764269867923
-1.6001666187681785
-1.734348486833851
-1.8059259155485599
-1.6640076433408786
-1.6423585717402691
-1.8250304556538735
-1.6383864117996747
-1.7393642212316158
-1.8039669085843486
-1.7938123456397466
-1.6693948437817419
-1.7809543337095002
-1.7158556762842507
-1.8286181804808979
-1.8286181804808979
-1.742293332534419
-1.8150581168795508
-1.8151068595866326
-1.6946198747557293
-1.7329291814443726
-1.7359304708931225
-1.7012955412319315
-1.7295000002576175
-1.7243537392488448
-1.7095580088958313
-1.8129930371210083
-1.756807111732121
-1.650223008756696
-1.7456007474580608
-1.7727769858837301
-1.8150581168795508
-1.7534751086779885
-1.7099190876214911
-1.721578265003734
-1.777050585328033
-1.7644394799201664
-1.7594943218084247
-1.8107764827304398
-1.6864140870256419
-1.8153183451808614
-1.7174816820093055
-1.677764057624369
-1.8151109383590838
-1.793471379630371
-1.8151068595866324
-1.663596974433581
-1.8286669231879795
-1.8286669231879795
-1.7916416393381607
-1.750932390272434
-1.7013930266460948
-1.7650926101327096
-1.6881246015270361
-1.811494126157016
-1.8171803898080015
-1.7066265084832162
-1.8082786097310048
-1.7013930266460948
-1.8285694377738162
-1.7121292071754006
-1.8332349816808504
-1.8286181804808979
-1.6105907910014245
-1.8286669231879795
-1.5958767897287043
-1.629578430578593
-1.8151068595866324
-1.5903368854565538
-1.7321752418080394
-1.8332349816808504
-1.7927838107495615
-1.837783197824856
-1.848173233896589
-1.6011427728406569
-1.564814172481238
-1.8134547408979567
-1.8332349816808504
-1.6069641448701968
-1.679334677415356
-1.7455092006238504
-1.8332349816808504
-1.7500545707796158
-1.8330276728728851
-1.8324850667502994
-1.6932315217123253
-1.800011183884226
-1.768904725901777
-1.743110686077978
-1.8239173892086742
-1.698431497841064
-1.7379912782103266
-1.772823435933281
-1.7066310552920227
-1.8099078650734435
-1.848173233896589
-1.7523652645848895
-1.7810011825857714
-1.8160982125930318
-1.7157579981618785
-1.8344261995826547
-1.8397583635362202
-1.7009630905346156
-1.848173233896589
-1.8123207740211982
-1.848173233896589
-1.747354382207988
-1.848173233896589
-1.72413342254879
-1.69398010867293
-1.7828107302115146
-1.8033503893059872
-1.7078877006739412
-1.5243582929835846
-1.6810366648917743
-1.5844145075923997
-1.8696256557950894
-1.712629965545956
-1.9234908795214298
-1.5902232923247195
-1.860049366008191
-1.6065742740836666
-1.7793370949932776
-1.5550623483273929
-1.8288798066025322
-1.6309443869941453
-1.7249756891342598
-1.7456830424560434
-1.799322226742715
-1.9629384226603426
-1.677773200793756
-1.6738717606454916
-1.6505215181673816
-1.3609832836839562
-1.6286757421562323
-1.7676396940284766
-1.396735684885332
-1.8005049314420325
-1.6419908979632425
-1.8414043223478578
-1.9629384226603426
-1.78321432905363
-1.6563542717916497
-1.6557476213920617
-1.8390403993446685
-1.6884989286809675
-1.6556188710207767
-1.7956395800291756
-1.9875987549007728
-1.8258032971336506
-1.82051251906356
-1.7008369657379012
-1.811741602079804
-1.4909421013471904
-1.6619232833754602
-1.9875987549007728
-1.7031817625300485
-1.6230169016913714
-1.6680269674634665
-1.7113630322419249
-1.9658455877833476
-1.7096765538827534
-1.6427969710087655
-1.6047910490828712
-1.6574544953713972
-1.8002787619558414
-1.5702931657489996
-1.685538669270767
-1.9460673401029474
-1.9070212309044048
-1.8162278977667659
-1.655321338028039
-2.0399098312900596
-1.6550996318350246
-2.032120581607024
-1.6802383395928677
-1.8802967009876894
-1.9629384226603426
-1.9827166703407426
-1.5887317195651591
-1.2005309350506412
-1.6015521516632085
-1.5968878796823271
-1.9629778756157155
-2.0426066193233194
-1.6428255697250223
-1.6652374255391966
-2.0426066193233194
-1.606762632577313
-1.83843516188246
-1.887797401800952
-1.9328087455779905
