-0.6205164435277365
-0.6158536089503118
-0.6181866013697603
-0.2985546682491753
-0.6158536089503118
-0.6158567592117843
-0.6181866013697603
-0.6158536089503118
-0.933149399389976
-0.6158536089503118
-0.6181866013697603
-0.6158536089503118
-0.2985546682491753
-0.6135206165308633
-0.9331525496514483
-0.6158536089503118
-0.6135206165308633
-0.6181866013697603
-0.6158536089503118
-0.6158536089503118
-0.6158536089503118
-0.6158536089503118
-0.6158536089503118
-0.2985546682491753
-0.2985515179877029
-0.6158536089503118
-0.6158536089503118
-0.6158536089503118
-0.6158536089503118
-0.6181866013697603
-0.6111844738499423
-0.6158536089503118
-0.6158536089503118
-0.6158567592117843
-0.6158536089503118
-0.6158536089503118
-0.9331525496514483
-0.9331525496514483
-0.9331525496514483
-0.6158536089503118
-0.6158536089503118
-0.6158536089503118
-0.6135206165308633
-0.6181866013697603
-0.6158567592117843
-0.6158567592117842
-0.6181866013697603
-0.6158504586888395
-0.2985546682491753
-0.6158536089503118
-0.2985546682491753
-0.6158536089503118
-0.6205164435277365
-0.6158536089503118
-0.9331525496514483
-0.933149399389976
-0.6135206165308633
-0.6135206165308633
-0.6158536089503118
-0.6158536089503118
-0.6181866013697603
-0.6158567592117842
-0.6111844738499423
-0.6158536089503118
-0.2985546682491753
-0.6158536089503118
-0.6158536089503118
-0.933149399389976
-0.6158536089503118
-0.6158536089503118
-0.6158536089503118
-0.6158536089503118
-0.6158536089503118
-0.9331525496514483
-0.6135206165308633
-0.9331525496514483
-0.6158567592117842
-0.2985546682491753
-0.6158536089503118
-0.2985546682491753
-0.6158536089503118
-0.6158536089503118
-0.6181866013697603
-0.6181866013697603
-0.6158504586888395
-0.6158536089503118
-0.9331525496514483
-0.6158536089503118
-0.6158567592117842
-0.933149399389976
-0.6135206165308633
-0.6181866013697603
-0.6135206165308633
-0.6135206165308633
-0.6135206165308633
-0.6158536089503118
-0.6158567592117842
-0.2985546682491753
-0.6158504586888395
-0.2985546682491753
-0.6181866013697603
-0.6158536089503118
-0.6181866013697603
-0.6111844738499423
-0.6181866013697603
-0.2985546682491753
-0.6158536089503118
-0.6158536089503118
-0.6181866013697603
-0.6181866013697603
-0.933149399389976
-0.6158536089503118
-0.6158536089503118
-0.6158536089503118
-0.6158536089503118
-0.2985546682491753
-0.9331556999129207
-0.6181866013697603
-0.6181866013697603
-0.6158536089503118
-0.6158504586888395
-0.6135206165308633
-0.2985578185106477
-0.9331525496514483
-0.6158536089503118
-0.6158536089503118
-0.6158536089503118
-0.6158536089503118
-0.2985546682491753
-0.6158536089503118
-0.6158536089503118
-0.6111844738499423
-0.6135206165308633
-0.6135206165308633
-0.6158536089503118
-0.6135206165308633
-0.6181866013697603
-0.6158567592117842
-0.6181866013697603
-0.6158567592117842
-0.6158504586888395
-0.6135206165308633
-0.6158536089503118
-0.6135206165308633
-0.9331525496514483
-0.2985546682491753
-0.6158536089503118
-0.6158536089503118
-0.6158536089503118
-0.6158536089503118
-0.6158536089503118
-0.6135206165308633
-0.6158536089503118
-0.6205164435277365
-0.6158504586888395
-0.6135206165308633
-0.9331525496514483
-0.6158536089503118
-0.933149399389976
-0.6111844738499423
-0.6158536089503118
-0.6158536089503118
-0.6158536089503118
-0.933149399389976
-0.9331525496514483
-0.9331525496514483
-0.6158536089503118
-0.6181866013697603
-0.6158536089503118
-0.6158536089503118
-0.6135206165308633
-0.2985578185106477
-0.2985578185106477
-0.6158536089503118
-0.2985546682491753
-0.6158536089503118
-0.6181866013697603
-0.2985546682491753
-0.9331556999129207
-0.6135206165308633
-0.6158567592117843
-0.6158536089503118
-0.6158536089503118
-0.6158536089503118
-0.6181866013697603
-0.6158536089503118
-0.6158536089503118
-0.6181866013697603
-0.6181866013697603
-0.6158536089503118
-0.6158536089503118
-0.6205164435277365
-0.9331525496514483
-0.6158536089503118
-0.6158536089503118
-0.6158536089503118
-0.6181866013697603
-0.2985515179877029
-0.6158536089503118
-0.2985546682491753
-0.6158567592117843
-0.6158536089503118
-0.6205164435277365
-0.6181866013697603
-0.6181866013697603
-0.2985546682491753
-0.6135206165308633
-0.6158536089503118
-0.6111844738499423
-0.2985546682491753
-0.6181866013697603
-0.6181866013697603
-0.6158536089503118
-0.6158536089503118
-0.6181866013697603
-0.6135206165308633
-0.6135206165308633
-0.6181866013697603
-0.6158567592117843
-0.6181866013697603
-0.6158536089503118
-0.933149399389976
-0.6181866013697603
-0.6158536089503118
-0.6158536089503118
-0.9331556999129207
-0.2985515179877029
-0.6158536089503118
-0.6135206165308633
-0.6158536089503118
-0.6205164435277365
-0.6158536089503118
-0.6181866013697603
-0.6158536089503118
-0.6158536089503118
-0.6135206165308633
-0.6158504586888395
-0.6181866013697603
-0.6181866013697603
-0.6135206165308633
-0.6158536089503118
-0.6158536089503118
-0.6158567592117843
-0.6158536089503118
-0.2985546682491753
-0.6181866013697603
-0.6158536089503118
-0.6158536089503118
-0.6158536089503118
-0.6181866013697603
-0.6158536089503118
-0.2985546682491753
-0.9331525496514483
-0.2985546682491753
-0.9331525496514483
-0.6158536089503118
-0.6158567592117842
-0.6135206165308633
-0.6205164435277365
-0.9331525496514483
-0.6181866013697603
-0.9331525496514483
-0.9331556999129207
-0.6158536089503118
-0.6135206165308633
-0.6181866013697603
-0.6158536089503118
-0.6158536089503118
-0.6181866013697603
-0.6158536089503118
-0.2985515179877029
-0.6135206165308633
-0.6158536089503118
-0.6181866013697603
-0.6158536089503118
-0.6158567592117842
-0.6158536089503118
-0.6158536089503118
-0.6158536089503118
-0.6158536089503118
-0.6181866013697603
-0.6158536089503118
-0.6158536089503118
-0.2985578185106477
-0.6158536089503118
-0.6158536089503118
-0.6158567592117843
-0.9331556999129207
-0.6158567592117842
-0.2985578185106477
-0.6158536089503118
-0.6181866013697603
-0.6158536089503118
-0.2985546682491753
-0.6158536089503118
-0.6181866013697603
-0.6158536089503118
-0.6135206165308633
-0.9331525496514483
-0.6158536089503118
-0.6158567592117842
-0.6158536089503118
-0.6158536089503118
-0.6181866013697603
-0.6158536089503118
-0.9331525496514483
-0.9331525496514483
-0.6158536089503118
-0.2985578185106477
-0.2985546682491753
-0.6158504586888395
-0.6158536089503118
-0.6158536089503118
-0.6181866013697603
-0.6158567592117843
-0.6181866013697603
-0.6135206165308633
-0.6158567592117842
-0.6158536089503118
-0.6158504586888395
-0.2985515179877029
-0.6181866013697603
-0.6158536089503118
-0.9331525496514483
-0.6135206165308633
-0.2985546682491753
-0.6158567592117842
-0.2985546682491753
-0.6158536089503118
-0.9331525496514483
-0.9331556999129207
-0.6158504586888395
-0.6158536089503118
-0.6158536089503118
-0.2985546682491753
-0.2985578185106477
-0.933149399389976
-0.9331556999129207
-0.6158567592117843
-0.6158536089503118
-0.6181866013697603
-0.6135206165308633
-0.9331525496514483
-0.6135206165308633
-0.9331525496514483
-0.9331556999129207
-0.6158536089503118
-0.6158536089503118
-0.6158536089503118
-0.6158567592117842
-0.9331525496514483
-0.6135206165308633
-0.6158536089503118
-0.6158536089503118
-0.2985515179877029
-0.6158536089503118
-0.6158536089503118
-0.2985515179877029
-0.6158567592117842
-0.6181866013697603
-0.6205164435277365
-0.6135206165308633
-0.9331556999129207
-0.9331525496514483
-0.6158536089503118
-0.6158536089503118
-0.933149399389976
-0.9331525496514483
-0.6135206165308633
-0.6158567592117842
-0.6111844738499423
-0.6158536089503118
-0.9331525496514483
-0.9331556999129207
-0.6181866013697603
-0.6158536089503118
-0.933149399389976
-0.2985578185106477
-0.9331525496514483
-0.6158536089503118
-0.933149399389976
-0.2985515179877029
-0.6181866013697603
-0.6158536089503118
-0.933149399389976
-0.6181866013697603
-0.9331525496514483
-0.9331525496514483
-0.933149399389976
-0.6158536089503118
-0.9331525496514483
-0.2985578185106477
-0.6111844738499423
-0.6158536089503118
-0.2985578185106477
-0.6158536089503118
-0.6181866013697603
-0.6158536089503118
-0.9331525496514483
-0.933149399389976
-0.9331525496514483
-0.9331525496514483
-0.9331525496514483
-0.6158536089503118
-0.6135206165308633
-0.6181866013697603
-0.9331525496514483
-0.6181866013697603
-0.6181866013697603
-0.6158536089503118
-0.6135206165308633
-0.6158536089503118
-0.6158536089503118
-0.2985546682491753
-0.9331525496514483
-0.6181866013697603
-0.6158536089503118
-0.9331525496514483
-0.2985578185106477
-0.9331525496514483
-0.6158567592117842
-0.6135206165308633
-0.9331525496514483
-0.9331525496514483
-0.933149399389976
-0.6135206165308633
-0.2985546682491753
-0.2985546682491753
-0.6181866013697603
-0.6181866013697603
-0.6158536089503118
-0.6135206165308633
-0.9331525496514483
-0.6158567592117842
-0.9331525496514483
-0.6158536089503118
-0.9331525496514483
-0.933149399389976
-0.933149399389976
-0.6158536089503118
-0.933149399389976
-0.6158536089503118
-0.9331525496514483
-0.6158536089503118
-0.9331525496514483
-0.6158536089503118
-0.6158504586888395
-0.2985515179877029
-0.9331525496514483
-0.933149399389976
-0.933149399389976
-0.6135206165308633
-0.6158536089503118
-0.2985546682491753
-0.6158536089503118
-0.6158536089503118
-0.9331525496514483
-0.6158536089503118
-0.6158536089503118
-0.6158536089503118
-0.6158536089503118
-0.6158536089503118
-0.6158536089503118
-0.6181866013697603
-0.6158536089503118
-0.9331525496514483
-0.6158536089503118
-0.6135206165308633
-0.6158567592117842
-0.6181866013697603
-0.6158536089503118
-0.6158536089503118
-0.9331525496514483
-0.6158536089503118
-0.9331525496514483
-0.9331525496514483
-0.9331525496514483
-0.9331556999129207
-0.9331525496514483
-0.9331525496514483
-0.2985546682491753
-0.6158536089503118
-0.6181866013697603
-0.6158536089503118
-0.9331556999129207
-0.2985546682491753
-0.9331556999129207
-0.6158536089503118
-0.6158536089503118
-0.9331525496514483
-0.9331556999129207
-0.933149399389976
-0.2985578185106477
-0.9331525496514483
-0.9331525496514483
-0.6158536089503118
-0.6158536089503118
-0.2985546682491753
-0.933149399389976
-0.6158536089503118
