-5.7986098542827165
-4.485815196779089
-3.366235301053673
-3.559904455438435
-4.465375962280354
-4.36005219676282
-4.772530929778452
-3.9408457002071864
-4.365575739321396
-4.440037981626194
-5.732029374545559
-4.4301166637714955
-4.633119138686583
-4.124803584906516
-4.3586726843043015
-4.4432442962961165
-4.303985966626571
-5.445031395951785
-4.334335166783174
-5.382554500318397
-4.352260233862416
-5.452276449382977
-4.530356835712868
-4.45547989267178
-3.3864797771144133
-3.4442627553990492
-4.6871201798300905
-4.403718979519274
-3.307643510368003
-4.39596051739534
-4.222739943417796
-4.148275217266566
-4.530875596759128
-4.354624907638486
-4.196328671655776
-4.416813486166344
-4.4010314961363
-4.38857083311966
-4.375175156725832
-4.385501916492925
-4.303120833606595
-4.387327715917982
-5.503365634275514
-4.3327643298192084
-4.339130426086401
-4.289731075680914
-4.398315695842251
-4.211942265330319
-4.491963783975988
-4.79113191860863
-4.379254919822212
-4.426515849766666
-4.109418569213663
-4.667584187116652
-4.486348318572672
-4.3455581805419525
-4.388440238057819
-4.29308628530619
-3.5204479027534723
-4.41658760122728
-4.204947432869921
-4.367711489410394
-4.30562456739187
-1.9720834173212238
-4.15950514581194
-5.517392586446499
-4.4587907978436565
-4.5538078058546745
-4.404532056928782
-4.216100613974039
-4.394317502062618
-4.71222318433663
-4.235607788150064
-4.569597866067686
-5.576412213424203
-4.294569658593961
-4.383908705701273
-4.311873473177997
-4.314985599207445
-4.425799180278746
-4.3990471330192715
-4.423279626220376
-5.072211156105719
-4.5944160911622065
-4.685269307335748
-4.616923238633547
-4.3917530869713595
-4.310735522117687
-4.387247521147395
-3.437206413898138
-5.466128450417846
-3.3985165439722715
-4.385751394035517
-4.36136096053968
-4.128650889539694
-3.4378583670460205
-4.37846810592665
-6.023938519615411
-4.267178389020536
-3.761724542732802
-4.623152573017575
-4.393287735474976
-4.432803686974406
-4.385365506572713
-4.333902925888901
-4.445222946530573
-4.467524567227599
-4.463148340735131
-4.394903406117875
-4.160267924128205
-4.620915264966045
-4.165302074189711
-4.305116037821434
-4.165266546095925
-4.432259719846711
-4.302949207742847
-4.2828048054040995
-4.740945416253212
-4.329786815469417
-4.158906290055755
-4.331740935887189
-4.310896627992974
-4.430440307985462
-4.417897062048866
-4.3563610743491905
-3.3850796295909737
-4.411822592436852
-4.327912942821823
-4.298368910779552
-4.43942450568805
-4.501300375086796
-4.450720168842323
-4.329066608181146
-3.180792363139406
-4.499510238506023
-4.4038681192439615
-4.211673039657404
-4.3475394053457945
-4.550634047296087
-4.382328664318979
-4.165045114639089
-4.50309239770194
-4.312789515403452
-4.273871261711552
-4.39342805117089
-4.266826933190104
-4.07446417535102
-4.761672637430133
-4.282738820809168
-5.355502769509028
-4.15414016548383
-4.387907930549967
-3.4360640641826796
-4.361117904920546
-4.488719714332894
-3.255373013791676
-5.876837128767212
-4.391634202245834
-4.50583896518135
-4.491143670401305
-3.384718020694103
-4.330028960125406
-3.9974000569016095
-5.4541222722016744
-4.708183572021524
-4.315726200332186
-3.9216908455385853
-3.9431946922195413
-4.1516088275954575
-4.409443987632217
-4.602864504270629
-5.38609683215755
-5.5999425449196565
-4.345159483281764
-4.258361703558314
-4.279320694186977
-4.2952301646401745
-4.3438342975927045
-4.57560130999949
-4.410604024193592
-4.280097320327906
-4.368991074618728
-4.160368830005259
-4.316420956585003
-4.391352137818426
-3.328652878805808
-4.130510345703273
-4.3719529350741295
-4.3643784048217515
-4.601803666308845
-4.108952249546382
-4.115428846308529
-4.365451426836063
-4.371850884374852
-5.481439317707369
-4.468942934932646
-1.9889137763871627
-4.304489449074772
-4.296468835805141
-4.356333621479549
-4.1404156471084335
-4.3761659898184195
-4.66565164261805
-4.3643741940107965
-3.422145720335159
-4.537639691227775
-4.39052043778916
-4.3959947114403075
-4.198523905473002
-3.3955013232418843
-4.46699862058733
-4.477029504540294
-4.358707340507679
-4.397184466474232
-4.304106075856105
-4.3880983932238244
-3.384718020694103
-4.397638633050387
-4.808842159420104
-4.070588898495416
-4.355931078458811
-3.4236518067357036
-3.340924182873505
-5.051325128394883
-3.8632027864367995
-4.689263319563729
-4.691332617381902
-4.411933683789004
-4.3827770625305975
-5.441232041095541
-5.437674062393026
-4.396295101198626
-4.0076157338067455
-4.389303162705679
-4.493162841838638
-4.536398666315729
-5.4314203947712345
-5.44279851740914
-4.748018447998194
-4.4353848044379856
-4.166128515057284
-4.361900043845889
-4.2989762307535555
-3.9034957565526676
-4.675450211477937
-4.080112019686751
-4.448283843625827
-4.641129327473912
-4.688687940603219
-4.520163137243152
-5.666247245394093
-4.303587944963708
-4.7619185882597925
-3.503758593030061
-4.78717322168913
-5.504224753509088
-4.337644921900678
-5.884622615984731
-4.7114940421145715
-4.579101695161189
-5.379718364797095
-5.844144461655085
-4.42052940220072
-4.7046983830756535
-4.394034615068757
-3.374052816528404
-5.342595639475797
-4.409908539513559
-5.490316769518968
-4.383664486432789
-4.176524241841139
-5.864208439355728
-5.436698865001597
-5.58496013838322
-4.387264344431119
-5.554892162781821
-4.390031513547246
-4.526375445749848
-4.829363042945369
-4.393484234962323
-5.693085544170742
-4.280167986731291
-5.702811922946373
-4.443447105286612
-5.306139803168255
-4.149876842483119
-4.673157799723333
-5.494938469877103
-5.735825654892652
-3.5580591747871626
-5.402866937293711
-4.5837422374913155
-5.575633567562691
-4.416025981271448
-4.1525429600648724
-6.152151962321206
-3.4883788985985102
-3.4449034710961057
-4.393566574319656
-5.45706328890813
-5.308810283842496
-4.239360952205804
-6.152151962321206
-6.208048961506172
-4.290964502817834
-4.616595615450711
-4.678645759512421
-5.320736635301074
-4.511006266123459
-6.274016347157685
-5.62616084669158
-6.152151962321206
-6.224127565676783
-4.335020434327234
-6.3399837328091975
-4.387027097571805
-6.255722166693932
-4.32150874769312
-5.6249569765098935
-5.084814005588647
-6.278014766312086
-4.158250540534901
-5.436536160213422
-5.601237454786716
-6.224127565676783
-5.5565957764203455
-4.447983075150395
-6.224127565676783
-5.464085383030922
-6.275876064036391
-5.62616084669158
-5.731635883276266
-6.330604616674483
-6.1497833097338646
-6.323543027016779
-4.7240597993509725
-6.3212332638085655
-4.530757692030806
-6.125014899393219
-6.321212683187866
-5.21474784226505
-6.31636344083147
-6.330604616674483
-5.495156855740673
-6.340263226401596
-3.3954756739851946
-6.278553285071342
-6.2537320522461055
-6.231340552862703
-5.2335216505769635
-5.636407526366336
-4.34544699553162
-6.231340552862703
-6.281229334343605
-6.330604616674483
-6.248372789526545
-5.33975063181585
-4.444100629201665
-6.42158470405195
-6.602449732013497
-6.418402240669205
-6.807462089689787
-5.6024390326587845
-5.561602701358719
-4.385235177285487
-6.688573226054367
-4.362390817888614
-6.377553179023365
-5.22451770309722
-6.3393226924359976
-6.730244066787932
-4.439101685840864
-6.0136038888635674
-4.411822592436852
-6.688573226054367
-4.817566921453059
-5.1637482586581855
-5.849560040160544
-6.766299778526659
-6.775284539181563
-4.79995796444549
-6.838809336241781
-5.5807756105146336
-5.208596003736747
-4.407546972584641
-6.6937855393000705
-4.829882705720236
-5.903168856568415
-5.99800629806022
-6.775284539181563
-4.830791677949593
-6.688573226054367
-6.708315074899668
-4.922340805538756
-6.890822202889343
-6.890822202889343
-6.089403139322465
-6.086047586152933
-6.766299778526659
-6.890822202889343
-6.186138207166835
-5.97489748420477
-6.6700855812722875
-5.366565472918437
-6.890822202889343
-6.886369382047231
-5.7194582353254475
-6.695950526823561
-6.538480205028089
-4.38604710237699
-5.413212738826727
-6.7501236994831455
-5.008955773281622
-6.406956686227456
-5.824113397406136
-6.746778795829577
-6.380123394702254
-6.089403139322465
-6.0821447934512465
-6.538480205028089
-5.397944586730489
-6.890822202889343
-4.183229345024968
-6.803382806499888
-5.408949480266335
-5.270462201741123
-6.56859465340102
-6.197561021045416
-6.890822202889343
-6.5441916119673795
-6.710158596440631
-6.019788719941467
-6.91219408717653
-6.506682475059123
-6.538480205028089
-4.531941462667045
-6.840643174628163
-6.538480205028089
-4.304185294773632
-6.8193603678354595
-4.9899765422715525
-6.746778795829577
-6.805842053709677
-5.306581592910556
-6.91219408717653
-6.774108958195498
-6.869450318602156
-5.966951206131192
-6.91219408717653
-4.3149768344701185
-6.890822202889343
-4.9842016669049425
-6.890822202889343
-6.656980182730843
-6.890822202889343
-6.850824037504478
-5.106673453690652
-6.021363401316979
-5.840589469555228
-6.91219408717653
-6.890822202889343
-6.581700748875636
-6.841844835473433
-6.869450318602155
-5.493479378009563
-4.513640620492098
-6.91219408717653
-6.527104398033807
-6.890822202889343
-6.621194860704268
-5.98684890312334
-6.577700620185575
-6.581700748875636
-6.211488297571402
-5.669718957263208
-6.897455846527292
-6.91219408717653
-4.351632931223896
-6.746778795829577
-6.577700620185575
-6.915412208601275
-4.804222570805275
-6.91219408717653
-6.52251581111972
-6.915412208601275
-6.75737551309151
-5.397965120281155
-6.101454764221273
-3.3317172180368932
-5.71963090954818
-5.259375303399807
-6.91219408717653
-6.104972415847037
-6.013171174025752
-6.91219408717653
-4.574232325238805
-6.089403139322465
-5.09591797867218
-5.939882875536804
-6.91219408717653
