-1.7214664029398712
-1.6338063357538364
-1.702634451037283
-1.6237336877707014
-1.6302955483321346
-1.5193225565014385
-1.636973549832506
-1.6284570029811778
-1.6712614664750134
-1.6282706967204017
-1.6658919706199966
-1.657271989184401
-1.561474768940716
-1.559459227247498
-1.6145162100399884
-1.6347961696634907
-1.6383761550554712
-1.654500340279795
-1.629958294217104
-1.5328720279201642
-1.601352336470655
-1.6720725129238363
-1.6594142850829772
-1.4709078048845203
-1.6216134225537917
-1.6466878740583657
-1.5945872144205893
-1.698038722269275
-1.7018436542349606
-1.6764190885263457
-1.68559402348824
-1.6708798498206705
-1.6415564969671133
-1.6320631323054724
-1.62278218340981
-1.5643593448563817
-1.623296454663836
-1.7075203068899478
-1.6375262454361945
-1.7059085686784259
-1.7041166035412136
-1.658868870614092
-1.6926346161780548
-1.5796233427739246
-1.626586838843805
-1.6436178992170607
-1.6296310096920785
-1.6720096579439934
-1.6533660852180538
-1.6236146242952705
-1.667413019723845
-1.672486107760919
-1.732420021144381
-1.5942466692657826
-1.6948162535708615
-1.7033270534221023
-1.686276918710655
-1.6542967916797997
-1.6852163760197436
-1.6829799604652569
-1.6324672386027719
-1.68151356297717
-1.6548891983922513
-1.6049670310109834
-1.666118530619192
-1.6567822117820936
-1.624846019703889
-1.6996403634353257
-1.6668706139698626
-1.6306453680764348
-1.586584786542747
-1.6408197218458958
-1.6977690186610794
-1.5991865406169161
-1.8139917769586256
-1.7249456862053607
-1.6207949697776882
-1.673054180137778
-1.5896842425414517
-1.595740234206013
-1.6458030124965566
-1.6389188697520614
-1.6320739296778461
-1.5914260335242414
-1.6752879218682022
-1.6212919729393067
-1.6828144798107192
-1.5445301848313002
-1.6896636184842542
-1.6597815148927157
-1.711469222736826
-1.6142190838538883
-1.6519634308818887
-1.6282500841020808
-1.669242688639367
-1.632159605572658
-1.6655270988110908
-1.6575948986658005
-1.6381004465471884
-1.6928520910429883
-1.6938121464659865
-1.6167934336837566
-1.6881241526816757
-1.6381203937854203
-1.634712658940961
-1.626939891883859
-1.691361405265248
-1.6596608586130426
-1.5986427021943446
-1.665501115869558
-1.5136454998931659
-1.616156081986533
-1.6024044468453205
-1.6176974966084938
-1.629727480626552
-1.6440388352232258
-1.613984592755476
-1.6311972376223156
-1.6096971371984916
-1.6290724179641012
-1.5936118877098369
-1.6457289024444288
-1.6722182694953478
-1.5411457637368835
-1.6723799791738816
-1.6814647332812132
-1.6816447553651346
-1.642408453672944
-1.6637797865453006
-1.567551835486838
-1.6577058100204067
-1.7109822210143815
-1.6302439027027578
-1.5919297553245755
-1.5705443906790815
-1.6367862382940415
-1.6207907149912173
-1.6426453632409468
-1.619410704885843
-1.6855201817579406
-1.6090152675609295
-1.685711113176096
-1.5914814905655477
-1.70772220344412
-1.644605730557427
-1.6782897279606384
-1.6593203902517883
-1.6988962130518384
-1.638114886310962
-1.6246321328859898
-1.6166588016020809
-1.633378951659762
-1.6633444379440405
-1.588637312634254
-1.603965357469859
-1.5685418729846425
-1.6730423468725362
-1.582477776602669
-1.6178402924478361
-1.6463248582837733
-1.6760080059583191
-1.6489105601441545
-1.5846047849798657
-1.6598279669383773
-1.604073910618232
-1.6486652351858957
-1.6565967691904544
-1.711718161544302
-1.6551192808616775
-1.5893645666400515
-1.6820045988595342
-1.6190249250274569
-1.6185757732271042
-1.6603312892761508
-1.6282347618092075
-1.6352215620113795
-1.6757128525165708
-1.5989298962090521
-1.5705155637200316
-1.5955285614605907
-1.585744012006039
-1.5185862771010892
-1.6486208572879752
-1.6188120485988367
-1.6366382657071399
-1.6439771923899245
-1.608721068773083
-1.6395997158214444
-1.6343734408044237
-1.6822175300021953
-1.6249653453412276
-1.6321812484988731
-1.6730628888873342
-1.6409112139767708
-1.7159193314381216
-1.6596792850259974
-1.5849534582913885
-1.6634697251511457
-1.5840786597822347
-1.6789024430303905
-1.547962354931724
-1.5619393248038156
-1.6273592182418228
-1.6152552233868491
-1.634610054494258
-1.6079421159477554
-1.6498551451729166
-1.6303304401289658
-1.661280677924682
-1.6721609450344495
-1.7545636790971142
-1.6629704395937221
-1.7069103651075608
-1.6352450097943692
-1.709842845668992
-1.6234321982300508
-1.5702236214349932
-1.6093106586060593
-1.572004137544237
-1.609480529037492
-1.6484763871624561
-1.717580299695079
-1.6912617695039855
-1.686151487212311
-1.654071282550519
-1.591113089444005
-1.611825085410759
-1.6388802308266999
-1.6937102281732352
-1.6292676406900046
-1.6328000607027842
-1.6450619723103954
-1.6162363962236432
-1.7053740832887452
-1.6510571031947288
-1.6777541965987919
-1.6466214569849564
-1.6700641130684113
-1.6333096100560411
-1.7125287319018396
-1.6615478707913283
-1.6210404161591385
-1.5513980080034466
-1.6816383688534664
-1.621113513178199
-1.6093075075459433
-1.6144965755364526
-1.6477150298299117
-1.5951642082464708
-1.6027152687616086
-1.6802998837245349
-1.7030968416275882
-1.6881158469676598
-1.6500144817192037
-1.6600431128661433
-1.6325813762349353
-1.6569005956836365
-1.541829063307292
-1.545060832357376
-1.6009218611744773
-1.8205955494054218
-1.645749074118913
-1.5823087051617244
-1.7060378520607133
-1.6902649395983425
-1.6842943504520589
-1.607072443433243
-1.6724133574144568
-1.5412372109955514
-1.7179248556561888
-1.6327516177335137
-1.7278937623650577
-1.663842169841866
-1.59881055258182
-1.6419583998683382
-1.8205955494054218
-1.6963229681745418
-1.686010629794763
-1.6545740826877797
-1.8205955494054218
-1.6483178460555137
-1.6064289835716614
-1.8032240602536178
-1.644604075109572
-1.537811127258974
-1.6708404461114286
-1.6627508538081277
-1.6568943668826839
-1.8205955494054218
-1.8205955494054218
-1.6454634050470773
-1.8021242793945778
-1.663842169841866
-1.8021242793945778
-1.7975776027863741
-1.5989696431644729
-1.63495421803341
-1.653122508815198
-1.8544485736716292
-1.8205955494054218
-1.8693226783048773
-1.7591232915705504
-1.8764398785052994
-1.8635176343019468
-1.7244506482759332
-1.650172256890314
-2.0129762707819245
-1.2623646621739966
-1.7059279286169193
-1.8098278490198574
-1.6338960836278735
-1.649985129282741
-1.6621119887376434
-1.8234361772048993
-1.8154721095994384
-1.934901106993341
-1.9923865583436
-1.9923865583436
-1.688977599205533
-1.6040456820817541
-1.6206417230919488
-1.6276457113657508
-1.8161932095050441
-1.8162741446731183
-1.7267357645341928
-1.7652005867589133
-1.9860905402981741
-1.6338657129572105
-1.648755335605803
-1.657417348317602
-1.8161932095050441
-1.8927038013170676
-1.6323738540520056
-1.9860905402981741
-1.949221631305217
-1.8787877631289358
-1.8098971914596182
-2.1233986978526644
-1.6896716934245095
-1.6850631840037982
-2.0232454507877797
-1.861134978551547
-1.6432244100805244
-1.54356539966053
-1.552950102368696
-1.5665132483817885
-1.6413534634611726
-1.7157930788305904
-1.6155664758625197
-1.7104101556815197
-1.7070226312480905
-1.9126092686833853
-1.9678319686459953
-1.6935567541362326
-2.12954121187554
-1.8920340301810719
-2.1233986978526644
-1.7237808741474019
-1.6419813845166318
-1.974554908101711
-1.6510014108199838
-1.7987569179112666
-1.6415054495128065
-1.5922322653874206
-2.1233986978526644
-1.9963505290182026
-1.9963505290182022
-1.8339188122539805
-1.5997060281278923
-1.8382820871615162
-1.8378694780320648
-1.6098487374890325
-1.6097938190825458
-1.6875391331787215
-1.969256176213464
-1.8181355525315634
-1.6452128582665753
-2.129146512568172
-1.3654721909993839
-1.621037567421237
-2.0071182294037673
-1.9792985171458954
-2.0226291489211206
-2.098086981801175
-2.098086981801175
-1.7300277890234903
-2.148710413904154
-2.0301883911581724
-1.5808238856971246
-1.6008191442351183
-1.840061342596299
-2.146484567206719
-1.6645841576579226
-1.8527362694545073
-1.7002446750874358
-2.1233986978526644
-2.1233986978526644
-1.6662261021909346
-1.5770432445380516
-1.8555787723041386
-2.1233986978526644
-1.57519550775734
-1.9637898045866415
-2.146484567206719
-1.9246246887532483
-2.0204825569785747
-1.8583164698053536
-2.148102326274593
-1.8341322168956173
-2.1154250364397216
-2.148102326274593
-1.8831276302607638
-2.1297546001977334
-1.6647374873836502
-1.721588988457495
-2.1121710798999738
-1.5973596101188476
-1.7466975724485185
-1.6394622473748677
-2.0157329104574506
-2.0239199601925866
-1.993280633808101
-2.148710413904154
-1.8099766515393272
-1.865206864218683
-1.999154403344582
-1.6275362338142643
-1.9067655747961814
-1.947807288928013
-1.9671253257450396
-2.1170427955075954
-2.11765090484986
-2.1297546001977334
-1.6421366421222434
-1.3571647886274334
-1.6995235511265736
-1.6735737762588545
-1.6569772142929013
-1.9666472229856877
-1.6489942750752036
-1.8092284034969266
-1.9453895111336956
-2.1233986978526644
-1.6647374873836505
-1.838282065448814
-2.148102326274593
-2.1311589709434138
-2.1311589709434138
-2.004088582193348
-2.1154250364397216
-2.0234931835481995
-1.6647374873836502
-2.0234931835481995
-2.1497200853424667
-2.031253456638949
-1.978342553042896
-2.0234931835481995
-2.042344064522209
-2.1293667892337735
-2.0221561577303104
-2.148710413904154
-2.1497200853424667
-2.1503281729720283
-2.149318501533716
-2.031253456638949
-1.57643515690849
-2.1295412335882427
-2.0247839948196655
-1.4798050722550162
-1.8571965313720127
-1.8625727854063219
-1.7978155691229845
-2.117430606471556
-2.149318501533716
-2.148710413904154
-1.993678646139037
-2.1233986978526644
-1.9482088288954926
-1.7934976553602442
-2.148102326274593
-2.043565997192675
-1.8378694780320648
-1.8625727854063223
-2.1158518130841086
-1.707452425161861
-1.8001873750053579
-1.9380440013005438
-1.8351187177174781
-2.005440958094163
-1.884618631737833
-2.013985942220237
-2.147700742465842
-2.147700742465842
-1.9825562255241986
-2.2195386860906385
-2.2195386860906385
-1.6071438256423114
-1.6208308577234691
-1.952701920274816
-2.0072627037619797
