-5.8214214583075625
-5.0638746177632825
-3.830058011219537
-4.024705233846738
-4.270544379840688
-4.113009265346544
-4.707522147163277
-4.413065221431958
-4.384118399977789
-3.3867019896623676
-4.356679145536316
-4.4361061035085925
-4.385014814084824
-4.839583694630158
-4.424314049166211
-4.383472082750554
-4.412302356518731
-4.380274027635053
-4.382221778084759
-4.419607204766918
-3.876758377293454
-4.58484751761013
-4.369904633929743
-5.355403908135987
-4.705898200209906
-4.648979589599934
-4.403956452573687
-3.421268859899838
-4.541851639964714
-4.388896089234483
-3.2068529927434812
-3.3867019896623676
-3.394165888688443
-4.4152437530815645
-4.71205545365613
-5.190852228392183
-4.385152159228022
-4.429219329811793
-4.386063912997129
-4.490189975573026
-4.59927199683977
-5.662596653045859
-4.313196272796412
-4.087335614087745
-4.4373029255293845
-4.390136847527627
-4.546646879030602
-4.416427179784711
-4.423027139103186
-4.379066709227772
-4.509875901533444
-4.628759298287767
-5.372329424915995
-4.449905475248964
-4.337595298810407
-3.440548399562484
-4.29111115544554
-4.390504185761494
-4.2621658427509415
-4.699855648428914
-4.606807163487124
-5.082895008426881
-4.3376010455725575
-3.353242383123522
-5.3865658994082235
-4.411864892485066
-4.6482825464839825
-3.433623116214047
-4.481621660880712
-4.08380852410823
-3.386320274441346
-4.125200248540465
-4.412266474465617
-3.390408640813143
-4.441482305027236
-4.348766151493582
-4.380651720249611
-4.3759222962333855
-4.171763137664743
-4.4383606561641304
-3.266554851985116
-4.4447571964111665
-4.378312969819384
-4.075174844273019
-5.023221985970013
-4.328424763727491
-4.64342902287186
-4.377610929767396
-4.4461735750069025
-4.336962784832146
-4.449790682765158
-4.890236738479089
-3.3558814193003292
-4.430386004527063
-4.332798844266661
-3.865326503932394
-4.369457229087678
-4.364234644105801
-4.395754618265696
-5.64939357638441
-4.357877164607305
-3.469006373718446
-4.170139454428066
-5.758722774437851
-4.32770931146425
-4.509237737970395
-4.286542691594342
-4.330132800246002
-4.135711078516945
-4.408148654399474
-4.394399177516265
-3.2363638640047894
-4.329181713492503
-3.34656860291007
-5.444668225224577
-4.619238001897953
-4.387697362661694
-4.697128383227532
-3.368251845860095
-4.329962748805927
-4.531812885980135
-4.390389003752876
-4.670520413949952
-4.6129916823008115
-5.072110452362889
-4.424344612867235
-4.532712148166287
-4.44725948664382
-4.3584310685297565
-4.7613740347544455
-3.4962040967513195
-4.401992626714374
-4.407259963232879
-4.126628596347183
-3.422271082596307
-4.447802101424834
-4.467767080865053
-4.32120568012864
-4.277580315697745
-4.474931404293043
-4.3569293972140315
-4.213602009847848
-3.955925608043638
-4.499987859217416
-5.610086746071433
-5.385354142615169
-4.333174186995382
-4.3753721208027265
-3.2107401744372632
-4.488256192727279
-4.407314607777491
-3.4678855543189755
-4.4063752698218055
-4.31136913083071
-4.378633803707574
-4.354476268708993
-4.418028442370121
-4.984173215537201
-4.112305373213194
-4.362348311012424
-4.627441832963299
-4.452710969909882
-4.364586977152097
-4.389499219863378
-4.392512120110697
-4.430130629675612
-4.663516082962996
-4.397620117939818
-4.359496305173989
-4.526314227993262
-4.392312479615223
-4.551652334977
-4.530359761539147
-3.334528580839769
-4.413709161575947
-4.3804296377637515
-4.193098220043494
-4.469242822135191
-4.543891183727688
-4.150416910631525
-5.342084187940594
-4.199602748261395
-5.393875086904816
-4.368481008629909
-4.529833815759344
-4.827021921310406
-4.770217340192183
-4.677473813892883
-4.490374688032953
-4.342059944656828
-4.325851671618439
-4.271154262197557
-3.512242899776128
-4.221376627464644
-4.436648811023408
-4.390389003752877
-4.49121377526782
-4.543154390568002
-4.128851566871093
-4.507170772097604
-5.4289951672651044
-4.395529766282866
-4.450540708087696
-3.3953014384826323
-4.424887803705506
-4.410079858706521
-4.397069775324145
-4.311215581121537
-4.172820600343436
-4.783602356637077
-5.183582856503128
-4.369430904996943
-4.335342846685496
-4.323112361424829
-4.411229187266148
-4.368356821960429
-4.334028398820879
-5.214935284825286
-4.455585506613155
-4.399070303512008
-4.410728290540183
-4.427161353683167
-5.016489447491663
-4.608137706555693
-4.454772207756614
-5.355209045914065
-4.270902105972308
-4.362079154724338
-5.459402038312934
-4.432788720124674
-4.329361520824782
-4.183352302662142
-5.169521282819697
-4.216850416867462
-3.3689446848594122
-4.31190777484148
-4.3435967312479615
-4.391284954011716
-4.390389003752876
-4.412918815213003
-4.393073132102946
-3.352776944249033
-4.064160270983137
-4.368032515847945
-4.976652872471585
-3.341504397459183
-3.5418587604314844
-4.293147888174152
-4.60356041197157
-3.4603388789334333
-5.8214214583075625
-4.379430046809094
-3.394087665281977
-3.5131957474969315
-4.901998942658846
-4.416110218100863
-4.47091482747383
-5.342437118329723
-5.544594727009587
-5.8214214583075625
-4.640957227114701
-4.5451799464235165
-6.535957582709595
-5.556176187545482
-4.655244934888998
-5.470845242575214
-4.836318884056552
-4.643536292277643
-4.115942708942464
-6.535957582709595
-5.282279526206154
-4.330987324740595
-5.363877057794915
-6.141837124429233
-3.254285086570516
-5.934770342415154
-4.4516097127090815
-6.141837124429233
-5.701029039201499
-6.445698536291753
-5.921457986590264
-4.380575152423972
-6.445698536291753
-5.77461391288814
-6.535957582709595
-5.943718037468661
-5.267099081574384
-3.8536911664676703
-5.449697004569375
-6.535957582709595
-5.374171481509258
-6.827716017780432
-4.454688925138264
-5.9493182390311
-6.358984165582144
-4.407817828740541
-6.092782597893278
-6.827716017780432
-5.99324052993604
-6.407694506872779
-3.8549470088299493
-6.355439489873912
-6.712133632879409
-6.827716017780432
-5.8837035823846655
-7.181989409196089
-4.388669452005345
-4.838641478527014
-4.485092920874443
-7.303087718517055
-5.132425117289116
-5.433054641306844
-4.115320012388855
-5.417500306020746
-5.395772074226545
-4.420096569526201
-7.370889025547806
-3.2578013963423937
-6.322368024021186
-4.997899112376212
-4.13754658572533
-4.249284365716592
-4.479429125078913
-5.013994793055375
-5.289379503435027
-6.3780440389986435
-5.528897810177135
-3.27832076258927
-4.662002884427215
-7.005250855800418
-4.64645049464126
-4.406357235789382
-5.292567706572438
-6.913669173131769
-6.43260905925548
-4.5028071728482475
-5.943721266112554
-6.220703222261713
-5.604264091586908
-7.122224511308582
-4.354679728920603
-6.402209184455276
-7.030578408300096
-7.34949840168024
-4.1716038780610765
-6.896297742628921
-6.144793690265017
-4.959057948003119
-4.147963688512261
-6.688895424984219
-6.763452614580827
-6.735078498288957
-6.950958648930503
-7.311522288273901
-4.909597297200756
-6.957551424204167
-7.34949840168024
-7.089335742479015
-7.199951731412128
-5.905494087311921
-6.987323957644077
-7.438690332578558
-5.949816183652107
-6.408027987246678
-5.662104968889538
-6.8756742873586685
-5.272061417299437
-7.303087718517055
-6.184956164357523
-7.141540317775163
-6.366703313072042
-6.599428463366143
-7.018942256998148
-7.311522288273901
-6.322847752950288
-7.303087718517055
-7.303087718517055
-7.303087718517055
-6.007542562479963
-7.071866953411504
-7.311522288273901
-6.423296956203877
-5.473097336354091
-6.7957961239047595
-5.049231542854716
-6.287542320264124
-5.933809583262585
-5.328541606615923
-7.123077496288833
-6.587930875476561
-6.238859772862352
-6.227007838935636
-6.8129682462345595
-7.34949840168024
-7.071866953411504
-7.34949840168024
-4.202793422247267
-6.168917146689411
-6.185042455365739
-7.34949840168024
-6.794235505142768
-6.08136565672245
-6.000593739940397
-7.34949840168024
-7.17037708520677
-7.34949840168024
-7.367729714699322
-7.330959777945878
-7.20929267409425
-7.163138854285953
-7.34949840168024
-7.34949840168024
-7.01837932545058
-7.385961027718403
-7.34949840168024
-5.435254177659221
-7.259713891193404
-4.528031926929057
-7.367729714699322
-7.367729714699322
-7.178440274893488
-5.211184127204375
-6.8927456369380335
-7.367729714699322
-7.367729714699322
-7.286985424439373
-7.438690332578558
-6.349834173558353
-7.130237675818678
-5.3716196378495304
-6.922211875131807
-6.897064911226234
-6.700476256461996
-7.367729714699322
-6.308705275584069
-4.342796786349249
-6.80131582578262
-7.440705926090507
-7.290634839552218
-6.404504092530032
-7.34949840168024
-7.290634839552218
-6.981190757976754
-7.140563753013929
-7.385961027718403
-5.595684669424357
-7.34919109096496
-7.34919109096496
-6.2628207645314
-5.533838769883026
-4.11827624648416
-4.211382029765472
-7.274545395353106
-7.1438993971053435
-5.285498026308412
-7.097831132273985
-7.050405061144015
-4.55441822616052
-7.290634839552218
-4.659165354679622
-6.1925992748881695
-7.163138854285953
-7.1586494037991155
-7.440705926090507
-4.453472945695368
-7.440705926090507
-7.440705926090507
-5.9805326418720455
-7.243796837606297
-6.281149252444681
-7.188608398225851
-7.140563753013929
-7.385961027718403
-6.995758527400922
-6.125886541091387
-7.385961027718403
-6.3114355597806675
-7.357625660721805
-6.464121989363026
-6.961888533559263
-7.440705926090507
-7.273816848558065
-7.440705926090507
-7.34949840168024
-4.712498556069178
-7.440705926090507
-7.440705926090507
-6.071154870073021
-7.292302661597924
-7.440705926090507
-7.097831132273985
-4.593982226424455
-6.4466960213794415
-7.378973128289758
-7.440705926090507
-7.499943909546969
-6.829501250188237
-6.882032393749428
-4.490945476087413
-7.499943909546969
