-0.6156056092538343
-0.9331590466233916
-0.9331603662830047
-0.6109890152360793
-0.6109890152360794
-0.6109890152360794
-0.6125283197952021
-0.9331590466233916
-0.6109890152360793
-0.6125283197952021
-0.6125283197952021
-0.6125283197952021
-0.6109890152360794
-0.6125296394548152
-0.6125283197952021
-0.6125283197952021
-0.29189759296701256
-0.6109890152360794
-0.29189759296701256
-0.6109890152360793
-0.6125283197952021
-0.6140676243543248
-0.29189759296701256
-0.6140676243543248
-0.6125283197952021
-0.29189891262662565
-0.6125270001355889
-0.29189759296701256
-0.6109890152360793
-0.6125283197952021
-0.6094483910173436
-0.6125283197952021
-0.6125270001355889
-0.29189759296701256
-0.6125283197952021
-0.2918962733073995
-0.6109890152360794
-0.6140676243543247
-0.6125283197952021
-0.9331590466233916
-0.6125283197952021
-0.6140676243543248
-0.6140676243543247
-0.6109890152360794
-0.6125296394548152
-0.6125296394548152
-0.6125283197952021
-0.9331603662830047
-0.6140676243543248
-0.6125283197952021
-0.6156056092538343
-0.6109890152360794
-0.6140676243543248
-0.29189759296701256
-0.6125283197952021
-0.6125296394548152
-0.6094483910173436
-0.29189759296701256
-0.6140676243543247
-0.6140676243543248
-0.6140676243543247
-0.6140676243543248
-0.6156056092538343
-0.6140676243543248
-0.6125283197952021
-0.6109890152360793
-0.29189759296701256
-0.6140676243543248
-0.6125296394548151
-0.9331577269637784
-0.6140676243543248
-0.6156056092538343
-0.29189759296701256
-0.6125283197952021
-0.6125283197952021
-0.9331590466233916
-0.29189759296701256
-0.6140676243543247
-0.6140676243543247
-0.9331603662830047
-0.6125283197952021
-0.6094483910173436
-0.6140676243543247
-0.6125283197952021
-0.6156056092538343
-0.6140676243543247
-0.6125283197952021
-0.6125283197952021
-0.6140676243543248
-0.6125283197952021
-0.6125283197952021
-0.6125283197952021
-0.6125283197952021
-0.6109890152360794
-0.6125270001355889
-0.6125283197952021
-0.6125283197952021
-0.6125283197952021
-0.6109890152360793
-0.6125283197952021
-0.2918962733073995
-0.6156056092538343
-0.6140676243543247
-0.29189891262662565
-0.29189759296701256
-0.6125283197952021
-0.6125283197952021
-0.2918962733073995
-0.6140676243543248
-0.9331590466233916
-0.6125283197952021
-0.9331590466233916
-0.6156056092538343
-0.6140676243543247
-0.29189759296701256
-0.29189759296701256
-0.6125270001355889
-0.29189891262662565
-0.6125283197952021
-0.6125283197952021
-0.6125283197952021
-0.29189759296701256
-0.6140676243543248
-0.6125283197952021
-0.6125283197952021
-0.6140676243543247
-0.6140676243543247
-0.29189891262662565
-0.6140676243543248
-0.6125283197952021
-0.6125283197952021
-0.6109890152360794
-0.2918962733073995
-0.9331590466233916
-0.6140676243543248
-0.2918962733073995
-0.6109890152360793
-0.9331577269637784
-0.6125283197952021
-0.9331590466233916
-0.6109890152360794
-0.9331590466233916
-0.29189759296701256
-0.6125283197952021
-0.6140676243543247
-0.6125283197952021
-0.6140676243543247
-0.6109890152360794
-0.6109890152360794
-0.6125296394548152
-0.6125283197952021
-0.6125283197952021
-0.6109890152360794
-0.6125283197952021
-0.6125283197952021
-0.6125283197952021
-0.6140676243543248
-0.6140676243543248
-0.29189759296701256
-0.6109890152360793
-0.9331577269637784
-0.6140676243543247
-0.6094483910173436
-0.6125296394548151
-0.6140676243543247
-0.6094483910173436
-0.6140676243543248
-0.29189759296701256
-0.6125283197952021
-0.29189759296701256
-0.6109890152360794
-0.6094483910173436
-0.6109890152360793
-0.2918962733073995
-0.6109890152360794
-0.6094483910173436
-0.6094483910173436
-0.6140676243543247
-0.29189759296701256
-0.9331603662830047
-0.6125283197952021
-0.6125283197952021
-0.6140676243543247
-0.6125296394548152
-0.6109890152360794
-0.6125296394548152
-0.6125283197952021
-0.6125283197952021
-0.6140676243543247
-0.29189759296701256
-0.6125283197952021
-0.6125283197952021
-0.6109890152360793
-0.6125283197952021
-0.6125283197952021
-0.9331590466233916
-0.6140676243543247
-0.9331590466233916
-0.6125283197952021
-0.6109890152360793
-0.6140676243543247
-0.6140676243543248
-0.6125283197952021
-0.6125283197952021
-0.6125283197952021
-0.6125283197952021
-0.6125283197952021
-0.9331603662830047
-0.6140676243543248
-0.6094483910173436
-0.6109890152360794
-0.6109890152360794
-0.6109890152360793
-0.6125283197952021
-0.6125283197952021
-0.6125283197952021
-0.6109890152360793
-0.9331590466233916
-0.6125283197952021
-0.6125283197952021
-0.6140676243543248
-0.6125270001355889
-0.6125283197952021
-0.6156056092538343
-0.6125283197952021
-0.29189759296701256
-0.6140676243543248
-0.6094483910173436
-0.6140676243543248
-0.29189759296701256
-0.6125283197952021
-0.6125270001355889
-0.6125283197952021
-0.6140676243543247
-0.6125283197952021
-0.6109890152360794
-0.6156056092538343
-0.6109890152360794
-0.6125283197952021
-0.6125283197952021
-0.6125296394548152
-0.9331590466233916
-0.6109890152360793
-0.29189891262662565
-0.6140676243543248
-0.6109890152360794
-0.6140676243543248
-0.6125283197952021
-0.6125283197952021
-0.6109890152360794
-0.6125283197952021
-0.29189891262662565
-0.6125283197952021
-0.6125270001355889
-0.29189759296701256
-0.6125296394548152
-0.6125283197952021
-0.6125283197952021
-0.29189759296701256
-0.6125283197952021
-0.6125283197952021
-0.6109890152360793
-0.6125283197952021
-0.6125283197952021
-0.6125270001355889
-0.6125283197952021
-0.6109890152360793
-0.9331603662830047
-0.6140676243543248
-0.6140676243543248
-0.9331590466233916
-0.2918962733073995
-0.6125283197952021
-0.6109890152360794
-0.9331590466233916
-0.6125283197952021
-0.6125283197952021
-0.6125296394548152
-0.29189759296701256
-0.6125270001355889
-0.6125283197952021
-0.6125283197952021
-0.6125296394548151
-0.6125296394548152
-0.9331603662830047
-0.6140676243543248
-0.6125283197952021
-0.6125283197952021
-0.29189759296701256
-0.6109890152360793
-0.9331590466233916
-0.9331590466233916
-0.6125296394548152
-0.29189759296701256
-0.9331590466233916
-0.6125283197952021
-0.6094483910173436
-0.9331590466233916
-0.6125283197952021
-0.6125283197952021
-0.6125296394548152
-0.6125283197952021
-0.9331577269637784
-0.6125270001355889
-0.6125283197952021
-0.9331590466233916
-0.9331577269637784
-0.6140676243543247
-0.9331577269637784
-0.6125296394548152
-0.6125283197952021
-0.6125283197952021
-0.29189759296701256
-0.6125270001355889
-0.9331590466233916
-0.6125283197952021
-0.6125283197952021
-0.6125283197952021
-0.6125283197952021
-0.6125283197952021
-0.9331577269637784
-0.6125283197952021
-0.6140676243543247
-0.6125296394548152
-0.9331590466233916
-0.9331590466233916
-0.9331590466233916
-0.9331577269637784
-0.6125270001355889
-0.29189759296701256
-0.9331577269637784
-0.9331603662830047
-0.9331577269637784
-0.9331590466233916
-0.6140676243543248
-0.9331590466233916
-0.9331590466233916
-0.6125283197952021
-0.6125270001355889
-0.6109890152360793
-0.9331590466233916
-0.6109890152360793
-0.6140676243543248
-0.9331590466233916
-0.9331577269637784
-0.6125283197952021
-0.6094483910173436
-0.9331603662830047
-0.9331603662830047
-0.9331590466233916
-0.6109890152360794
-0.9331590466233916
-0.9331590466233916
-0.6125283197952021
-0.6125283197952021
-0.6109890152360793
-0.29189891262662565
-0.9331590466233916
-0.6125283197952021
-0.9331590466233916
-0.6125283197952021
-0.6094483910173436
-0.6125270001355889
-0.6125283197952021
-0.29189759296701256
-0.6125283197952021
-0.29189759296701256
-0.6140676243543248
-0.9331590466233916
-0.9331590466233916
-0.9331590466233916
-0.2918962733073995
-0.6156056092538343
-0.6094483910173436
-0.6125283197952021
-0.6125283197952021
-0.6140676243543247
-0.2918962733073995
-0.9331590466233916
-0.9331603662830047
-0.9331577269637784
-0.6109890152360794
-0.6140676243543247
-0.9331603662830047
-0.9331590466233916
-0.6140676243543248
-0.6125283197952021
-0.6109890152360793
-0.6125296394548151
-0.6109890152360794
-0.6125283197952021
-0.6140676243543248
-0.29189759296701256
-0.6125283197952021
-0.6125283197952021
-0.6125283197952021
-0.9331590466233916
-0.6125283197952021
-0.6125283197952021
-0.6125296394548152
-0.9331603662830047
-0.6125283197952021
-0.29189759296701256
-0.9331577269637784
-0.6125283197952021
-0.6109890152360794
-0.2918962733073995
-0.6125283197952021
-0.29189759296701256
-0.9331603662830047
-0.9331590466233916
-0.6125270001355889
-0.9331590466233916
-0.6125283197952021
-0.6125283197952021
-0.9331590466233916
-0.6125283197952021
-0.6140676243543248
-0.9331590466233916
-0.6125283197952021
-0.6125283197952021
-0.9331590466233916
-0.6094483910173436
-0.6125283197952021
-0.6125283197952021
-0.29189891262662565
-0.6109890152360793
-0.29189759296701256
-0.6125283197952021
-0.6125283197952021
-0.9331590466233916
-0.9331590466233916
-0.9331590466233916
-0.6125283197952021
-0.9331603662830047
-0.6125283197952021
-0.6125283197952021
-0.29189759296701256
-0.9331577269637784
-0.9331590466233916
-0.9331590466233916
-0.6125283197952021
-0.6140676243543247
-0.6125283197952021
-0.9331590466233916
-0.6140676243543248
-0.6140676243543247
-0.6125283197952021
-0.6125283197952021
-0.6125283197952021
-0.6125296394548152
-0.6125283197952021
-0.6125270001355889
-0.9331590466233916
-0.6109890152360794
-0.9331577269637784
-0.9331577269637784
-0.29189759296701256
-0.29189891262662565
-0.6125283197952021
-0.6125283197952021
-0.9331590466233916
-0.6125283197952021
-0.6125283197952021
-0.9331590466233916
-0.6109890152360794
-0.6125283197952021
-0.6125283197952021
-0.2918962733073995
-0.9331577269637784
-0.9331590466233916
-0.9331590466233916
-0.6125270001355889
-0.9331590466233916
-0.6125283197952021
-0.9331590466233916
-0.9331590466233916
-0.6125283197952021
-0.6125283197952021
-0.9331590466233916
-0.6125283197952021
-0.9331590466233916
-0.9331590466233916
-0.6140676243543248
-0.6125283197952021
-0.9331603662830047
-0.9331590466233916
-0.9331590466233916
-0.6125283197952021
-0.6125283197952021
-0.9331590466233916
-0.9331590466233916
-0.6125283197952021
-0.6125283197952021
-0.6125283197952021
-0.29189759296701256
-0.6109890152360793
-0.6140676243543248
-0.9331590466233916
-0.6140676243543248
