-1.7230719800861618
-1.6617806979727638
-1.652355213278019
-1.5155973577994206
-1.6430147032163567
-1.5984124952435816
-1.6178701468748473
-1.656213462544489
-1.6942237405692258
-1.6376364219216897
-1.6452834966031369
-1.6485588968741018
-1.625894309502373
-1.638142595728889
-1.5893916315561394
-1.5878644489228653
-1.5580976242780584
-1.6497591163780203
-1.6683439700258227
-1.7149240065278195
-1.683471301036708
-1.6181156087479218
-1.707387079038404
-1.664183620347314
-1.6382623284143427
-1.5897775422179732
-1.678877291361132
-1.675093658492351
-1.6293850458143864
-1.6305498426127458
-1.6769345971461946
-1.627742252595806
-1.66522772958632
-1.6723186085732684
-1.6178116359888421
-1.6443797057634306
-1.6818242735597821
-1.6380430360535998
-1.6939558146312146
-1.650335783456114
-1.643465478971519
-1.6520440058000505
-1.5803811386450737
-1.5504043016236877
-1.6643614398809707
-1.7116287472347107
-1.6636430239807682
-1.7664696304315326
-1.6098615799394866
-1.6332530867488517
-1.6630692528889683
-1.6958009550136748
-1.5520992833179164
-1.6405025065126098
-1.637276379300917
-1.6185700385797037
-1.6408212635279935
-1.6560977886861556
-1.5797810013128961
-1.6991302259768453
-1.6328323734271002
-1.6787167482420262
-1.578838431480868
-1.4913836509013383
-1.5599394533212558
-1.6323815896852925
-1.6661416481206393
-1.6119558139116734
-1.6599517564429225
-1.6469151144556258
-1.579932192541681
-1.5846360808057809
-1.663518270242938
-1.5304439311744957
-1.5324293288399906
-1.6388953273164737
-1.62797617693597
-1.6571766025976005
-1.6028599671991623
-1.6006223312304058
-1.7035287066906122
-1.6152040808715262
-1.662121458318562
-1.6181913430567214
-1.6072051253527249
-1.7031926024711515
-1.6599321212866809
-1.6153949727299093
-1.6239910255737102
-1.6630258394046964
-1.6874098167943856
-1.6696372871223453
-1.6939954652969802
-1.6375557880415865
-1.6962694070638547
-1.6001977255458992
-1.5880421121098502
-1.5900406666232152
-1.6040836294220249
-1.5376548891279787
-1.6531652146654106
-1.6725253266058675
-1.6721995787029735
-1.6648275360094231
-1.641850822509198
-1.5728480396635436
-1.5937154159855549
-1.621164437334206
-1.6560165566442713
-1.6515737940920134
-1.665205428969648
-1.5489442261523676
-1.699992787223851
-1.6790264639232981
-1.6329743837139845
-1.6164995329344303
-1.6074399259129404
-1.6029546288187488
-1.6265480672812236
-1.6356568525361028
-1.7645199767873803
-1.6532801456912354
-1.6077891902067247
-1.5890365434847349
-1.634583373770023
-1.6260030639824818
-1.6331704955145854
-1.6976722422313397
-1.6289558245747917
-1.6375559860468556
-1.65823361772919
-1.6178739737990835
-1.632025282643855
-1.6675209323590094
-1.6364693000659132
-1.5714736276769268
-1.6568626805808955
-1.5821824708400833
-1.6550728233055576
-1.6337857916864384
-1.7128239816048505
-1.579444144845915
-1.6215261640311915
-1.5496690730315725
-1.6805143839472638
-1.6208362504891487
-1.6207438842475677
-1.6596503893276275
-1.5519389183578844
-1.6022990894176308
-1.6405198811897665
-1.568486055690665
-1.6949830673944433
-1.6903453702119497
-1.5995345907839427
-1.6862904688258047
-1.6387161660204368
-1.692714699613595
-1.6323213084786414
-1.6342896413933456
-1.6600668641175464
-1.625941743867291
-1.6556873806024486
-1.638229479026646
-1.6253870599721216
-1.7254112355761866
-1.66114386543216
-1.6220739616648607
-1.5852594211244453
-1.7546933241017728
-1.6851467439680614
-1.5266810056645144
-1.6479923348344778
-1.5681125360506736
-1.5251160736191838
-1.6544470803576081
-1.6073670985483246
-1.6456036181008566
-1.6543698849388084
-1.6715192222835353
-1.6494104579415407
-1.5270878503769
-1.6716878073571702
-1.6174191622011054
-1.6656826275629555
-1.6130717201634686
-1.6056876763998793
-1.635236788918789
-1.6025080675723837
-1.6558876925605406
-1.6273830583573583
-1.597167849526222
-1.7122167689616223
-1.6897016865552286
-1.6263472211775734
-1.6805076941739274
-1.6630737834641234
-1.657319498447135
-1.618014928605414
-1.7316691656903394
-1.6925360647975982
-1.5953740289552956
-1.5736743156761177
-1.6936378731178652
-1.6696250387652025
-1.6249350032716412
-1.6093133717942385
-1.593254000306989
-1.6565107948505033
-1.6632006897080183
-1.610329987346838
-1.5497508331659844
-1.6193316391333628
-1.7124523166701868
-1.6310791295534377
-1.4971568547360627
-1.679375426186475
-1.6327778656700782
-1.654894810154021
-1.6975936311664321
-1.634616469816169
-1.5827280867668014
-1.6791491186477887
-1.6854391775807547
-1.6853417795155403
-1.63404537722127
-1.603912259162558
-1.5851538866464256
-1.6242390652602159
-1.69878717068146
-1.6160981998939767
-1.6461043943690208
-1.6127903206622056
-1.656568920739213
-1.6148612479753897
-1.5977390187316833
-1.6867620416934945
-1.6072822372547602
-1.540397900944521
-1.6328073780647885
-1.6491240189318614
-1.6235867747178363
-1.6709946539573686
-1.6087713012321652
-1.6487066012676175
-1.650091797958068
-1.6984162921843127
-1.7347361470303855
-1.5574180229310508
-1.6675761160709928
-1.6902860951784735
-1.6423787406732187
-1.8013020753771396
-1.5990768949444507
-1.6576055411726853
-1.6395012347712714
-1.5661730688347817
-1.5654701159473285
-1.7707066337661777
-1.5291199926422503
-1.5785454618832484
-1.6848720103056236
-1.7346950645994326
-1.774545322297165
-1.5137558792855395
-1.7024881897017548
-1.6949304207727678
-1.774545322297165
-1.774545322297165
-1.5955222734520487
-1.26342008455118
-1.4348120557584856
-1.6869906986624255
-1.520362089408633
-1.8013020753771396
-1.8013020753771396
-1.8013020753771396
-1.7331041631771513
-1.6729407263358318
-1.5891780387980075
-1.6103345220834167
-1.6954363138753248
-1.8013020753771396
-1.2579161632541005
-1.6843884350065852
-1.6215784251705716
-1.5453811272313627
-1.256552336751763
-1.8013020753771396
-1.5922212359000083
-1.7999382488748021
-1.637624210626941
-1.7999382488748021
-1.5325598960273785
-1.8013020753771396
-1.8111603528631686
-1.6126854783078926
-1.7999382488748021
-1.8013020753771396
-1.5509619800565801
-1.6937703755457094
-1.7624158568093067
-1.5978928352450494
-1.7802412911057945
-1.7999382488748021
-1.881538508154101
-1.6237631471832417
-1.8032599413049757
-1.7202226439443884
-1.7173902627717497
-1.8335731262870039
-1.6681250465010389
-1.5315112381163072
-1.7858776787097739
-1.6705662465039812
-1.7335113808419962
-1.7516150724716077
-1.7620941310762506
-1.6565272309335404
-1.7620941310762506
-1.903415650451076
-1.5745905769308977
-1.6614872556446687
-1.7627467859900425
-1.903415650451076
-1.680891404778841
-1.7798595440719032
-1.7995322956055113
-1.8266441649348089
-1.8406797358968405
-1.8381598164624036
-1.9006638292596536
-1.6664989896871656
-1.8175292616714396
-1.6379067960612963
-1.6788219373159452
-1.7383658913854687
-1.7224854332085524
-1.8911316445863038
-1.7088790215367964
-1.673706060623429
-1.7429104944029121
-1.8259996362299418
-1.8972592265406443
-1.8114184753466218
-1.8147422799300883
-1.6210080057182847
-1.9047910323827242
-1.6759272295544698
-1.9069799038914457
-1.6787021952838195
-1.64546205137666
-1.6303262941102596
-1.572906787533544
-1.8636157663629256
-1.8945560360803035
-1.849018336771089
-1.7191343908299568
-1.7000794243761068
-1.7928125260786714
-1.7171945994079048
-1.50274926516652
-1.7802902183113183
-1.6659610713900086
-1.6406149415295235
-1.6963646843253248
-1.8326021431836639
-1.8806410429226585
-1.903415650451076
-1.62231658641519
-1.7812826426365147
-1.7729889307292956
-1.89824550144316
-1.903415650451076
-1.92242906352636
-1.6453751187961752
-1.7980202710701627
-1.778518892240132
-1.8982454583280162
-1.9028555535046565
-1.829079597770587
-1.692880969712486
-1.7373948756554942
-1.8111236431796107
-2.0018716332331006
-1.6899070400125304
-1.6824525749611283
-1.6865806095694635
-1.793457765853245
-1.8382101282704026
-1.6356736540552634
-1.8724266993194814
-1.7435453487174173
-2.008017995100661
-1.9569112733597962
-1.8955950791857348
-1.8215222273591996
-1.9776642793846604
-1.8340358378571318
-1.9776642793846604
-1.6731215157713875
-1.8890108038688442
-1.7002042133751434
-1.7927291503617402
-1.6363401854319968
-1.6748234493600305
-1.8448908267456186
-2.0034157498080982
-1.9569112733597962
-1.5740323380138102
-1.8903037104133453
-1.9852237338804182
-1.792711443344855
-1.9083175380931845
-1.4372454779546515
-2.0349743027324267
-1.9539966262422341
-1.7295013500604983
-1.859533371774997
-1.8961877905058713
-1.8049464015517616
-1.7970438418921515
-1.7994141614159254
-2.0213893701654717
-2.1101706786080703
-1.7006212786342894
-1.6281358145068334
-1.6233833360456118
-1.6103863686098483
-1.714121494296247
-1.7195844500120412
-1.9066881201443704
-1.8327360196889453
-1.8383049716051696
-2.1101706786080703
-2.013659391552137
-1.8926361245721406
-1.7094399564712641
-1.87910189840857
-1.8315968692915328
-2.0237204295521405
-1.881526892760382
-1.6460747073516802
-1.9782492512005494
-2.0237204295521405
-2.1101706786080703
-1.9365391670284406
-1.4706826982124899
-1.8588756990543487
-1.7798114075434248
-2.1101706786080703
-1.915597504312982
-1.8075449967896995
-2.109099469100334
-1.6251278688700963
-1.9171482734674916
-1.8604963667466496
-2.0222428593405444
-1.703644773907263
-1.7659942255156182
-1.6675414185123412
-1.9381496976799268
-2.111914697403948
-2.216337439314402
-2.027824803584775
-1.5982625052759993
-1.7529010334449238
-1.6436343756631806
-1.7816168383900097
-1.9822412659782436
-1.773263886399707
-1.9743356815495738
-1.8486150283865659
-2.213839772560325
-1.6948626786050782
-2.1088630800241095
-1.6699273492714226
-1.6624805247989045
-1.7977983622114475
-1.9968743047836623
-1.8286962057016047
-1.8027788916992684
-2.146713490779261
-1.8528220777032114
-2.101708677537247
-2.0038863874878947
-2.040754674759934
-1.6742947354378337
-1.9793939238611271
-1.738724731715465
-1.9550188672132125
-2.122788586396581
-1.8464583651276345
-1.5423108083857375
-2.146713490779261
-1.6591314819113765
-1.8498048848091821
-1.6683373938668713
-2.2138397734032473
-2.126849467470151
