-5.84173911410824
-4.464242595069264
-4.5489339576045245
-4.379943187750006
-4.200721015858902
-4.170522951696498
-3.9507479143454347
-4.344607460251451
-4.461404551835223
-5.306406163903304
-4.394573365712314
-4.306245332654665
-3.1386615889304137
-4.342593492294802
-4.254489188333753
-4.386473212011359
-4.636818280338172
-4.653555829476727
-4.33080470689654
-4.334266927494169
-4.396967187470082
-4.426990388966147
-4.417099199170136
-4.4154041481110395
-4.426463042071481
-4.200590360228703
-4.3896691374096095
-4.160396653886784
-4.412539480796018
-4.402077280635847
-4.145015089484915
-3.5631230682248285
-4.495903762170943
-4.418217241089205
-3.0668088552154917
-4.091544497075404
-4.395191328208193
-4.287407503077996
-4.431311989500538
-4.194931212045417
-4.349058454191258
-4.588491727969572
-4.237864089908078
-4.3207926318736884
-5.4066190151543605
-3.167718990245672
-4.443816555049427
-4.44011370656337
-4.462090935452312
-4.374430210136409
-5.301806107922271
-5.386064856394219
-4.344843321300743
-5.094415783524997
-4.443408840139183
-4.409329041315262
-4.385360286501024
-4.17247863939479
-4.413688918228118
-4.696588245075969
-4.416138778224119
-4.275185003674642
-4.182320252978184
-5.212535175618411
-5.415763738172711
-4.381558653603439
-4.348791547217991
-4.388938283360583
-4.266436421171963
-4.406243303652065
-3.357076339944571
-5.382243492865227
-4.432271606660727
-4.210516422418056
-4.622681314081261
-4.226184218213449
-3.334414832143116
-3.308505689502649
-4.372173313166485
-4.172876739210927
-3.5560684577517847
-4.473181487436501
-3.297595781217394
-5.386228771868877
-4.151670712702448
-2.066166562388621
-4.386652302686942
-5.167941104686937
-3.348574419343158
-4.378222123501836
-4.489411245631319
-4.46242937526862
-4.230655034942484
-4.393025685126625
-5.107529523413036
-4.510540038693376
-4.46005325028775
-5.459794393676388
-4.159376858105731
-4.450359279182815
-3.377500787434669
-4.466649816857938
-3.433725387124159
-4.403520981928912
-5.363751791054396
-4.470895976925025
-4.353625583688251
-4.1878758360325286
-4.049774904160481
-4.366093330992145
-4.320896369997172
-4.411425263055445
-4.699797894378969
-4.628753272718262
-4.415681110484093
-4.770171776386055
-4.363823886700754
-4.394547342073298
-4.304377617359025
-4.331560125665549
-4.077312510414892
-4.308991264875485
-4.328912837523354
-5.408862258465714
-4.354270220493918
-4.074231172106355
-4.432236768818172
-4.434932741052642
-4.391997388842922
-4.391464377315529
-4.429282621504675
-3.482323756205247
-4.328937581476331
-4.552481648254875
-4.308648070485302
-4.225658462946146
-5.324387824406325
-4.40825300153747
-4.624720269562458
-3.0226854426725733
-4.468183567802279
-4.3459104388620595
-3.841320149904136
-4.541729034891529
-5.477770369775356
-4.3831512654634315
-5.48703299969048
-4.621161415488442
-4.495484365708423
-3.403778246300523
-4.284221139655031
-3.370896100730625
-4.389694168010618
-4.372512847188353
-4.196950195673868
-4.450428222424742
-4.164145513569142
-4.043944734180901
-4.652629816564215
-4.384475358693886
-3.3814338695221133
-4.686741357901783
-4.166348963567355
-3.3594379231411806
-4.513943801765328
-5.4355528179718
-4.156294003111891
-3.99882400984008
-4.345168450217901
-4.412299028099557
-5.570437914327782
-4.153573130077781
-4.413775331554984
-4.138982734732717
-4.496499450733858
-4.147273292224195
-4.322026545369581
-3.5446650402025
-4.076678374304232
-4.375681471890786
-4.488232000209447
-3.3825611663510537
-4.335869460270348
-4.379596296893055
-4.459219707307958
-4.429575022789601
-4.379871433551733
-4.677559408861829
-4.614548944916442
-4.392531679778209
-4.470638236575952
-4.675947255130327
-4.591010892884791
-4.40416376559424
-4.396954845092501
-4.38970630609661
-4.445875952837702
-4.322863398609121
-4.3719097282174655
-4.483329555280885
-4.394287265938777
-4.439284054520124
-3.542281423257111
-4.760036966540602
-4.3694431136227845
-4.278438968890741
-3.457730659128143
-4.348871630226172
-4.406902331354724
-4.4395511999877675
-4.644079734601131
-4.419691897170611
-4.642366897275134
-3.3783068369167477
-5.402264665924217
-4.4800026782659526
-4.407245529301109
-4.1735588613267955
-4.484005103090559
-4.570941100081069
-4.042308152776446
-4.46138060268808
-3.311298059730732
-4.397436636999815
-5.331799880968669
-4.2230607909317115
-4.234025688221682
-3.3873601698473506
-3.968700353257228
-4.34739956060723
-4.2436221294055345
-3.3498414647463743
-4.341245124618433
-6.160503668042445
-4.36077381056188
-4.394258955424411
-1.9517667404236367
-4.4506953678923855
-4.387610816572817
-4.623947217117872
-4.304309633120468
-3.7682434997542935
-5.536516255188993
-4.462246465066561
-4.286988523246708
-4.607846768724284
-4.383262860211107
-4.125687085933007
-4.4840170624923985
-4.1573406040213925
-4.334514243008162
-4.532389515503773
-4.221268776520465
-4.4713375528570385
-4.417684898378441
-4.358344042650722
-6.049353171772264
-6.533406811886707
-4.264092109806802
-5.394771250233906
-5.403162072009083
-5.930644507489015
-4.4122283873130455
-4.390742238391763
-4.334543776416167
-4.14139654319384
-4.173878847928995
-6.5305736460872215
-5.312651457149585
-4.892472164038326
-5.982144913644448
-4.642145212601256
-4.326127747327236
-4.431181577672821
-6.533406811886707
-6.529175592334651
-4.25208043732886
-5.377305542702068
-5.108956040155239
-6.531990228986965
-5.000063744886268
-5.041357108285355
-5.659539006825842
-6.008908002571539
-6.000504899933462
-6.473543213257457
-6.91912421959629
-4.352804222125023
-5.152742999932517
-5.045521833560899
-4.527453815082492
-5.371817905023138
-5.397234259941705
-6.1604845003150075
-6.9937925108962595
-5.356801646651665
-4.887222639016435
-5.44768633397546
-4.667419596227614
-6.105082684036581
-6.543011455492574
-6.942215015695488
-5.408205106951427
-6.942215015695488
-5.650294076281126
-4.3897247223902935
-5.130651995883365
-6.9242261221602135
-5.886029759279783
-6.054151524886594
-5.339512515467274
-6.491397324681399
-5.320198991423802
-6.529175592334651
-5.41747594345856
-6.127953177755887
-5.440273742743787
-5.6756180609330125
-7.142630525907834
-6.126979242216467
-4.176052991513212
-5.444820798582999
-6.931238563236088
-6.2047369349676496
-4.42203805551102
-5.417722403036606
-5.872051881004993
-6.015388617456917
-5.0636949541327265
-5.3620009267505875
-5.462266778273181
-4.227923176369376
-6.122208397594937
-6.942215015695488
-6.942215015695488
-5.919878878610216
-6.093662697569359
-5.286433717330842
-7.142630525907834
-5.21322605117461
-7.142630525907834
-5.852873713788041
-4.452282126053976
-5.882780098385241
-7.142630525907834
-6.794978033702197
-5.300755087157592
-4.272020443655283
-7.142630525907834
-7.142630525907834
-6.835314427437506
-6.327905418694387
-7.142630525907834
-5.071484764691672
-5.917564078747082
-6.656765845862137
-7.142630525907834
-6.3418497643351905
-7.142630525907834
-6.8373543661075695
-4.4506953678923855
-7.121169244760075
-4.371212174189519
-5.804228690101707
-5.736266032927503
-5.802118989643234
-5.857097376427771
-6.327905418694387
-7.142630525907834
-6.704359338720273
-5.847769037900481
-6.942215015695489
-7.155689595688243
-5.870627199983572
-4.389935084064119
-5.395909833113885
-4.835965768279298
-7.142630525907834
-7.142630525907834
-4.258277316959032
-6.086800048931844
-7.2121591890897
-7.0992200022867875
-7.2121591890897
-7.2121591890897
-6.858565660943269
-5.520615862014694
-6.801054797968012
-6.839806190375454
-5.998411358921962
-7.2121591890897
-6.858565660943268
-6.190270551258076
-7.2121591890897
-6.571793580387997
-6.126749202390199
-7.2121591890897
-5.354209402883095
-4.9169841237016385
-6.915035254344724
-7.0992200022867875
-7.142630525907834
-7.2121591890897
-4.671479411512362
-5.785377853667181
-5.7593720724979605
-7.2121591890897
-7.2121591890897
-7.2121591890897
-7.155689595688243
-7.2121591890897
-6.92698961908056
-6.1409763615431014
-5.382479457956472
-4.380956483852572
-5.979049496909958
-5.857203522332559
-4.467375564737219
-7.155689595688243
-6.871092654167642
-7.155689595688243
-7.2121591890897
-5.433597838526304
-5.973554422030119
-6.617911319599747
-7.2121591890897
-6.82543093739524
-4.515462494561125
-5.584351290008031
-4.839515600090421
-6.920233896785243
-5.332825281794316
-7.2121591890897
-6.858565660943268
-4.602916236811635
-5.522271731141256
-7.155689595688243
-4.633089361237689
-7.2121591890897
-6.073763386697769
-6.647260192358646
-7.145450626070755
-4.928057065848064
-7.2121591890897
-5.0623790205382
-3.3954245255535658
-4.4416774901085825
-4.3721866295493825
-4.634213484523146
-6.126749202390199
-6.854441250520555
-6.691893470058034
-7.2121591890897
-7.2121591890897
-5.201822038160328
-6.657327481057656
-7.2121591890897
-7.2121591890897
-7.155689595688243
-7.1687486654686525
-6.836347489440615
-7.2121591890897
-6.617911319599747
-6.858565660943269
-6.504972132796837
-7.0992200022867875
-7.155689595688243
-7.0992200022867875
-7.2121591890897
-5.964664309088628
-7.2121591890897
-1.960350699303838
-5.45150506490884
-6.9905440873469935
-7.155689595688243
-7.2121591890897
-4.581586864082204
-5.971804418537281
-7.2121591890897
-5.630534427617706
-5.201977637978761
-5.395909833113885
-6.104766256867848
-5.69414212446852
-4.795441437613531
-7.2121591890897
-5.449261924686509
-7.320835104029492
-7.320835104029492
-7.320835104029492
-7.320835104029492
-6.858565660943269
-7.320835104029492
-6.857140206195086
-5.555355553348197
-5.949071283614771
-6.469616990472197
-5.435902159885188
-7.320835104029492
-5.513278655631237
