-1.7782682217164063
-1.6370693049775207
-1.6123120525467523
-1.6267452565116025
-1.5782687199938992
-1.5784293589421443
-1.667012997628303
-1.5601237701105943
-1.6454052888838666
-1.6651349608001842
-1.6270517915305356
-1.6476350332404321
-1.5926719188556941
-1.6258159825012026
-1.6375633264100968
-1.637571628873574
-1.677418096649094
-1.7644881345442591
-1.6071556818505346
-1.6347094759901182
-1.6351758399992093
-1.6781976069847244
-1.6373939540006488
-1.6892452298633802
-1.6468934634524688
-1.6316970787559182
-1.5902072472676427
-1.6375866574287925
-1.5531904165326371
-1.637149250514756
-1.5419325114892086
-1.7078671219852894
-1.6143094363863535
-1.7011670835318515
-1.637599726354217
-1.538947979005678
-1.638962281268678
-1.5603571518159387
-1.6015406112942137
-1.627484453978984
-1.6654299356140978
-1.6586496450107187
-1.6772255181768483
-1.6375344926549558
-1.6451427219712156
-1.679922452868942
-1.4899815468531845
-1.6521150540366039
-1.3517484841669356
-1.677195989125462
-1.596902952551796
-1.6679760923752076
-1.6439219727164842
-1.7090145506536565
-1.6080357958136613
-1.637691702477107
-1.6373053160290325
-1.5379455211373128
-1.6415005946193109
-1.6324364335343633
-1.5994308244465771
-1.618038194248007
-1.7119870527070664
-1.671855327655887
-1.624270348522672
-1.6702609701249933
-1.6007379990002308
-1.632650030117354
-1.598429335467869
-1.675039582044499
-1.6376570334798368
-1.6378983046180533
-1.7571675036384495
-1.617781048893106
-1.6299293742703356
-1.634699327533428
-1.6058970711905731
-1.6373114855147395
-1.613583355416219
-1.637601820065977
-1.6776281079118733
-1.6391279324056038
-1.6138161998676295
-1.6385829937699725
-1.5917710815283483
-1.7185242105691294
-1.6257018300397943
-1.5980826072420242
-1.6706744668414784
-1.6352971167233952
-1.6374828843490608
-1.6401804627433105
-1.6644564463807359
-1.7047557860803224
-1.6375691724307582
-1.6799179921177476
-1.699604397289907
-1.597686426639943
-1.6247395778741978
-1.6603414989272234
-1.5866251468903538
-1.6795707708463776
-1.63505812334803
-1.677298936601637
-1.6583392896725604
-1.6375479839658922
-1.5782634294625106
-1.6202997816289961
-1.7010937440586111
-1.6493660038031506
-1.677139852231173
-1.7846070767152729
-1.6019275850972694
-1.6367638674041376
-1.654575419558977
-1.7164362949820746
-1.677509490435078
-1.640169751334401
-1.6450569946588598
-1.6375650903020296
-1.6575737814329004
-1.598428081744651
-1.7101427450628004
-1.576699475127247
-1.6227534822994365
-1.6286239582742308
-1.6378313265832767
-1.5829540778564357
-1.5979440212816889
-1.5979288727215233
-1.6337810530809425
-1.6578862053411758
-1.6436498463133686
-1.6375416662835423
-1.6354436986326668
-1.6428860828382492
-1.6402110712568632
-1.4061020482834856
-1.5978790786027093
-1.6579151991672167
-1.6398604839593072
-1.6391941176732112
-1.6497758089118961
-1.5982911895346812
-1.5802152302889545
-1.6312008973460568
-1.6030988817472436
-1.5999935393565619
-1.7080018309406946
-1.637592977550186
-1.5873150251757102
-1.6697094363040401
-1.6723319537572876
-1.5981174759367638
-1.5383881380978683
-1.652377975339144
-1.6257937761444086
-1.5995971675752128
-1.6360811497542318
-1.645846033748508
-1.6311917840955927
-1.6367193245114489
-1.6615072539518096
-1.652418887291151
-1.6346155826440076
-1.6006810663945585
-1.6396101075560534
-1.7002419337079866
-1.6578660758478796
-1.6376339952365313
-1.6756510817553467
-1.5979624970809447
-1.6546999939011826
-1.6029587388982016
-1.7336062151788858
-1.6375274474903232
-1.65063993055297
-1.6587586696007768
-1.645509465019232
-1.6559063329387944
-1.6401670394082748
-1.5992695684109288
-1.619750077253235
-1.7554703112138565
-1.6374799451482038
-1.6243853464331286
-1.6044655481490215
-1.7146894181104517
-1.608550047994419
-1.6990807213872103
-1.6138906108444409
-1.6375671020628806
-1.7132449126712805
-1.6796889467303344
-1.6155292446661842
-1.6777586312541606
-1.6375900551109048
-1.637384411895263
-1.637801411243888
-1.710481077125746
-1.7035709262526906
-1.6854494178393218
-1.6610630531136772
-1.6153769095441106
-1.7708748518958288
-1.6772386176211127
-1.6916525413581291
-1.6355436744128236
-1.6274685637663473
-1.64272488114014
-1.5978707034955988
-1.6595910346462919
-1.6330467768756587
-1.5630907008468802
-1.6375847444849037
-1.6118766505472921
-1.5842891525360658
-1.6493808722478407
-1.6865002109564249
-1.5787471830604571
-1.6654271556042268
-1.6433558913108972
-1.6271671512817545
-1.6380582129745576
-1.649078997381158
-1.6077217811757485
-1.5806534108310624
-1.6347653966524405
-1.6053050936011777
-1.644211335722277
-1.6713928846147907
-1.6395426173311571
-1.5837745431195491
-1.6877980579979572
-1.6460563348860529
-1.5722127785552793
-1.6976100631014877
-1.7129283127235142
-1.6203208218150984
-1.6582801873979724
-1.6868362852250467
-1.6486574983170115
-1.637687476722398
-1.6774121523899033
-1.6777616288648427
-1.7395306490434017
-1.6745734043970977
-1.665027522190581
-1.6039634474458337
-1.6218535785579853
-1.6238234782157899
-1.6638345239849492
-1.5792379801005518
-1.7782682217164063
-1.6856993617330978
-1.7846070767152729
-1.852774943119685
-1.6971639270253116
-1.790308031222199
-1.6379529241936905
-1.6253336223626895
-1.5574294342256072
-1.6509032490701665
-1.6085135989610453
-1.7011345537093896
-1.549503730635624
-1.7009235632960669
-1.6645170943960732
-1.5495188857822801
-1.5979757408848598
-1.702245072401255
-1.5175100625223528
-1.3211562192879924
-1.7063024067281083
-1.639302548238314
-1.5655708218286863
-1.790304796357015
-1.7668893172718667
-1.7456704199798063
-1.8273307880410627
-1.7128955212404475
-1.5891667714048867
-1.7669288658488644
-1.6375761247753593
-1.780494193604858
-1.6248829950834467
-1.6745014623800416
-1.479147579171519
-1.7060675649296422
-1.540958428134236
-1.932390000380925
-1.582032244485877
-1.932441969572442
-1.9435799820113786
-1.6451369380686724
-1.9323939196499544
-1.651368815870879
-1.7825414909695994
-1.932441969572442
-1.9435799820113786
-1.613614357483604
-1.5646666579389616
-1.6149299439104552
-1.6338892890978065
-1.708900445390457
-1.5869003020141337
-1.6243589342412554
-1.5966267411369222
-1.9319721026589838
-1.9435799820113786
-1.783194188020439
-1.63385037980742
-1.5257516592144977
-1.6909073023001386
-1.6666059640948443
-1.6390606162690722
-1.7432833350936758
-1.595880522906385
-1.9435799820113786
-1.8504199783975959
-1.9435799820113786
-1.9309111425386962
-1.674476619143502
-1.9435799820113786
-1.5962350856291376
-1.599688289244169
-1.9435799820113786
-1.9555998353161046
-1.6090369533051379
-1.9476703914111089
-1.9555998353161046
-1.9555998353161046
-1.5641180275829305
-1.7704806065513652
-1.9423589417915168
-1.4592418334938833
-1.6516932117883616
-1.9554448390272732
-1.6842089376390863
-1.9274654622529492
-1.9213712385716235
-1.7893662467259177
-1.8887719307777602
-1.5351057245103992
-1.6771905723249958
-1.6579663663898792
-1.9555998353161046
-1.592055167893934
-1.730074327944547
-1.7564578238155915
-1.9476703914111089
-1.8938861125911457
-1.6229734692636053
-1.9420582469331986
-1.9161129683569627
-1.922623323775127
-1.7284897793155654
-1.6599841496202385
-1.625225466891339
-1.955590083816203
-1.9423589417915168
-1.7637850014409369
-1.9554448390272732
-1.9555899985953435
-1.9050905766374948
-1.9320285116639226
-1.930553914323967
-1.7329766902908363
-1.9672843378379028
-1.6620176104753979
-2.1002844337889126
-2.1002841504961935
-1.6368122092162718
-1.6283851948519563
-1.6924332992312725
-1.7523162574278348
-1.5714586099450594
-1.5448960810284764
-1.911969453572971
-1.911970369254651
-1.8659681758122475
-1.8656022379871215
-1.9208102296023604
-1.9598239099729016
-2.1002844337889126
-1.6442822068819074
-1.9355941774797931
-1.9334622441545923
-1.6039824238175733
-1.9181567093321703
-2.1002841504961935
-1.6375241573051844
-1.9119801627327366
-1.8896574949913676
-2.0997121290240464
-1.666603897510484
-2.1214232076781236
-2.1145930419298367
-1.8536500001430924
-1.5043284116347655
-1.7558893317978483
-1.6260611656251853
-1.7046346969377004
-1.7727399813389653
-1.9271601877830762
-1.832569402446124
-2.1064954912296723
-1.624300894628002
-1.6609246564861482
-1.6795947862955314
-1.919366849384736
-2.1290553389599216
-1.94083826683913
-2.120152897339721
-2.0131373748584496
-2.1267097406183457
-2.128062376683663
-2.1256204230176188
-2.074095635711725
-1.6096816857359626
-1.6493007965561692
-1.758169541018743
-1.6636841780185037
-1.930087167305012
-1.923283963600675
-1.687802959611306
-1.6890328050247727
-1.6397365003486362
-1.5967453820751263
-1.6385951680684798
-2.008473141826347
-1.8885351798066352
-1.5173270450136929
-2.296862610672579
-1.566105385599645
-2.283496354140004
-1.4696737613124338
-2.106495491229672
-1.870694906127809
-1.6506988080638008
-1.7320863182483863
-1.9674042347006215
-1.7034004215419352
-1.8699164568964546
-1.6642448031267212
-1.9655453601891186
-2.2896211821189953
-1.680077804781739
-2.283496354140004
-1.9357338275828655
-1.8404130500935025
-1.6991448423057518
-2.296862610672579
-2.1260850771370023
-2.283496354140003
-1.7727412233511841
-2.119761557475166
-2.1054844242564186
-2.11679116737934
-1.6128473498670668
-1.9000237228293035
-2.116457492946249
-1.674978696435123
-1.7264779131510992
-2.29098037686396
-1.5445064013877936
-2.047695769038141
-1.954277991120778
-2.127799058219072
-1.8514427024421332
-1.9722104141172463
-1.9147353062726875
-1.6152589986679524
-1.9563922191102852
-1.6769113211039028
-2.283496354140003
-2.29098037686396
-2.290980218889656
-2.0063279295853182
-2.29098037686396
-1.6819463758692959
-1.850442169284218
-1.9617498511423814
-2.29098037686396
-2.1319139478316522
-2.29098037686396
-2.29098037686396
-1.9695185876439676
-2.0849090855294357
-1.856201548537462
-2.013137374858449
-1.96187914260301
-2.126627414891432
-1.9617498511423814
-1.9304557679115177
-2.2906261492136197
-2.29098037686396
-2.290980218889656
-1.9089281975345809
-1.9350497729432579
