-0.611505137696868
-0.6105034495613441
-0.6095012308590704
-0.6095012308590704
-0.6084990121567968
-0.6095007002923205
-0.2858406475447942
-0.9331618141733466
-0.2858411781115441
-0.6095012308590704
-0.6095012308590704
-0.6095012308590704
-0.6095012308590704
-0.6084990121567967
-0.6095012308590704
-0.6095012308590704
-0.6105034495613442
-0.6084990121567967
-0.9331618141733466
-0.6095007002923205
-0.2858406475447942
-0.2858406475447942
-0.6084990121567967
-0.9331618141733466
-0.6105034495613442
-0.2858411781115441
-0.6095012308590704
-0.6095012308590704
-0.6084990121567967
-0.6095012308590704
-0.9331618141733466
-0.6084990121567968
-0.6095012308590704
-0.6095012308590704
-0.6095012308590704
-0.6095007002923205
-0.6084990121567967
-0.6105034495613442
-0.6084990121567967
-0.6095012308590704
-0.9331618141733466
-0.2858411781115441
-0.6095012308590704
-0.6105034495613442
-0.6095012308590704
-0.2858406475447942
-0.6084990121567967
-0.6095012308590704
-0.6095012308590704
-0.9331623447400965
-0.6095012308590704
-0.6095012308590704
-0.6095012308590704
-0.6095017614258204
-0.6105034495613441
-0.6095017614258204
-0.6095017614258204
-0.611505137696868
-0.6084990121567968
-0.6095012308590704
-0.6105034495613441
-0.6095017614258202
-0.6074962628877733
-0.6105034495613442
-0.6095012308590704
-0.6095012308590704
-0.6105034495613442
-0.6095012308590704
-0.6105034495613442
-0.2858406475447942
-0.6084990121567967
-0.9331618141733466
-0.6084990121567967
-0.6095012308590704
-0.2858406475447942
-0.6095012308590704
-0.9331612836065968
-0.6095012308590704
-0.6095007002923205
-0.6095007002923205
-0.6084990121567967
-0.6095012308590704
-0.6095012308590704
-0.6105034495613442
-0.6095012308590704
-0.6084990121567968
-0.6095007002923205
-0.2858406475447942
-0.2858411781115441
-0.6095012308590704
-0.9331623447400965
-0.6105034495613442
-0.2858406475447942
-0.6095012308590704
-0.6095012308590704
-0.6095012308590704
-0.6095012308590704
-0.6095012308590704
-0.6095012308590704
-0.9331618141733466
-0.6084990121567967
-0.6095012308590704
-0.6095017614258202
-0.6095012308590704
-0.6105034495613441
-0.6095012308590704
-0.6095017614258204
-0.6084990121567968
-0.6084990121567968
-0.6095012308590704
-0.6105034495613442
-0.6095012308590704
-0.6095012308590704
-0.6095012308590704
-0.6084990121567967
-0.2858411781115441
-0.6105034495613442
-0.6095017614258204
-0.6074962628877733
-0.6095012308590704
-0.2858406475447942
-0.6095012308590704
-0.28584011697804435
-0.6095017614258204
-0.28584011697804435
-0.6095012308590704
-0.9331618141733466
-0.2858406475447942
-0.6095007002923205
-0.6105034495613442
-0.6105034495613442
-0.6095012308590704
-0.6095012308590704
-0.9331623447400965
-0.6084990121567967
-0.6095012308590704
-0.6084990121567967
-0.9331618141733466
-0.6095012308590704
-0.9331623447400965
-0.6105034495613442
-0.9331618141733466
-0.6095012308590704
-0.6084990121567967
-0.6105034495613441
-0.6084990121567967
-0.6084990121567967
-0.6105034495613441
-0.9331618141733466
-0.6095017614258204
-0.6095012308590704
-0.6084990121567968
-0.6105034495613441
-0.6095012308590704
-0.2858406475447942
-0.2858411781115441
-0.6095017614258202
-0.2858406475447942
-0.6095012308590704
-0.9331618141733466
-0.6105034495613441
-0.6084990121567968
-0.6084990121567968
-0.6084990121567967
-0.6105034495613442
-0.6105034495613441
-0.6095012308590704
-0.6084990121567968
-0.2858406475447942
-0.6095012308590704
-0.6095007002923205
-0.6095017614258202
-0.6105034495613442
-0.2858406475447942
-0.6095012308590704
-0.6105034495613442
-0.6095012308590704
-0.6095017614258204
-0.6105034495613441
-0.6095017614258204
-0.6095012308590704
-0.6095012308590704
-0.6095012308590704
-0.9331618141733466
-0.6095012308590704
-0.6105034495613441
-0.9331618141733466
-0.9331618141733466
-0.6095012308590704
-0.6074962628877733
-0.6095012308590704
-0.6095017614258204
-0.6095012308590704
-0.6095012308590704
-0.9331618141733466
-0.6095017614258204
-0.2858406475447942
-0.6095012308590704
-0.9331618141733466
-0.6095012308590704
-0.6084990121567968
-0.2858406475447942
-0.6105034495613441
-0.6095012308590704
-0.9331618141733466
-0.6105034495613442
-0.6095007002923205
-0.6095012308590704
-0.6095017614258204
-0.6095012308590704
-0.6095012308590704
-0.6084990121567967
-0.6095017614258204
-0.6084990121567968
-0.6105034495613442
-0.6084990121567967
-0.6084990121567967
-0.9331623447400965
-0.6095012308590704
-0.9331612836065968
-0.6095017614258202
-0.6095012308590704
-0.28584011697804435
-0.6084990121567967
-0.6095012308590704
-0.6095012308590704
-0.6074962628877733
-0.6095007002923205
-0.6095012308590704
-0.6095012308590704
-0.611505137696868
-0.9331623447400965
-0.6095007002923205
-0.6095012308590704
-0.6095012308590704
-0.9331618141733466
-0.28584011697804435
-0.6095017614258204
-0.6084990121567968
-0.6095007002923205
-0.9331623447400965
-0.6095012308590704
-0.6095012308590704
-0.9331618141733466
-0.6105034495613442
-0.6095012308590704
-0.6095007002923205
-0.6095012308590704
-0.6105034495613441
-0.6084990121567967
-0.6095012308590704
-0.6095012308590704
-0.6095017614258202
-0.9331618141733466
-0.6095017614258204
-0.2858406475447942
-0.6095012308590704
-0.2858406475447942
-0.6095012308590704
-0.6084990121567967
-0.6095012308590704
-0.6105034495613442
-0.6095017614258202
-0.9331618141733466
-0.6084990121567968
-0.6095007002923205
-0.6105034495613442
-0.611505137696868
-0.6095012308590704
-0.6095012308590704
-0.6105034495613441
-0.6095012308590704
-0.6084990121567968
-0.6105034495613442
-0.6095017614258202
-0.9331612836065968
-0.611505137696868
-0.6105034495613442
-0.28584011697804435
-0.6095012308590704
-0.6095012308590704
-0.6095017614258202
-0.6095012308590704
-0.6074962628877733
-0.6084990121567968
-0.6095007002923205
-0.611505137696868
-0.9331618141733466
-0.28584011697804435
-0.2858406475447942
-0.6074962628877733
-0.611505137696868
-0.2858406475447942
-0.611505137696868
-0.9331618141733466
-0.2858406475447942
-0.6105034495613442
-0.6084990121567968
-0.9331618141733466
-0.6095007002923205
-0.2858406475447942
-0.2858406475447942
-0.6095012308590704
-0.6095012308590704
-0.9331618141733466
-0.6095007002923205
-0.6095007002923205
-0.6084990121567968
-0.2858411781115441
-0.6095012308590704
-0.6095012308590704
-0.28584011697804435
-0.2858406475447942
-0.6095007002923205
-0.6095012308590704
-0.6095012308590704
-0.2858406475447942
-0.6084990121567967
-0.6084990121567968
-0.6084990121567967
-0.6095012308590704
-0.6095012308590704
-0.2858406475447942
-0.6095007002923205
-0.6095007002923205
-0.6095012308590704
-0.9331623447400965
-0.9331618141733466
-0.6095017614258202
-0.6105034495613442
-0.6084990121567968
-0.6095012308590704
-0.2858406475447942
-0.6095012308590704
-0.9331618141733466
-0.9331618141733466
-0.9331623447400965
-0.6095012308590704
-0.6095012308590704
-0.28584011697804435
-0.9331623447400965
-0.6095012308590704
-0.6095012308590704
-0.6105034495613441
-0.6105034495613442
-0.6095012308590704
-0.6095012308590704
-0.6084990121567968
-0.6105034495613442
-0.6084990121567967
-0.6095017614258202
-0.9331623447400965
-0.2858406475447942
-0.2858406475447942
-0.6095017614258204
-0.2858406475447942
-0.28584011697804435
-0.9331618141733466
-0.6084990121567967
-0.9331612836065968
-0.6084990121567967
-0.6105034495613442
-0.6084990121567967
-0.6095012308590704
-0.6095017614258202
-0.6095017614258202
-0.6095012308590704
-0.6095012308590704
-0.6084990121567967
-0.6095012308590704
-0.6095017614258202
-0.2858411781115441
-0.2858411781115441
-0.6095017614258202
-0.9331618141733466
-0.6084990121567968
-0.6095012308590704
-0.6095012308590704
-0.6095012308590704
-0.6095012308590704
-0.6095017614258202
-0.6095012308590704
-0.9331618141733466
-0.6095007002923205
-0.6095012308590704
-0.2858406475447942
-0.2858406475447942
-0.6095012308590704
-0.2858406475447942
-0.6095017614258204
-0.6095012308590704
-0.2858406475447942
-0.6095012308590704
-0.6084990121567967
-0.6095012308590704
-0.6095012308590704
-0.9331618141733466
-0.9331618141733466
-0.6095012308590704
-0.9331612836065968
-0.9331618141733466
-0.6095012308590704
-0.6084990121567968
-0.6105034495613442
-0.9331618141733466
-0.2858411781115441
-0.9331612836065968
-0.6105034495613441
-0.6105034495613442
-0.9331612836065968
-0.6095017614258202
-0.6105034495613441
-0.6095012308590704
-0.6095012308590704
-0.9331623447400965
-0.6095012308590704
-0.6095017614258202
-0.9331618141733466
-0.6084990121567967
-0.9331618141733466
-0.9331623447400965
-0.6095012308590704
-0.6095012308590704
-0.6084990121567967
-0.6095012308590704
-0.9331623447400965
-0.9331618141733466
-0.6095017614258202
-0.9331618141733466
-0.9331618141733466
-0.6084990121567968
-0.6105034495613441
-0.6105034495613442
-0.9331623447400965
-0.28584011697804435
-0.6105034495613441
-0.6084990121567967
-0.6095007002923205
-0.28584011697804435
-0.9331618141733466
-0.6095012308590704
-0.6095012308590704
-0.6095012308590704
-0.6095017614258204
-0.9331618141733466
-0.2858406475447942
-0.6095012308590704
-0.9331623447400965
-0.6095012308590704
-0.9331618141733466
-0.6095007002923205
-0.9331623447400965
-0.6095012308590704
-0.2858406475447942
-0.6095012308590704
-0.6105034495613442
-0.6095012308590704
-0.6084990121567968
-0.9331623447400965
-0.9331623447400965
-0.9331623447400965
-0.6095007002923205
-0.9331612836065968
-0.6095012308590704
-0.6084990121567967
-0.6095012308590704
-0.2858406475447942
-0.6095012308590704
-0.2858406475447942
-0.6095012308590704
-0.6105034495613441
-0.6095012308590704
-0.6095012308590704
-0.6105034495613442
-0.2858406475447942
-0.6095012308590704
-0.6095012308590704
-0.6095012308590704
-0.9331618141733466
-0.6084990121567968
-0.9331618141733466
-0.9331618141733466
-0.6105034495613442
-0.9331623447400965
-0.9331612836065968
-0.9331618141733466
-0.6095012308590704
-0.9331612836065968
-0.9331618141733466
-0.6095012308590704
-0.6095012308590704
-0.6095012308590704
-0.9331618141733466
-0.6084990121567967
-0.28584011697804435
-0.9331618141733466
-0.6095017614258202
-0.6074962628877733
-0.6095012308590704
-0.6095012308590704
