-5.859817753604586
-4.18953976465396
-4.3821707526160765
-4.402180274884623
-4.389476257583423
-4.385726067357268
-4.3778788833082665
-4.30693660517863
-4.694574121969904
-4.546548742053054
-3.424155566031846
-4.3865051172146945
-4.298279723922832
-4.615770630838277
-4.230676893523928
-4.092198906514425
-5.293645987241403
-4.2530183100502965
-3.2546547757254674
-4.31765530775856
-4.334859638573679
-5.754724559913702
-4.410731236092507
-4.450264587340386
-4.421475539719683
-4.380400618681428
-5.973999024723026
-4.543148151513589
-4.38001248831517
-4.401969754565997
-4.366055631655087
-3.498706631429954
-3.4071612445552457
-4.431101312147595
-4.3757531281413655
-3.858925844706933
-4.632114214423239
-4.392043083090286
-4.276601697061569
-4.390697385156946
-4.439085492532291
-4.430080692189319
-4.419837738135306
-4.390198226652004
-4.409403795593629
-4.461572143518004
-4.06932009694483
-4.163950361412564
-4.369576193893092
-4.378089860159788
-4.431862980242071
-4.466522977063246
-4.403144421611389
-3.3726393003664263
-4.342932343756662
-3.3915664957293323
-4.746534393957406
-4.430536457932492
-4.678743321214908
-4.358509142062368
-5.413684124241668
-4.271381976669326
-3.3839861671698594
-4.333531790133341
-4.534120670504003
-4.4519571176944055
-4.394899430228052
-5.390735051115593
-4.439809023006351
-4.414803147507032
-4.3623469283230145
-4.394836742596779
-4.393734194580187
-4.393192012760146
-3.332170967300017
-4.079445002296616
-4.567618715597781
-3.561495635467237
-4.208092199725204
-4.59818486312155
-5.540125689448699
-4.393688453151628
-4.4239354034522105
-4.20725560625867
-5.0426452124188454
-4.387619368086225
-4.4658836711223415
-4.368361437324537
-4.1664393315171715
-4.277664571987794
-4.456809441053298
-6.067628847419368
-4.321624191193267
-4.49112991923528
-4.454036521716365
-4.1907201477486336
-3.380502165028469
-4.384019272193804
-4.393113840644709
-4.123809968306935
-4.393113840644709
-4.201500883576804
-4.5060697011090385
-4.413992024936316
-4.434085375846522
-4.264945718426172
-4.451283811658934
-4.025710603984025
-4.394628640516557
-4.420324156984768
-4.396370749397557
-3.5853717654011126
-4.391080287128964
-4.335974937828426
-4.366052455755126
-5.3064125856950595
-3.2487818000042417
-4.437762828900302
-4.323008574537111
-4.359900081912391
-4.016633364544369
-4.241772764504525
-4.2130321208824055
-4.158723195045711
-3.435011031021367
-4.419821496566862
-4.388809177599318
-5.512479313726224
-4.401607827484201
-4.664953165460336
-4.475862315844369
-4.410673541536158
-4.734412187817017
-4.394263783544787
-4.441372412630857
-4.090424447624703
-4.511545573826678
-4.335057472229943
-4.186192507658252
-4.374294918428984
-4.4440386551765405
-4.324533426501961
-4.615939666816736
-3.6239969917364845
-4.392498922024752
-5.532469432879097
-4.439085492532291
-3.836888073852368
-4.318410552839107
-4.530626857164883
-4.479751924864047
-3.494299866211698
-4.38306663871229
-4.593864453925031
-4.454238769615294
-3.370642290935184
-4.449256248156567
-4.334092244771819
-4.330779160489282
-4.393183350802396
-4.129308366272621
-3.89202221195102
-4.351578137424137
-4.549658925622265
-4.266630912478354
-4.2458541277199275
-4.6150024469428566
-4.376999592755477
-4.3040593128048
-4.715483594985804
-4.3609703731787555
-4.38200312649337
-4.2843014353500815
-4.62552468206374
-5.505310835146879
-4.475417399507926
-4.606044975973722
-4.365405161267343
-4.623194785475338
-4.3960973060440125
-4.475470591169332
-3.457635915886919
-4.411797184588078
-4.781805986418671
-5.512883717858089
-4.303598597819364
-4.42191694846077
-3.4029782340156696
-4.14295478196099
-4.518604004206898
-4.115411468457638
-4.41404351684501
-4.326400043447774
-4.329418240236121
-5.401795026441916
-3.417464434269654
-4.356472185247677
-4.348539957516501
-4.443847758424965
-4.326257911370671
-4.322555333426967
-4.162081799800484
-4.38919532879678
-4.216300802801287
-3.325634334624747
-3.621019568515389
-4.476429343097591
-3.08820415860845
-4.316144029331984
-4.41282866973402
-4.3814552035804555
-4.424933150003154
-4.501244716281998
-4.3933574157295325
-4.383642493343149
-4.411966348887143
-4.137259883031659
-4.389886800160584
-4.492034592616472
-4.391159406132134
-4.111093612303857
-4.424112000069853
-4.646768790263421
-4.056747075885763
-4.5364507438987145
-4.420005172103249
-4.6248120941718796
-3.1063211814907863
-3.04412403396789
-4.412886406674213
-4.401373403696061
-4.37224501493442
-4.393113840644709
-4.650976719702071
-4.669132842534997
-4.391765570900321
-4.477425078806432
-3.0130629482790185
-4.515342817383484
-5.689599810666041
-4.325663976017749
-4.404250737450996
-4.325101744725963
-4.282260182086979
-4.446740044789632
-4.302160711838615
-4.79356137330632
-4.482530871795312
-4.358166383632731
-4.446945781707445
-5.394599499198541
-4.318043706522582
-6.067628847419368
-4.325194816943702
-3.8740824386358415
-4.372809095014285
-3.377539983304291
-6.067628847419368
-4.462088258931197
-4.8976607114649
-6.067628847419368
-4.393963818698621
-4.328532706314954
-3.3328857660002527
-5.404321456777289
-6.067628847419368
-4.343940007323267
-4.38795384192193
-5.600847713350964
-4.570776920045194
-5.454555825444433
-5.38593905686902
-5.133232842831834
-4.722125866599076
-5.664466982694112
-5.4404396494680265
-5.3785006928519055
-5.345147906094764
-2.040121255158027
-4.4239100081321086
-5.425129037003374
-5.664466982694112
-6.157714822305063
-6.102626545691102
-6.016681156691978
-5.116125111191807
-4.280278026976738
-5.808205616818033
-4.6378716613185365
-5.7072985850934135
-6.114742127805501
-5.864054203524839
-5.410383711358835
-5.998629390975969
-4.91091253988596
-5.3700615135087775
-3.4597614224876603
-6.157714822305063
-4.49430102132258
-4.5393128637998394
-5.365168988206917
-5.756108265351222
-5.691557525757496
-6.259109718439605
-6.1063467823539135
-5.918209116213696
-6.259109718439605
-6.071769433305938
-6.259109718439605
-4.616718852925013
-6.092585471764298
-5.970374537171396
-6.26489282475966
-6.240418450183046
-6.246872531151299
-4.855418039536929
-6.259109718439605
-6.26489282475966
-5.005762046739472
-6.142996981610073
-6.201053350024839
-6.26489282475966
-5.7082245177921696
-6.26489282475966
-6.197826309540713
-5.333492701747046
-4.380544245578202
-6.259109718439605
-6.240418450183046
-5.975683720770765
-6.197826309540713
-6.109700389066793
-5.666302754809138
-6.26489282475966
-5.784546059934961
-6.216258629113952
-5.309732000427693
-4.3739467364330284
-4.4823837504993955
-4.582704059759738
-5.64939942076238
-5.87575366540462
-6.26489282475966
-5.725623201902459
-4.393311674300974
-6.271346905727913
-5.739464389365536
-4.162812531977766
-5.800220574530181
-5.151829265778849
-4.393113840644709
-5.755763641924538
-6.26489282475966
-5.4142160346252535
-6.271346905727913
-6.271346905727913
-4.466354402370216
-5.332666585761724
-6.246872531151299
-5.7894531624646195
-4.191135794075562
-4.324558886257337
-5.354710290228419
-5.222810629391571
-5.722928284076361
-6.120288272765213
-6.114742127805501
-4.400282323617798
-6.201012593708429
-6.155234168898382
-5.065600400041795
-6.271346905727913
-6.252655637471353
-4.6299123821307395
-5.444483331733295
-5.3241786390397
-6.1044045270821465
-6.253326612119551
-5.163754852339108
-5.424559265166842
-6.271346905727913
-5.806833473988463
-6.271346905727913
-5.275950417097488
-6.271346905727913
-5.445966163813681
-6.240418450183046
-6.259109718439606
-7.11964886564364
-6.812390856511367
-5.691798793299288
-5.423044945812186
-7.11964886564364
-5.725677675603772
-4.3616948109395
-5.523424960980142
-6.647978659601216
-7.11964886564364
-6.155234168898382
-6.089590869987468
-6.089436599402742
-6.865095875714034
-7.044748748730007
-6.938267125919137
-7.11964886564364
-6.28635412245878
-6.833076424439424
-6.907551410111962
-6.39585175362703
-6.7141614361852096
-7.144479658317934
-6.51933725109543
-5.21838422625054
-6.867521450670399
-5.67024761291248
-4.411702148138594
-5.452906596419772
-5.7428629990890165
-5.942786567304562
-6.856521806092514
-6.856521806092514
-3.938645931297527
-7.11964886564364
-4.389856931891861
-6.746854553796345
-7.144479658317934
-5.850723984276998
-7.144479658317934
-7.144479658317934
-7.144479658317934
-7.144479658317934
-6.826622024380607
-5.972046181220392
-7.144479658317934
-4.421834246301421
-5.3924571346741805
-7.097011874095346
-6.663664424326967
-7.144479658317934
-7.144479658317934
-5.455883823715349
-4.855590513812658
-4.563054052104369
-3.3946828751056746
-4.986145159572834
-6.372506821663954
-7.144479658317934
-5.832312305712781
-6.372506821663954
-7.144479658317934
-6.511950290167626
-4.384392951256367
-7.107508374771349
-7.144479658317934
-7.144479658317934
-6.0795693390541
-6.155234168898381
-7.144479658317934
-7.01609026235139
-4.393179043403769
-7.144479658317934
-4.475405950454107
-5.1344386727724824
-5.439791425436169
-6.155234168898382
-7.127080915871051
-6.252053282788628
-6.511950290167626
-5.9570398456401445
-6.905908302561604
-5.958485331165755
-5.8502619124295485
-5.76443630478715
-7.11964886564364
-6.355379247960075
-4.4362788690738935
-6.875369321931473
-5.489994669097776
-4.337546069122796
-7.144479658317934
-7.144479658317934
-7.144479658317934
-7.144479658317934
-7.144479658317934
-5.54156279480773
-7.248038261610185
-7.11964886564364
-6.790436516653733
-7.248038261610185
-7.248038261610185
-7.01609026235139
-7.0900522370289485
-5.403749263726006
-7.01609026235139
-7.194548982557273
-7.248038261610185
-6.203025639749992
-7.026096587561652
-6.783575876769924
-6.78115612185413
