-0.6080225075373105
-0.6067355871432056
-0.6073791496774541
-0.6067355871432056
-0.6054482574003165
-0.6067355871432056
-0.6067355871432056
-0.9331629585240268
-0.6073791496774541
-0.6067355871432056
-0.6067355871432056
-0.6060920246089572
-0.6080225075373105
-0.6067355871432056
-0.2803084204367767
-0.6067355871432056
-0.6080225075373105
-0.9331629585240268
-0.6067355871432056
-0.6067355871432056
-0.6067355871432056
-0.9331629585240268
-0.6067355871432056
-0.6073791496774541
-0.6067355871432056
-0.6067355871432056
-0.6073791496774541
-0.6067355871432056
-0.6067357918175978
-0.6073791496774541
-0.6067355871432056
-0.6060920246089572
-0.6067355871432056
-0.9331631631984189
-0.6067355871432056
-0.6067355871432056
-0.6067353824688135
-0.6060920246089572
-0.6067355871432056
-0.6060920246089572
-0.6067355871432056
-0.2803082157623845
-0.9331629585240268
-0.9331629585240268
-0.6067355871432056
-0.6067353824688135
-0.6060920246089572
-0.6067353824688135
-0.6060920246089572
-0.6060920246089572
-0.6054482574003165
-0.9331629585240268
-0.2803082157623845
-0.6060920246089572
-0.6067355871432056
-0.9331629585240268
-0.28030801108799236
-0.6067355871432056
-0.6073791496774541
-0.28030801108799236
-0.6054482574003165
-0.6067355871432056
-0.6073791496774541
-0.6067355871432056
-0.6067355871432056
-0.6067355871432056
-0.6067355871432056
-0.6073791496774541
-0.9331629585240268
-0.2803082157623845
-0.6067353824688135
-0.6067355871432056
-0.6067357918175977
-0.6067355871432056
-0.6067355871432056
-0.6060920246089572
-0.6067355871432056
-0.6060920246089572
-0.6067355871432056
-0.6067355871432056
-0.6067355871432056
-0.6067355871432056
-0.6067357918175977
-0.6067355871432056
-0.2803084204367767
-0.6060920246089572
-0.6067355871432056
-0.9331627538496347
-0.6067357918175977
-0.6067355871432056
-0.6060920246089572
-0.6067357918175978
-0.6067357918175977
-0.6067355871432056
-0.9331629585240268
-0.2803082157623845
-0.6054482574003165
-0.2803082157623845
-0.6067357918175977
-0.6067355871432056
-0.9331631631984189
-0.6060920246089572
-0.6067357918175977
-0.6067355871432056
-0.6067355871432056
-0.6067355871432056
-0.6067355871432056
-0.6080225075373105
-0.9331631631984189
-0.6067355871432056
-0.6067355871432056
-0.6067355871432056
-0.6054482574003165
-0.6067355871432056
-0.2803084204367767
-0.6067353824688135
-0.6067355871432056
-0.6067357918175977
-0.2803084204367767
-0.6073791496774541
-0.6067357918175978
-0.6067355871432056
-0.6054482574003165
-0.6060920246089572
-0.6060920246089572
-0.6073791496774541
-0.6067355871432056
-0.6060920246089572
-0.6060920246089572
-0.6067355871432056
-0.6060920246089572
-0.6067355871432056
-0.9331629585240268
-0.6073791496774541
-0.6067355871432056
-0.6067355871432056
-0.6067355871432056
-0.6067355871432056
-0.6067357918175978
-0.9331629585240268
-0.6067357918175977
-0.6054482574003165
-0.6073791496774541
-0.6073791496774541
-0.6067355871432056
-0.6067355871432056
-0.6073791496774541
-0.9331629585240268
-0.6060920246089572
-0.2803082157623845
-0.2803082157623845
-0.6073791496774541
-0.6067355871432056
-0.2803082157623845
-0.6067355871432056
-0.6060920246089572
-0.6067357918175977
-0.6073791496774541
-0.6067355871432056
-0.6060920246089572
-0.6067357918175977
-0.6067355871432056
-0.6073791496774541
-0.6067355871432056
-0.6073791496774541
-0.6060920246089572
-0.6067355871432056
-0.6067355871432056
-0.6067355871432056
-0.6067355871432056
-0.6054482574003165
-0.9331629585240268
-0.6073791496774541
-0.6060920246089572
-0.9331631631984189
-0.6060920246089572
-0.6067353824688135
-0.6067357918175977
-0.6067355871432056
-0.6060920246089572
-0.6067355871432056
-0.6067357918175978
-0.6067355871432056
-0.6073791496774541
-0.6067357918175977
-0.6067355871432056
-0.6073791496774541
-0.6067357918175977
-0.6067355871432056
-0.6067357918175977
-0.6067355871432056
-0.6067355871432056
-0.6067355871432056
-0.9331627538496347
-0.6054482574003165
-0.6067355871432056
-0.28030801108799236
-0.6067355871432056
-0.6073791496774541
-0.6067353824688135
-0.6067355871432056
-0.6067357918175978
-0.6080225075373105
-0.6073791496774541
-0.6067357918175977
-0.6054482574003165
-0.6060920246089572
-0.6060920246089572
-0.6067355871432056
-0.6073791496774541
-0.6067355871432056
-0.6067355871432056
-0.9331629585240268
-0.2803082157623845
-0.6067355871432056
-0.6067355871432056
-0.6067355871432056
-0.9331629585240268
-0.6067355871432056
-0.6067355871432056
-0.6073791496774541
-0.6067355871432056
-0.2803082157623845
-0.6067355871432056
-0.6073791496774541
-0.9331629585240268
-0.6073791496774541
-0.6060920246089572
-0.6067355871432056
-0.6073791496774541
-0.6067355871432056
-0.6067355871432056
-0.6067355871432056
-0.6073791496774541
-0.6073791496774541
-0.9331627538496347
-0.6060920246089572
-0.6067355871432056
-0.6067355871432056
-0.9331629585240268
-0.2803082157623845
-0.6073791496774541
-0.6073791496774541
-0.6067355871432056
-0.6067355871432056
-0.6067357918175977
-0.6067355871432056
-0.2803084204367767
-0.6073791496774541
-0.6073791496774541
-0.6067355871432056
-0.6067355871432056
-0.6073791496774541
-0.6060920246089572
-0.6067355871432056
-0.6067355871432056
-0.6067355871432056
-0.6067355871432056
-0.6060920246089572
-0.6067355871432056
-0.9331631631984189
-0.9331629585240268
-0.2803082157623845
-0.6067353824688135
-0.6067355871432056
-0.6073791496774541
-0.6080225075373105
-0.2803084204367767
-0.6067355871432056
-0.6067355871432056
-0.6073791496774541
-0.6060920246089572
-0.6067355871432056
-0.6073791496774541
-0.6067355871432056
-0.6073791496774541
-0.6073791496774541
-0.6067353824688135
-0.9331629585240268
-0.6067355871432056
-0.6067357918175977
-0.6067355871432056
-0.6073791496774541
-0.6067355871432056
-0.6067355871432056
-0.2803082157623845
-0.6067355871432056
-0.6060920246089572
-0.9331627538496347
-0.9331629585240268
-0.28030801108799236
-0.6067353824688135
-0.2803082157623845
-0.6054482574003165
-0.6067355871432056
-0.28030801108799236
-0.6060920246089572
-0.9331627538496347
-0.9331631631984189
-0.2803082157623845
-0.6067355871432056
-0.6080225075373105
-0.6067353824688135
-0.6067355871432056
-0.6073791496774541
-0.9331629585240268
-0.9331627538496347
-0.6067353824688135
-0.9331629585240268
-0.9331629585240268
-0.6073791496774541
-0.6067355871432056
-0.6073791496774541
-0.6054482574003165
-0.6067355871432056
-0.6067353824688135
-0.6067357918175977
-0.9331631631984189
-0.9331629585240268
-0.6067355871432056
-0.6073791496774541
-0.9331629585240268
-0.9331629585240268
-0.28030801108799236
-0.9331629585240268
-0.6067355871432056
-0.2803082157623845
-0.6060920246089572
-0.6067353824688135
-0.9331627538496347
-0.6073791496774541
-0.6067355871432056
-0.6067355871432056
-0.6067355871432056
-0.9331629585240268
-0.6067355871432056
-0.6067353824688135
-0.9331627538496347
-0.6067355871432056
-0.9331629585240268
-0.6067355871432056
-0.9331627538496347
-0.6073791496774541
-0.9331627538496347
-0.9331629585240268
-0.9331629585240268
-0.9331629585240268
-0.6067355871432056
-0.9331631631984189
-0.6067357918175977
-0.9331627538496347
-0.6073791496774541
-0.2803082157623845
-0.6067355871432056
-0.6067355871432056
-0.9331629585240268
-0.9331629585240268
-0.6067355871432056
-0.9331627538496347
-0.6060920246089572
-0.6054482574003165
-0.6067355871432056
-0.2803082157623845
-0.9331627538496347
-0.6067355871432056
-0.6060920246089572
-0.9331629585240268
-0.6067355871432056
-0.6073791496774541
-0.6067355871432056
-0.6073791496774541
-0.6067355871432056
-0.6067353824688135
-0.6067355871432056
-0.6067355871432056
-0.6067353824688135
-0.6067357918175977
-0.6067355871432056
-0.6067355871432056
-0.6060920246089572
-0.2803082157623845
-0.6067355871432056
-0.6067357918175977
-0.2803084204367767
-0.9331629585240268
-0.6060920246089572
-0.9331629585240268
-0.6067355871432056
-0.28030801108799236
-0.28030801108799236
-0.6067355871432056
-0.6060920246089572
-0.6067355871432056
-0.2803084204367767
-0.6073791496774541
-0.9331629585240268
-0.9331627538496347
-0.6073791496774541
-0.9331631631984189
-0.2803084204367767
-0.2803084204367767
-0.9331629585240268
-0.6067355871432056
-0.9331631631984189
-0.6067355871432056
-0.6067357918175977
-0.9331627538496347
-0.2803082157623845
-0.6067355871432056
-0.9331629585240268
-0.9331627538496347
-0.6067355871432056
-0.6067355871432056
-0.9331627538496347
-0.2803082157623845
-0.9331629585240268
-0.6080225075373105
-0.9331629585240268
-0.9331629585240268
-0.9331631631984189
-0.9331629585240268
-0.6067353824688135
-0.2803082157623845
-0.9331629585240268
-0.9331629585240268
-0.9331627538496347
-0.9331629585240268
-0.9331629585240268
-0.9331629585240268
-0.6067355871432056
-0.9331629585240268
-0.6060920246089572
-0.9331629585240268
-0.9331629585240268
-0.6067355871432056
-0.9331629585240268
-0.6073791496774541
-0.9331629585240268
-0.9331631631984189
-0.9331631631984189
-0.6054482574003165
-0.9331627538496347
-0.9331627538496347
-0.9331629585240268
-0.9331627538496347
-0.9331629585240268
-0.9331629585240268
-0.9331629585240268
-0.6067355871432056
-0.9331629585240268
-0.9331629585240268
-0.9331629585240268
-0.6080225075373105
-0.9331629585240268
-0.9331627538496347
-0.6067355871432056
-0.9331629585240268
-0.9331629585240268
-0.9331629585240268
-0.9331627538496347
-0.6067355871432056
-0.6067355871432056
-0.6067355871432056
-0.9331629585240268
-0.6067355871432056
-0.9331629585240268
-0.6067355871432056
-0.6067355871432056
-0.6073791496774541
-0.9331631631984189
-0.9331629585240268
-0.9331629585240268
-0.6067353824688135
-0.6060920246089572
-0.6067355871432056
-0.9331629585240268
-0.2803084204367767
-0.6060920246089572
-0.6073791496774541
-0.9331629585240268
-0.9331631631984189
-0.9331629585240268
-0.9331629585240268
-0.6067355871432056
-0.9331629585240268
-0.6067357918175977
-0.2803082157623845
-0.6067355871432056
-0.6067355871432056
-0.6067355871432056
-0.6067355871432056
-0.6067355871432056
-0.2803082157623845
-0.6067355871432056
-0.2803082157623845
-0.6067357918175977
-0.9331629585240268
-0.9331629585240268
-0.6067355871432056
-0.9331631631984189
