-1.779206544796705
-1.6571994561612302
-1.6768053131505058
-1.6586571801850418
-1.6568594566946437
-1.6712742130643412
-1.6373831823717122
-1.6692757350808478
-1.5979431916780653
-1.6097968118609582
-1.6881898267617532
-1.6178692542779511
-1.6592928659612034
-1.637518265548174
-1.6872780786252923
-1.639248528011304
-1.699177247602077
-1.597927377667602
-1.6375811751209637
-1.649999599465652
-1.5968081861873638
-1.6771074765353902
-1.6054232773386599
-1.6409026658881984
-1.693222871767716
-1.6376799693932564
-1.6826108352883147
-1.5983629644064887
-1.6635289169166063
-1.6135759003123034
-1.6371945435767978
-1.6612265193178706
-1.7093424626360616
-1.64879767107493
-1.6399148233823597
-1.6247117247323408
-1.6379827661405266
-1.6680938030201247
-1.6274898869763506
-1.539328839476273
-1.6297319244779884
-1.6993143386884697
-1.6661073807756384
-1.5067841423079629
-1.6274551996423665
-1.6699919727137156
-1.6817202236467597
-1.6300542849671888
-1.6149509087392866
-1.5934452388690752
-1.638032867519716
-1.677132856663662
-1.677309649257024
-1.635070354217585
-1.6402041570225523
-1.6222747441619332
-1.641316188435244
-1.6184782607516617
-1.6711363141862714
-1.615909824939181
-1.6317855114458868
-1.5720344973307747
-1.6952995035138596
-1.687073338038755
-1.6393135931457754
-1.633815041620459
-1.6130703893243472
-1.6834815997245585
-1.6360628959345143
-1.601992569383038
-1.66683674031184
-1.6448501751179134
-1.662071855299545
-1.6416847610803784
-1.6176046157652473
-1.5609572729013688
-1.6864946301619368
-1.48687041932459
-1.69515771390528
-1.5998304982701812
-1.8820356990294966
-1.6058089637992115
-1.6440848741953598
-1.6607939218965286
-1.6601378984181978
-1.6899552998016147
-1.6108407116200072
-1.650640845334782
-1.648516760314715
-1.68711129225128
-1.6474112356431763
-1.661657343724526
-1.7000140367109586
-1.6313254394647072
-1.6375891370492466
-1.6207110226850463
-1.6400217203441565
-1.617285224626916
-1.732198739389827
-1.6271231075646284
-1.6244864650777286
-1.6949381583684848
-1.6863528226745037
-1.6504071175387052
-1.6772656124522947
-1.6571690919006565
-1.5894168703610767
-1.6758123949404022
-1.623398973006308
-1.6438613427843
-1.647673267697238
-1.6757618777427055
-1.6268368441263459
-1.6982990023435551
-1.6374362362217347
-1.6276707845013059
-1.6373661755734379
-1.5751227375264285
-1.6160586225947096
-1.6145028247871736
-1.63638365092586
-1.6380294539340352
-1.6374712886518206
-1.6771124548942573
-1.6451705349603762
-1.5809827485231966
-1.6317843652342645
-1.6542946535058276
-1.6370914267425016
-1.6731125096839037
-1.6526813929009931
-1.64620791175418
-1.5727012340515365
-1.6030187413127488
-1.6969196508243969
-1.670258968221096
-1.64383822070185
-1.5240941744281353
-1.637279019928376
-1.756055617916093
-1.6973725741844048
-1.636776109298075
-1.6370505561545474
-1.62862631402785
-1.6460133760155906
-1.629069839091505
-1.6890025261649806
-1.6645762984782393
-1.629680805920466
-1.6342606349280508
-1.6697657852715349
-1.6949766672377613
-1.6375538025702194
-1.710455998379376
-1.6267822601553168
-1.5854915665162574
-1.6377207561999665
-1.6937004800418116
-1.614326220917576
-1.6981821862499185
-1.6311588232336596
-1.6807586130271959
-1.6586016455175105
-1.6376232678119294
-1.6375631778930573
-1.6440974849293684
-1.6771588149176693
-1.653852966883197
-1.5332767970254597
-1.698195613575249
-1.6869018247377696
-1.5926043066869071
-1.7664061196582743
-1.6103994815799325
-1.637280735968072
-1.5860994622894073
-1.588220668119696
-1.6248962148189205
-1.6822042500608034
-1.6376816055238217
-1.6302902368930996
-1.6511902082972345
-1.6498317632264368
-1.6275981927509766
-1.6395223309951086
-1.6123948434705517
-1.6381495151685448
-1.831525316190408
-1.6371111414366988
-1.6395744531467435
-1.6234286030214844
-1.5816922586163518
-1.6559601970137952
-1.688623812148749
-1.639543997609528
-1.656428461157965
-1.5970309632107886
-1.6041593189123482
-1.6257243825705125
-1.5457828854736653
-1.6375780257684265
-1.598828166121573
-1.6375110944205422
-1.637819422953954
-1.6976861838346253
-1.6476463607226215
-1.6654638906394277
-1.6911267257748896
-1.6348527578643568
-1.637716178625557
-1.6662727217587494
-1.6064768580569144
-1.6125934166405753
-1.6272858483554693
-1.6684433654685105
-1.6413195066124049
-1.637737783416806
-1.6629994050334647
-1.6400627848966727
-1.6793017910335801
-1.6250548253664383
-1.6281202712418863
-1.7975173114239005
-1.6313186792693453
-1.5982448109248817
-1.6222298244093551
-1.6460027152616727
-1.6379248638272454
-1.6031933053974916
-1.6463008608618392
-1.645349573100122
-1.682805355800208
-1.7517328152268075
-1.5863420241128074
-1.6610939922414534
-1.6618133073064438
-1.6770299408376756
-1.534576186708103
-1.665823178367536
-1.637317087439375
-1.654139688156386
-1.555676030489694
-1.5923383163565776
-1.6368468645607313
-1.61662981155398
-1.631562585264868
-1.6405038337463114
-1.6375810403984323
-1.6092241912009946
-1.6373408105587013
-1.5679491562207748
-1.7307398404317114
-1.6807802909345475
-1.637572908844191
-1.5980873545487506
-1.6003428672235367
-1.8590989748651041
-1.708472663852829
-1.615807845372298
-1.6519637955891704
-1.8287094282672962
-1.7605041479848753
-1.5989639584144901
-1.6491185180528185
-1.6645647869290379
-1.6203046444401263
-1.5540196017472945
-1.687624820111392
-1.7823097500006069
-1.6481876178946642
-1.675498058189065
-1.7265976350440833
-1.630207922509548
-1.707893251556328
-1.8017424022745294
-1.6105658177576938
-1.5552428429782823
-1.8821341818325452
-1.59894674045286
-1.6173452291715102
-1.7174532984257433
-1.7056511368954417
-1.8953079729108169
-1.6172864786008527
-1.5334059380732583
-1.7284715978397804
-1.6931207005225803
-1.6616963320762521
-1.6838118393749821
-1.9120882608488918
-1.894910831359085
-1.8734466510146457
-1.9120882608488918
-1.8928992663130941
-1.618572857812458
-1.6452859539398224
-1.6087898551129374
-1.8848588011023226
-1.9949457937644668
-1.622467790941837
-1.796453659660298
-1.6897358567079226
-1.7916424539691076
-1.661497052325774
-1.6375099168778808
-1.6862052675187267
-1.6094945431630991
-1.992722940089948
-1.8493970621763829
-1.6840196813284087
-1.686805920328301
-1.8308619696035564
-1.9679914327034422
-1.9821559972350207
-1.7307563482376083
-1.6838185886450039
-1.6769980227731491
-1.8086873166185686
-1.5790175786511578
-1.542743261182713
-1.8346150704511321
-1.9928171625598416
-1.8736802664995342
-1.992800877656534
-1.5613088503063905
-1.7482572517164952
-1.9928090201081878
-1.6645153742107675
-1.6362174065912127
-1.550764675314248
-1.5127775055041712
-1.7007792506731776
-1.7708026775163523
-2.0119723968468026
-1.7827545914481608
-1.8051118209346309
-1.992949553531067
-1.7130658048350693
-1.7859069241360002
-2.0119723986592453
-1.8954643886298097
-1.997091700416191
-1.7543429466300504
-1.8889647464838992
-1.8758149430163586
-1.8767850915460145
-1.8754807544680334
-2.011972395034361
-1.8514194804166149
-1.7158987308054638
-1.995103602634445
-1.8751401242082746
-1.8029209335671963
-2.011972395034361
-1.8190363239244733
-1.6533558687425776
-1.891447088495127
-2.103801285427186
-1.6086522485464099
-1.9891219269037808
-1.989119959536254
-1.6632475658210253
-1.727324954703391
-1.754329592934648
-1.6443868554867482
-1.9891767875975988
-1.5991394513837995
-1.9990068499567206
-1.7746062819236503
-1.8461158409328036
-1.6374950296670205
-1.7592499240673585
-1.883047005755326
-1.9891219269037808
-1.6804449271738024
-1.6379107630045044
-1.6467753495349584
-1.9509272772441801
-1.9512655777396772
-1.6291947299449214
-1.8514570147100913
-1.893319359551611
-1.6512942032438838
-2.103902376766432
-1.7190498436934325
-1.870158015936553
-1.584674009141752
-1.8873007586209618
-1.9155617991636795
-1.7727805160470504
-1.9090788825283225
-1.8805692103918046
-1.9990502524599891
-1.6434372958185806
-1.9990502524599891
-1.781025981409785
-1.9990068499567206
-2.012079816998849
-1.9996175892128443
-1.6631696794696866
-1.9892447456882856
-1.8315834128822146
-1.6782528972800481
-2.0119723968468026
-1.8741446161265904
-1.888318503897243
-2.0119257975986944
-2.103801285427186
-1.910002788415269
-1.8942170586416067
-1.8674082252523458
-2.0119723968468026
-1.8409595364319453
-1.7077122859603195
-2.1037745780363823
-1.8664237674194775
-1.8704653671781921
-1.9723673002182447
-2.1036024516694067
-2.1037745780363823
-1.9126585275058776
-1.7976659620169224
-2.1037745780363823
-1.988858005498025
-2.1036024516694067
-1.9724071181045368
-1.9989970653747946
-1.8663751321476827
-1.6441880212237165
-1.637078670023698
-2.1036024516694067
-1.8545784513442545
-1.7020196562094367
-2.018298046766389
-1.5991394513837993
-1.8410396581726913
-1.522765532026278
-2.1037745780363823
-1.8410396581726913
-1.5912491438803607
-1.9263841243117565
-2.1037745780363823
-2.1037745780363823
-1.8460891335419995
-1.9891611282455621
-1.7881641269693875
-1.9891363931196102
-2.1037745780363823
-1.9199815191962346
-1.7827694016696318
-1.9888628654819032
-1.8733161778797442
-1.811788624254331
-1.8649932468550485
-2.1037745780363823
-1.8276319585189484
-1.8649149571595853
-2.1037745780363823
-2.1037745780363823
-1.8676663246693144
-1.636236676923473
-1.8676358597844267
-1.998997065374795
-2.119637938802187
-2.119637938802187
-1.6910824841109913
-1.6713088851882676
-2.119810061083342
-2.0261436602291605
-2.0435217300472175
-2.120443671176117
-1.695457109272377
-1.7021557520054609
-2.119810061083342
-1.869690256775174
-1.83550875374079
-1.7706517980131902
-1.7877073856318475
-1.6589513445428705
-1.8624160177512303
-2.119810061083342
-1.797250051396136
-1.7001518686456074
-2.1039467044033575
-1.865815617398355
-2.119637938802187
-2.119810061083342
-1.629098334799802
-1.6589656971818965
-1.6438879132241297
-1.5975734603358018
-2.0005058333044845
-1.874735542289538
-2.119810061083342
-1.8171491470653731
-1.5457209397431686
-1.888591988718984
-1.8744432039775618
-1.9340175501715056
-1.8744297312071605
