-5.876044675144103
-5.633038820267843
-3.423580596980435
-4.1008230527319185
-3.280739229531643
-4.3333363702302305
-4.732790332457831
-4.602217621034551
-4.4919928641818965
-4.105866687080512
-4.634884269769137
-4.394068075935418
-5.400947656281204
-3.453857948735806
-4.310909642324689
-4.5680846318236075
-3.525418224290297
-4.526326897409302
-4.359029908820011
-4.4214098530517765
-4.409524689462315
-4.380013192069603
-4.347674499553828
-4.12926072164703
-4.366430663101828
-4.542954188369097
-4.377087633724232
-5.493107831932843
-4.581547939491635
-4.356056941888359
-4.394934538295774
-4.680167959359716
-4.195374721619708
-4.50535840939242
-4.40973643735219
-4.3938793921341555
-4.387936859793951
-3.299024419814027
-4.598516016773127
-5.45910076002842
-4.377884053402907
-4.681159431367233
-4.475509373138946
-4.164031071831166
-4.282609844405998
-4.716647336834401
-4.2763523686977205
-4.708518184721026
-4.435541439816455
-4.180729906779438
-4.227278818357226
-4.086981378678536
-3.422696215768098
-4.39490611545863
-4.398705545624007
-4.394025340923339
-4.522231135478197
-3.4474966045862034
-4.530841841636445
-4.339958999203161
-4.8022698815407985
-4.385996717250962
-4.437965622724965
-3.938482701240937
-5.32703748320391
-4.490232414370121
-4.012913035011024
-4.420595319712067
-4.138203142097746
-4.475676731294449
-4.841734535063512
-3.530520526029682
-3.426746148912675
-4.609115896601514
-4.293664154210967
-4.195070546686503
-4.864995173998868
-4.364219638577673
-4.394857329399617
-4.641396582020006
-4.313749058299174
-4.315259108437048
-4.746996563910748
-4.374725522169802
-4.817915607652041
-3.8522267807883512
-5.428351735083385
-4.253357250397708
-4.230862753746848
-4.453737884827476
-4.3513884499855555
-4.265438256646279
-4.4092674463932635
-4.465953038141641
-4.386791143471549
-5.397739920048641
-4.453502227860993
-4.32481530442932
-5.138484837874202
-4.201076062538229
-4.504975425450755
-4.181775673161934
-4.388875378810597
-4.36409120243035
-4.461352018191883
-4.349056342681814
-4.137955107711235
-3.32552399648622
-4.19640059862485
-4.364219638577673
-4.464036802998225
-5.391891763772883
-4.130645455182782
-4.233107170904196
-4.391588178331737
-5.420684084408489
-4.093061189663024
-4.44700071117701
-4.567901582261414
-4.3940542846007045
-4.2492884221848435
-4.439249677753288
-4.492023216288237
-5.398067811657299
-5.1882508508645415
-4.333536884479421
-4.165338941913084
-4.170766672844077
-4.325235130964884
-4.366074546280028
-4.398794349126658
-4.329712416009363
-4.438994339164866
-3.359698946763294
-4.341591502995051
-4.373506966846946
-4.959272445168541
-3.323891086112267
-4.370162666595468
-4.638648599411202
-4.398835571260087
-4.262953417066762
-4.438848390375682
-4.568009337368605
-5.701392150168598
-4.2996889119173005
-4.38308746439583
-4.39673778607597
-4.980169357190988
-5.398229684637692
-4.389299057340156
-4.383405777040533
-4.421730694307509
-3.46174180668327
-4.372463082688511
-4.354149148060064
-4.2583573651240965
-4.790963462594172
-4.4321460136615
-4.478693838994534
-4.363840006355255
-4.529626071007454
-4.661461145198333
-4.360924910155483
-4.289751443425678
-4.290787702517992
-4.120568443886466
-4.531410146703281
-4.091618549387892
-4.5623621263958105
-3.3990755689358174
-4.4446008204611225
-4.439821766123926
-4.1949586399958
-4.450866075323243
-4.125792495331631
-4.3940412651145495
-4.198344096310385
-4.4860057588322
-4.394714338635197
-4.363302583546823
-4.317276142141975
-3.499999439653416
-4.4412933535164685
-4.299528353344437
-4.349986156762141
-4.372659148041911
-4.126075928609639
-4.194699463626078
-5.592577784481047
-4.134927055520518
-4.429837300420308
-3.943136615321942
-4.422253713689076
-4.38725061233192
-5.425918456522093
-4.394041265114549
-4.370600570915114
-4.513653970623815
-4.575271830455823
-4.336677294668862
-3.448664613239286
-4.622747672036049
-3.404475854822676
-4.4284984666294145
-4.488009450429303
-4.460336696570406
-4.319250640336147
-4.187378593713202
-3.6167372707618997
-4.738898733102727
-4.416501879011279
-4.595853250998604
-4.4338390959054585
-3.35735670769099
-5.544160378836352
-4.291070372975228
-4.437243696154046
-4.409706084341577
-4.345211325193009
-4.2962331791664425
-3.339605496929544
-3.295006747354485
-4.397599344105171
-4.410703181896023
-4.0358821506502895
-5.304985562860584
-4.336516081361321
-4.697031030686338
-4.259642897970674
-4.095585307994327
-4.399998244984679
-4.55806186500439
-4.364577932288534
-4.329449914064047
-4.3854989737021555
-4.452123590540579
-4.413521541298969
-5.468336253300644
-5.6682720869157475
-4.183043374928756
-4.3937334433449715
-4.738464798482276
-4.134713679749782
-4.466774513248512
-3.3896909726110134
-4.220831645278154
-4.369975654956488
-4.359989578727167
-4.0745101672811455
-5.764419188569797
-4.449603680439178
-5.876044675144103
-4.325090028649486
-4.634045144781926
-6.213610132063891
-4.527590726045813
-4.588527346926621
-4.458046368258949
-5.897756368478114
-5.8138054746267365
-3.391696336541726
-3.661027469503438
-5.897756368478114
-5.716723502267651
-5.8971222570971875
-5.897756368478114
-6.339008463351599
-4.6818642993975
-6.044441014430083
-5.710976013483966
-5.079292993517619
-6.247098165950712
-4.364219638577673
-4.309716500616043
-5.827760140959338
-4.47553936154139
-5.390795003519707
-3.8148705855670566
-5.831619905297597
-4.41373714100809
-3.090257800437537
-6.247098165950712
-4.929751421770445
-6.035359174851839
-6.247098165950712
-5.0075301079882175
-5.119615446307387
-6.247098165950713
-5.578565013537725
-6.327493176290311
-4.053142865994677
-6.244117286061053
-4.599691614972449
-4.842185867853005
-5.919398093633837
-6.205269938725378
-3.2899438208398433
-7.325000880894837
-3.2323529495491212
-5.087091952339785
-6.737202700928169
-5.897919110157337
-7.174599307251354
-4.5842560144526905
-7.174599307251354
-4.586804506542019
-7.174599307251354
-7.174599307251354
-7.325000880894837
-6.220850437036704
-6.984411066860275
-3.9048901230259343
-7.433449823486718
-7.048509353684253
-7.433449823486718
-4.400172630727504
-7.288489608107357
-7.40433395770679
-7.032790519721682
-3.274001334355473
-5.243832223592621
-7.433449823486718
-4.152000622082993
-7.231219937449376
-7.433449823486718
-3.432887482955371
-6.879191823489819
-7.433449823486718
-4.126949184807672
-7.231219937449376
-7.167234867167444
-4.415290054036462
-5.760258022173009
-3.40568890142342
-7.316972707187476
-6.142096179067035
-6.387723081971405
-6.300048097912831
-6.442223988535482
-6.799252905694181
-5.483457204058473
-4.496787274073024
-7.433449823486718
-7.3730409951867255
-2.0064559712583265
-5.155818506602581
-6.404584480519222
-7.433449823486718
-7.411884996429946
-7.433449823486718
-7.433449823486718
-4.691617896056877
-7.325000880894837
-6.549497381941723
-5.176689955362602
-6.199684373029692
-7.075663502185755
-6.505844117045193
-6.355010487396662
-7.433449823486718
-7.40433395770679
-5.9003624691125065
-4.366131575593475
-6.9980199832411945
-7.430886361014894
-7.645938411587733
-7.365282948404319
-7.645938411587733
-7.4523279329628656
-6.377615360859784
-4.605774423085154
-4.434910747207791
-4.325037507230586
-4.406866025889851
-7.645938411587733
-7.645938411587733
-6.498464839465469
-7.231219937449376
-6.968346133227058
-7.211888163268112
-7.645938411587733
-6.852097081291425
-5.33728402975385
-7.676077508237246
-7.457446137594912
-7.459245975469752
-7.433449823486718
-5.982300856274194
-5.86821148705324
-7.433449823486718
-7.645938411587733
-7.356848378647474
-7.6157993149382195
-7.46838324253123
-4.886221920019288
-4.587608726783107
-4.348878169613274
-7.531143814611555
-5.46518731280424
-7.459245975469752
-7.508373603215922
-6.287366854391033
-7.365282948404319
-7.676077508237246
-7.590283992568502
-7.248732929565061
-7.377315884631265
-7.676077508237246
-6.4665808909212315
-7.676077508237246
-7.676077508237246
-4.402098071993567
-6.139298731930623
-3.5852242460581545
-7.040009932996633
-6.379650032073681
-7.059703112626705
-7.415385543955897
-6.432267772631787
-7.45924597546975
-7.6331807504028735
-7.0135025642106505
-6.414561441038325
-5.450884346942054
-7.457446137594912
-7.45924597546975
-6.935554829574824
-7.367890310431974
-7.6157993149382195
-7.367890310431974
-7.367890310431974
-7.645938411587733
-4.405211877405456
-7.676077508237246
-7.025964833599323
-7.023033632969339
-7.676077508237246
-4.399895497743952
-7.238814766952576
-5.526806021758617
-5.889649407064837
-7.676077508237246
-7.6331807504028735
-7.51687229787327
-7.337078608360997
-7.676077508237246
-5.078728554582966
-7.676077508237246
-7.676077508237246
-5.125901276687769
-7.676077508237246
-7.676077508237246
-6.428555437808862
-7.365282948404319
-7.418158103867491
-7.645938411587733
-7.337078608360997
-7.308663982262068
-7.676077508237246
-7.676077508237246
-7.50115309351461
-7.413739181675211
-6.187314643300922
-5.254722681450524
-7.676077508237246
-7.418158103867491
-7.388019007217977
-7.676077508237246
-6.766364803959846
-7.079239273697784
-6.368827972969587
-7.676077508237246
-4.448982453416248
-7.059703112626705
-4.3479473518913485
-7.676077508237246
-4.3532065511334705
-7.676077508237246
-7.676077508237246
-4.397967243173941
-7.45924597546975
-4.386439205040405
-4.6163988369276066
-7.667131833701985
-7.658186159166725
-6.529988324151586
-7.676077508237246
-7.676077508237246
-4.604268523414902
-7.676077508237246
-7.4222112514633665
-7.676077508237246
-7.676077508237246
-7.347583411072163
-7.590283992568502
-7.676077508237246
-7.30877312338322
-7.676077508237246
-5.252156068516542
