-0.6050140151033828
-0.6041996649177749
-0.2752359124347487
-0.6041996649177749
-0.6046068778752964
-0.6037924519602533
-0.6041996649177749
-0.6041995891883397
-0.6046068778752964
-0.9331634931302363
-0.6046068778752964
-0.6037924519602533
-0.6041996649177749
-0.9331633416713659
-0.6041996649177749
-0.6037924519602533
-0.6041996649177749
-0.6041996649177749
-0.2752359881641839
-0.2752359124347487
-0.2752359124347487
-0.6041996649177749
-0.6037924519602533
-0.9331634174008011
-0.2752359881641839
-0.27523583670531354
-0.6046068778752964
-0.6046068778752964
-0.6037924519602533
-0.2752359124347487
-0.6037924519602533
-0.6041996649177749
-0.60419974064721
-0.6041996649177749
-0.9331634174008011
-0.6041996649177749
-0.6046068778752964
-0.6041996649177749
-0.6037924519602533
-0.60419974064721
-0.27523583670531354
-0.6037924519602533
-0.6037924519602533
-0.9331634174008011
-0.6046068778752964
-0.6037924519602533
-0.6041996649177749
-0.9331634931302363
-0.6046068778752964
-0.9331634174008011
-0.6041996649177749
-0.6046068778752964
-0.6041996649177749
-0.60419974064721
-0.6046068778752964
-0.6041996649177749
-0.6041996649177749
-0.6041996649177749
-0.60419974064721
-0.6050140151033828
-0.6041996649177749
-0.6050140151033828
-0.6037924519602533
-0.6041996649177749
-0.6041996649177749
-0.6041996649177749
-0.6046068778752964
-0.60419974064721
-0.9331634931302363
-0.60419974064721
-0.60419974064721
-0.6041996649177749
-0.6041996649177749
-0.6041996649177749
-0.9331633416713659
-0.6037924519602533
-0.6037924519602533
-0.6041996649177749
-0.6041996649177749
-0.6037924519602533
-0.2752359124347487
-0.9331634174008011
-0.60419974064721
-0.6046068778752964
-0.6041996649177749
-0.6037924519602533
-0.6046068778752964
-0.6033851632732966
-0.6041996649177749
-0.6041996649177749
-0.6046068778752964
-0.6041996649177749
-0.6041996649177749
-0.6041996649177749
-0.6037924519602533
-0.6033851632732966
-0.6037924519602533
-0.6041996649177749
-0.6046068778752964
-0.2752359124347487
-0.27523583670531354
-0.6041996649177749
-0.6041996649177749
-0.6037924519602533
-0.60419974064721
-0.6037924519602533
-0.60419974064721
-0.6041996649177749
-0.6037924519602533
-0.6041996649177749
-0.6037924519602533
-0.6041996649177749
-0.60419974064721
-0.9331633416713659
-0.6041996649177749
-0.6037924519602533
-0.2752359124347487
-0.6037924519602533
-0.6041996649177749
-0.6041996649177749
-0.60419974064721
-0.60419974064721
-0.6046068778752964
-0.6046068778752964
-0.9331634174008011
-0.9331634174008011
-0.6041996649177749
-0.2752359124347487
-0.6041996649177749
-0.6037924519602533
-0.6041996649177749
-0.6041996649177749
-0.6033851632732966
-0.6041996649177749
-0.6050140151033828
-0.6037924519602533
-0.9331634174008011
-0.6041996649177749
-0.6041996649177749
-0.6037924519602533
-0.6041996649177749
-0.6041996649177749
-0.6041996649177749
-0.6041996649177749
-0.60419974064721
-0.6037924519602533
-0.2752359124347487
-0.6046068778752964
-0.6041996649177749
-0.60419974064721
-0.2752359124347487
-0.6041996649177749
-0.60419974064721
-0.6033851632732966
-0.6037924519602533
-0.60419974064721
-0.9331634174008011
-0.6041996649177749
-0.6046068778752964
-0.6037924519602533
-0.2752359124347487
-0.6041996649177749
-0.6037924519602533
-0.9331634174008011
-0.6037924519602533
-0.2752359124347487
-0.9331634174008011
-0.6041996649177749
-0.9331633416713659
-0.6037924519602533
-0.6041996649177749
-0.6033851632732966
-0.2752359124347487
-0.6041996649177749
-0.6041996649177749
-0.6037924519602533
-0.6033851632732966
-0.6041996649177749
-0.60419974064721
-0.6041996649177749
-0.6041996649177749
-0.6037924519602533
-0.6046068778752964
-0.6037924519602533
-0.6046068778752964
-0.6041995891883397
-0.60419974064721
-0.6041996649177749
-0.2752359881641839
-0.6037924519602533
-0.6033851632732966
-0.60419974064721
-0.9331634174008011
-0.6041996649177749
-0.6041996649177749
-0.6041996649177749
-0.6041996649177749
-0.6041996649177749
-0.6046068778752964
-0.6041996649177749
-0.9331634174008011
-0.6046068778752964
-0.6041995891883397
-0.60419974064721
-0.6041996649177749
-0.6041996649177749
-0.6041996649177749
-0.6046068778752964
-0.6041996649177749
-0.6037924519602533
-0.6041996649177749
-0.6041996649177749
-0.6046068778752964
-0.6037924519602533
-0.6037924519602533
-0.6041996649177749
-0.9331634174008011
-0.6041995891883397
-0.6041996649177749
-0.6041996649177749
-0.6041996649177749
-0.2752359124347487
-0.9331634174008011
-0.6046068778752964
-0.2752359124347487
-0.6041996649177749
-0.2752359881641839
-0.6041996649177749
-0.6037924519602533
-0.6037924519602533
-0.6041996649177749
-0.6037924519602533
-0.6041996649177749
-0.9331634174008011
-0.6041996649177749
-0.6041996649177749
-0.6041996649177749
-0.6041996649177749
-0.6041996649177749
-0.6041996649177749
-0.6046068778752964
-0.6046068778752964
-0.6041996649177749
-0.6037924519602533
-0.6033851632732966
-0.6041996649177749
-0.60419974064721
-0.60419974064721
-0.6041996649177749
-0.6041996649177749
-0.60419974064721
-0.6037924519602533
-0.6041996649177749
-0.60419974064721
-0.6037924519602533
-0.9331634174008011
-0.6041996649177749
-0.27523583670531354
-0.6037924519602533
-0.6046068778752964
-0.6046068778752964
-0.6041996649177749
-0.60419974064721
-0.6046068778752964
-0.6041996649177749
-0.6041996649177749
-0.2752359124347487
-0.2752359124347487
-0.2752359124347487
-0.6037924519602533
-0.9331634174008011
-0.6041996649177749
-0.6041996649177749
-0.6037924519602533
-0.6041996649177749
-0.2752359124347487
-0.6041996649177749
-0.6041996649177749
-0.9331634174008011
-0.6041996649177749
-0.2752359124347487
-0.60419974064721
-0.9331634931302363
-0.6041996649177749
-0.2752359124347487
-0.6041995891883397
-0.6041996649177749
-0.6037924519602533
-0.6037924519602533
-0.9331634174008011
-0.2752359124347487
-0.6041996649177749
-0.6041996649177749
-0.9331634931302363
-0.2752359124347487
-0.6041996649177749
-0.9331634174008011
-0.6041996649177749
-0.6046068778752964
-0.6046068778752964
-0.27523583670531354
-0.6037924519602533
-0.6041996649177749
-0.6041996649177749
-0.6041996649177749
-0.6046068778752964
-0.6037924519602533
-0.6041996649177749
-0.6033851632732966
-0.2752359124347487
-0.6041996649177749
-0.6041996649177749
-0.9331634174008011
-0.2752359881641839
-0.9331634174008011
-0.6041996649177749
-0.6041996649177749
-0.9331634174008011
-0.6041995891883397
-0.6041996649177749
-0.9331634174008011
-0.9331634174008011
-0.9331634174008011
-0.6041996649177749
-0.6041996649177749
-0.6041996649177749
-0.6046068778752964
-0.9331634174008011
-0.6041996649177749
-0.9331634174008011
-0.9331634174008011
-0.6037924519602533
-0.6041996649177749
-0.6041996649177749
-0.6037924519602533
-0.9331634174008011
-0.6046068778752964
-0.6041996649177749
-0.2752359124347487
-0.6037924519602533
-0.60419974064721
-0.6041996649177749
-0.60419974064721
-0.2752359881641839
-0.6037924519602533
-0.6050140151033828
-0.6041996649177749
-0.6041996649177749
-0.2752359124347487
-0.6037924519602533
-0.6041995891883397
-0.6041996649177749
-0.6041996649177749
-0.6037924519602533
-0.6041996649177749
-0.6050140151033828
-0.6041996649177749
-0.6041996649177749
-0.9331634174008011
-0.6046068778752964
-0.6041996649177749
-0.6041996649177749
-0.9331634174008011
-0.9331634174008011
-0.6041996649177749
-0.6046068778752964
-0.6041995891883397
-0.9331634174008011
-0.9331634931302363
-0.6046068778752964
-0.9331634174008011
-0.2752359124347487
-0.6041996649177749
-0.9331634174008011
-0.6037924519602533
-0.6037924519602533
-0.2752359881641839
-0.6046068778752964
-0.6046068778752964
-0.6041996649177749
-0.9331634931302363
-0.6041996649177749
-0.9331634174008011
-0.2752359881641839
-0.6041996649177749
-0.6046068778752964
-0.6041996649177749
-0.6046068778752964
-0.6041996649177749
-0.6046068778752964
-0.6041996649177749
-0.9331633416713659
-0.9331633416713659
-0.6037924519602533
-0.6046068778752964
-0.9331634174008011
-0.6041996649177749
-0.6037924519602533
-0.6041996649177749
-0.6041996649177749
-0.6046068778752964
-0.6041996649177749
-0.6037924519602533
-0.6046068778752964
-0.6041996649177749
-0.6041996649177749
-0.2752359124347487
-0.9331633416713659
-0.9331634174008011
-0.9331634174008011
-0.6037924519602533
-0.6037924519602533
-0.9331634174008011
-0.9331634931302363
-0.9331634174008011
-0.6037924519602533
-0.6037924519602533
-0.6041996649177749
-0.9331634174008011
-0.2752359881641839
-0.9331634174008011
-0.6041996649177749
-0.6041996649177749
-0.9331634174008011
-0.6037924519602533
-0.9331633416713659
-0.9331634931302363
-0.6041996649177749
-0.9331634174008011
-0.9331634174008011
-0.6041996649177749
-0.6037924519602533
-0.6041996649177749
-0.9331634174008011
-0.6037924519602533
-0.9331634174008011
-0.6041996649177749
-0.6041996649177749
-0.9331634174008011
-0.6037924519602533
-0.2752359881641839
-0.6046068778752964
-0.6037924519602533
-0.6046068778752964
-0.6041996649177749
-0.9331633416713659
-0.9331634931302363
-0.9331634174008011
-0.9331634174008011
-0.6041996649177749
-0.9331634174008011
-0.6037924519602533
-0.6041996649177749
-0.6041996649177749
-0.6041996649177749
-0.9331634931302363
-0.9331633416713659
-0.9331634174008011
-0.9331634174008011
-0.9331634174008011
-0.9331634174008011
-0.6041996649177749
-0.6041996649177749
-0.9331634174008011
-0.9331634174008011
-0.60419974064721
-0.9331634174008011
-0.6046068778752964
-0.6041995891883397
-0.27523583670531354
-0.9331633416713659
-0.9331634174008011
-0.9331633416713659
-0.9331634174008011
-0.9331634931302363
-0.9331633416713659
-0.2752359124347487
-0.6041996649177749
-0.6041996649177749
-0.6041996649177749
-0.6046068778752964
-0.9331634931302363
-0.2752359124347487
-0.6041996649177749
-0.9331634174008011
-0.9331634174008011
-0.6041996649177749
-0.6041996649177749
-0.9331634931302363
-0.9331634174008011
-0.6041996649177749
-0.6041995891883397
-0.2752359881641839
-0.9331633416713659
-0.60419974064721
-0.6041996649177749
-0.9331634174008011
-0.9331634174008011
-0.9331634174008011
-0.6046068778752964
