-1.7809136066087308
-1.6376508799107012
-1.6374350790953265
-1.5979371507794369
-1.6772330907970232
-1.655821592095918
-1.6254303087784026
-1.6134538009829624
-1.6748853329636864
-1.6481446735347582
-1.6977552075853093
-1.8057097402301432
-1.6158512350866217
-1.6319617107509645
-1.5370474472207767
-1.658247286246493
-1.613062255673033
-1.6772379134659536
-1.6278573873827513
-1.668985772926586
-1.6364234160143345
-1.6302640388271594
-1.6626656314359654
-1.666833342595285
-1.6051657473307765
-1.6740448311753873
-1.677229581389096
-1.6482747641089408
-1.6052258601171563
-1.6448589602193553
-1.6316535018807858
-1.724593139220385
-1.6996170493738776
-1.7060454552069793
-1.637739884835508
-1.5396579231587932
-1.6473807247652057
-1.6035719117109122
-1.686913919393684
-1.6061106018266722
-1.6771606502182572
-1.6443550673481735
-1.648467266842019
-1.6626303859574494
-1.5672871076095722
-1.585861579657254
-1.647441915072205
-1.658607331517476
-1.6498362418689612
-1.685592615336554
-1.6650433045861286
-1.684569391441539
-1.6778434432693057
-1.6622679429999543
-1.688424267119644
-1.619707107263625
-1.6278684175727896
-1.6575919490801132
-1.647369905121143
-1.6871487764649082
-1.4833823721637727
-1.6559055174299933
-1.6746547340519633
-1.5980005184920472
-1.5389994758991015
-1.68766710973583
-1.6157608028460715
-1.5884002681504101
-1.619320818826507
-1.4632510644322458
-1.597749783456601
-1.619305659476278
-1.6894525631565567
-1.6100932849502254
-1.644764580375058
-1.6375141481177935
-1.6473028386617625
-1.627087119829552
-1.5476462371386335
-1.6003889585443094
-1.6338823662271005
-1.5882487883268797
-1.5855577869159811
-1.677219369553441
-1.6414704523945554
-1.6947255822427267
-1.6377983819088513
-1.629682979570583
-1.6773908014907302
-1.6205592195860923
-1.626588044746432
-1.6375450409950456
-1.6762719308823086
-1.5412659424091677
-1.649737630900276
-1.630560261304658
-1.676869837840541
-1.6477350767139733
-1.6318823466556458
-1.7575802234652136
-1.249814951429467
-1.579415140055553
-1.576045539621059
-1.6439894648044073
-1.6051259891226661
-1.61990572399056
-1.643265850558545
-1.6251320099724254
-1.6118361684685834
-1.6376133614408193
-1.6254307525347433
-1.6253573222661255
-1.5397835688067323
-1.5607196113837478
-1.6383310129215864
-1.6793804795797895
-1.6889844289560136
-1.5980716570487599
-1.6766037602878374
-1.6543638752889291
-1.703962298369368
-1.6377345482301051
-1.64727068384363
-1.7086867129117098
-1.5883189495737757
-1.4770261028910578
-1.5958741679693613
-1.5982256964933939
-1.6769946645391363
-1.6444917364998954
-1.5871396193844776
-1.6146766939178476
-1.677015440345617
-1.6793327402398543
-1.598078914436804
-1.6382368804129543
-1.6473789530151879
-1.625357295643545
-1.6375838222867842
-1.6084144508316782
-1.6083933588616455
-1.6351586036595964
-1.6374700138034621
-1.635143906041178
-1.619208361060412
-1.6794289702154537
-1.5843083377855685
-1.6302290507633157
-1.6372042750535707
-1.7167184015944095
-1.824335961273408
-1.6146011384713945
-1.6950407791695263
-1.7114723584353497
-1.6302719795937661
-1.637625682039737
-1.6376431684419466
-1.3622593058170938
-1.7072267121998552
-1.6198123721745379
-1.6375838504833597
-1.713684643130092
-1.6561085280241297
-1.6507875305865791
-1.8156353152658502
-1.5451705945129957
-1.6748048024591968
-1.637627981478027
-1.621223164832041
-1.6194543762586107
-1.6373577617245494
-1.6523410022675273
-1.6303563429052192
-1.6375061924317782
-1.6278429360594933
-1.653841159822971
-1.6083480497834846
-1.6180511999785467
-1.6375809964240882
-1.6760814268739932
-1.7249271373200665
-1.6216174019338354
-1.609669719480903
-1.6720779577370022
-1.5977366861646989
-1.6193944393232953
-1.6411308432912894
-1.7110292213132383
-1.6375723640176376
-1.576182334032899
-1.6884320351458666
-1.6692643678863108
-1.5302473995596426
-1.648600402540691
-1.7197326355091063
-1.540040604424202
-1.5797555858779286
-1.627811654734787
-1.608358754375002
-1.6485781447055303
-1.6376111905360984
-1.6003662067756221
-1.5383580034230753
-1.6402446741597758
-1.6303319589636558
-1.677419855694565
-1.6732703674057712
-1.710361092226062
-1.6268083489297969
-1.6325381693727237
-1.6375901178441572
-1.6375576772068083
-1.63718658818939
-1.6772085280650963
-1.5764557068711973
-1.6375780325849307
-1.6123006995267681
-1.6930596388427923
-1.6443905778679866
-1.6974887914428394
-1.4893314752778346
-1.640158713189562
-1.6756196190366375
-1.6948485584058992
-1.6990935343049096
-1.6372386724309438
-1.6386663980762592
-1.6373390842699727
-1.6088797585625763
-1.596863194096715
-1.6136450101451476
-1.6401426435278965
-1.5906846974291013
-1.6734669799164599
-1.8238760480839475
-1.563829895726975
-1.613578497597188
-1.659471796737245
-1.7685389040800323
-1.6373915088050732
-1.6548821464777648
-1.6775237059147718
-1.6773752721995094
-1.6327116181832177
-1.531816152854181
-1.6375739083353777
-1.6378761788610925
-1.6375680167907054
-1.4972321877243404
-1.6375743928423399
-1.58818454385538
-1.5119283996839876
-1.6387752045296775
-1.8288233072180753
-1.6833478154253116
-1.5976806990513044
-1.6698535139812094
-1.644659899503927
-1.576050369417934
-1.6377303893060184
-1.6073587737350439
-1.8317618917263587
-1.6771414983173396
-1.6640187978808891
-1.8068502804768407
-1.8317618917263587
-1.6084812304652474
-1.5415459372898168
-1.5545439046875933
-1.629998654051296
-1.7071401304900427
-1.6772193098276855
-1.631576443068752
-1.8430800616346672
-1.6373888712278812
-1.6259139613449378
-1.6960488416464246
-1.6436466257645441
-1.588149912888934
-1.5970564630341721
-1.6802857611994073
-1.8313592349013397
-1.6523814852425578
-1.6123812832079176
-1.636943992140952
-1.613538169467128
-1.6546016261010592
-1.8530504431270933
-1.5979464213714796
-1.6470991525614995
-1.6375899782822263
-1.6473058186302518
-1.676924456910521
-1.8438206973294264
-1.8431216545925169
-1.6771594199584268
-1.8431056756302007
-1.7060697836679926
-1.6376619548824531
-1.6375696393607426
-1.6235624014397825
-1.6778347238807276
-1.8125852166645287
-1.5350096300277531
-1.3597772956152232
-1.613106818495416
-1.6553701444827529
-1.6903216232177423
-1.3621615189763934
-1.5456557975715095
-1.8431056756302007
-1.598238265088241
-1.6229990479385112
-1.6833048078046473
-1.686887574953845
-1.8312424589770901
-1.843390151841552
-1.6375024023990097
-1.590648514377818
-1.8439033274658005
-1.3853830896342878
-1.6373573042395593
-1.8830579693124418
-1.8434056504186318
-1.6795026375310242
-1.803776860796526
-1.5059236502804934
-1.6988965239677478
-1.5634263859394257
-1.8830579693124418
-1.637583041420732
-1.8545108190948305
-1.6378467325273784
-1.85429472515077
-1.5190318049102005
-1.3507962845266723
-1.8866027325880206
-1.6776522571993273
-1.8190480811251915
-1.6550045628254213
-1.3768634942213402
-1.6378982649024791
-1.8432137170397556
-1.846763134799481
-1.8431749195552403
-1.6128934775619208
-1.67742337813168
-1.8435314619240342
-1.843354539819897
-1.6059805905694298
-1.6651991185759265
-1.8828320006476553
-1.882432181719408
-1.85042690785654
-1.8830579693124418
-1.8545108802128405
-1.5981118020901441
-1.6065777452391619
-1.7915380603229076
-1.815507339996676
-1.803776860796526
-1.4357998530314626
-1.6347005945290465
-1.843387408760179
-1.4517077023469
-1.8434591529220987
-1.452849078036027
-1.679132774425055
-1.8829830593357548
-1.88283843513987
-1.8508633761237152
-1.5192536919650768
-1.8829830593357548
-1.85060587552386
-1.7237629210950796
-1.7630665186329066
-1.871972416253839
-1.8071932577806231
-1.8827950049904159
-1.5978115749876047
-1.8857631931650274
-1.8947616198371118
-1.8939592381518071
-1.8829485950698914
-1.5882198275161041
-1.6405411811836466
-1.8545163496929788
-1.6550977720261288
-1.6400193010687991
-1.883099653757991
-1.8939592381518071
-1.8142955160940826
-1.883022019676908
-1.5895967559709583
-1.699512948618311
-1.8829983933161372
-1.883016054191202
-1.8885799521716196
-1.634336100481523
-1.8586747254060556
-1.8587136128291106
-1.8739077754331719
-1.9231903233541365
-1.781834764354826
-1.8928030312489408
-1.7013210865497737
-1.8702509799293603
-1.8708698600665168
-1.85336641302831
-1.9324952608369488
-1.9322725096539117
-1.9324952608369488
-1.9324952608369488
-1.8077292423051654
-1.6539769199801564
-1.7916758952064649
-1.9433290065130921
-1.674989509055533
-1.9231846881546102
-1.9332601351076262
-1.5910734493218606
-1.8016639006547108
-1.5501437939872407
-1.8703101342318253
-1.8092747587103284
-1.791971628850884
-1.7027990645572584
-1.9338205067981695
-1.802075046049624
-1.8415641812670829
-1.9437862434151483
-1.5679948130769594
-1.7920203929066127
-1.6447198828754936
-1.9437862434151483
-1.5323135365341
-1.9430883192242763
-1.8017746626963402
-1.659046700510089
-1.9437862434151483
-1.6596746336635426
-1.8163285625482941
-1.5611552329923868
-1.6505790649974759
-1.7944058448375557
-1.635260300363427
-1.8016693804097632
-1.9437862434151478
-1.6889886463059727
-1.7800428316758208
-1.8011839575331845
-1.9335514013364306
-1.5983168866580557
-1.9423903950334047
-1.789514291871835
-1.9437862434151483
-1.8022135746698011
-1.801891132373794
-1.5910309824063902
-1.9337115717088436
-1.942635148889849
-1.9430883192242763
-1.9437862434151483
-1.9313281871458967
-1.693942722014307
-1.6596758760256236
-1.8010126159429698
-1.9438649243946586
-1.7826310748902867
-1.7106135613734472
-1.802085487241042
-1.8554490785162854
-1.943786243415148
-1.660318463628447
-1.6208057103869626
-1.594179172866304
-1.5954888609898776
-1.7649236187651127
-1.9438649243946586
-1.9339936712158017
-1.9438649243946586
-1.801704516987799
-1.8864269250229218
-1.9438095628392873
-1.6667420551950918
-1.8017714050186158
-1.6590467005100888
-1.6647918001838549
-1.6956835077493642
-1.6435614979353657
-1.8043245638067589
-1.633894972419593
-1.93362445457675
-1.7951620043888061
-1.8016693804097632
-1.9804538712842423
-1.642404955348845
-1.8569728440945859
-1.9828506900426457
-1.801581614915079
