-5.890754111160094
-4.3484124667078285
-4.592766794070995
-6.014620289026164
-4.205607814808536
-4.4265026251277
-4.421741607519649
-4.368324717470849
-4.520754420796918
-4.40128424676773
-4.57397779964359
-4.4511217435799555
-5.310118379624924
-4.375969213249693
-5.12617465529863
-5.3156188590364355
-4.28569933956342
-6.447854167652537
-5.496185631858685
-3.2175580093796876
-4.446862988233543
-4.272775341661937
-4.04893795537976
-4.407192381929848
-4.690436672372057
-4.4084100289479045
-3.344971332262614
-4.352505678287142
-4.401674456305859
-5.90950091178686
-4.502336411858909
-4.400740398839054
-5.407526462442384
-3.317416285207138
-1.897500427650169
-4.590348668629369
-3.527116841038218
-4.354050746780664
-4.329875081960988
-3.452089501104457
-3.4130801727082876
-4.351297085047836
-5.39147276159186
-4.010239907710554
-4.393539456235419
-4.387015917401814
-4.449084194469711
-4.0689554795639635
-4.346691245447666
-4.173694415496525
-4.350598052316519
-4.466708653864049
-5.399641936269618
-4.4999546787242295
-4.61647583790436
-5.255341635815532
-4.199234819024092
-4.038710034821241
-4.399833104077081
-4.14902390944881
-4.398582582617883
-3.441569061163885
-5.129705840334447
-3.9715587842260742
-4.334990407974247
-4.478244366663293
-4.604525936721655
-4.369113875973813
-4.37507558654927
-4.216395959201868
-4.478126580313927
-4.4346321994135485
-4.515863850149095
-2.9145370607237626
-4.672260181491436
-4.251395438336694
-4.424702371964164
-4.444120174382996
-4.406749227497432
-4.729862322807336
-4.39428982679364
-5.3892497958344565
-4.373232252863314
-3.300317611217716
-4.712206433764208
-4.883542698974716
-5.335281884461352
-4.377581324900611
-3.3860122159927943
-3.74623788205443
-4.321019369920523
-4.602558171919382
-3.4296744420387584
-4.850988171860036
-4.439136152057597
-4.484190446507288
-4.2890031566038935
-4.325332753670742
-4.418549068153499
-4.332533224315451
-3.967266546409948
-3.4027902507454177
-4.394797399900973
-4.087917658688237
-4.880719674339312
-4.395159089581696
-3.375571066638564
-4.574905894485165
-3.3901305713694154
-4.455451189519816
-4.691359646037802
-4.4253296204232075
-4.329023565370738
-4.424026434072913
-4.377307914221581
-4.204881156993224
-4.240441130939124
-1.9747946064264958
-4.587188631648827
-4.600929828131577
-4.441709003815628
-4.413683696856409
-5.380221898387239
-4.758447475676634
-4.545139183859623
-4.18725575165865
-4.381007290882083
-4.440861471057449
-3.863014012372904
-4.326022508234347
-4.799878592382991
-4.4013624670488865
-4.444013038075034
-4.378829544327726
-4.186774499026783
-4.246490885636712
-4.297088776287152
-4.3917606806317515
-4.244699547752212
-4.546113139419928
-4.353072192365282
-4.649883412640097
-4.394398140014043
-4.137004445651774
-5.834086363868808
-4.315002003559781
-4.437996781036059
-4.316732259719203
-4.2990167820265155
-4.391217833237231
-4.1393961308256575
-5.462499186474224
-5.882931615462496
-5.363236781667489
-4.677349700651503
-5.342287477475771
-3.3908071919302967
-4.343336957213245
-4.617541193202533
-5.733617265301589
-4.170134366868433
-4.319252852170475
-5.370499602719924
-4.485275375269002
-5.394253800108505
-4.489852026849508
-4.398983211838628
-4.649009740565693
-5.788396364465987
-4.447794772949631
-4.594408839169805
-3.3964797804443667
-4.4815719234068965
-4.2429120732844785
-3.617740250433847
-4.400954152154489
-4.467645500994973
-4.189260432581207
-4.4401091847147915
-4.572721825089685
-4.402005565004581
-4.341198836462822
-4.3943974883872885
-3.3878899554619544
-4.687798940610959
-4.708037560908146
-4.32466900356379
-4.39818222552639
-4.397780355688276
-4.042706940818527
-4.358793397885824
-4.412583619712432
-3.5038962168794456
-4.404818672853859
-4.337788127115733
-4.342238587568035
-4.608704627144515
-4.459031705343467
-4.488918006219709
-4.69335096315818
-4.335666264578778
-4.469577692774057
-4.194336684860433
-4.661251325943773
-4.481417506256734
-4.4449618196820415
-4.397735278451911
-4.542400487249942
-4.4385169246537375
-3.236627531451438
-4.229228172563725
-4.533678932651755
-3.3617147809983745
-4.402878221801062
-4.535921046166255
-4.31931591555559
-4.523061557781096
-4.394177796213276
-4.510169518669896
-5.569592752035266
-5.405448299473113
-4.451617410255873
-4.660777654563224
-5.521041675626798
-4.612676829170801
-4.052980966685061
-3.4667014258899473
-4.4137281974988305
-4.508054324830682
-4.247684156036125
-3.327151452935315
-5.3677139206886855
-5.399012894405111
-4.3943974883872885
-4.471503908535704
-4.4418492045807625
-4.108612244509855
-3.9906427736607455
-4.477114657286361
-4.233841215107941
-4.5326493430841
-4.178607043137665
-3.2377003187351843
-5.844774514999664
-4.401661947578116
-4.405810472410664
-5.417854070603556
-4.411087637599761
-5.071748857282289
-3.5242542019283962
-4.508294553485529
-4.471826702970821
-5.368017540388432
-3.4271380444902744
-4.78735925632142
-4.430125488549945
-4.367786321001438
-4.946133855147049
-4.434193419620296
-5.681810862481117
-5.90041796411535
-6.447854167652537
-6.108030629862714
-4.297442783018234
-5.037716677596146
-6.447854167652537
-4.181295952510849
-4.690941979344759
-5.272144255312609
-3.180173023532633
-4.453171372255156
-4.431717238418569
-4.978590364408478
-4.415781629107936
-3.15505060638786
-4.906757264426743
-6.447854167652537
-4.612725445138395
-5.764630340523853
-3.259816426919455
-5.464164393562108
-5.697087166387334
-4.653694839530386
-4.417951076896111
-4.408246651717103
-6.447854167652537
-6.447854167652537
-6.447854167652537
-6.447854167652537
-6.447854167652537
-6.115535589605037
-6.447854167652537
-6.064154659937522
-6.44891628438082
-6.44891628438082
-5.467935957725816
-5.785147289799308
-6.039557102531843
-6.387912544698764
-6.476614611040448
-5.102876994659279
-6.476614611040448
-5.7493424499585295
-6.318809354799935
-6.401086346281657
-6.447854167652537
-6.18870242521905
-6.318809354799935
-6.447854167652537
-5.724092953665986
-6.414802782545689
-6.475552494312166
-3.469578299034529
-5.180973849753364
-6.468449441458726
-6.475552494312166
-5.598920805634054
-6.046410341447903
-4.249892412026512
-4.72067450647657
-6.048825482389129
-6.84146733483561
-6.318809354799935
-6.84146733483561
-6.84146733483561
-4.633602308015423
-3.3854507352709717
-4.7323406603814835
-6.84146733483561
-3.330801001643013
-6.752469620120902
-6.845436619670574
-5.552932378430815
-6.7638031071108955
-6.216400751878679
-4.91340253290606
-6.84146733483561
-6.952407481536845
-4.801800727109608
-6.840405218107327
-6.216400751878679
-6.508611248392953
-5.2726946278724345
-6.326844614192402
-6.952407481536845
-4.338040224510199
-6.840405218107327
-5.974065721312956
-6.043836569298245
-6.248397389231183
-6.4699468520690075
-5.666367208786235
-6.913528749308073
-6.798953119895738
-6.801776534741988
-7.03743591141659
-7.03743591141659
-7.03743591141659
-4.422813353915576
-6.9926359909936515
-3.5306970053782543
-4.345175383374025
-5.175939917147417
-6.9926359909936515
-5.6075093935277796
-6.62415753556494
-4.548674752197674
-6.756479501444975
-6.1072917778070375
-6.9926359909936515
-5.842058752693673
-7.103078089219553
-7.3825341789232155
-3.31685927217177
-4.411671624547205
-7.3825341789232155
-6.583184012698535
-6.720086951207637
-7.4250483938630865
-6.650789336388997
-5.320637151880914
-6.026966212101572
-7.3825341789232155
-6.9538080828467255
-5.236742015349259
-6.952407481536845
-6.724785374788425
-7.421631844622752
-4.060240899031999
-6.802310125514932
-7.421631844622752
-7.034019362176254
-7.3984862162127385
-6.306207785988267
-6.994921696476718
-7.421631844622752
-7.2031637510668105
-6.267123882196364
-6.374003837517358
-5.489633945886783
-7.421631844622752
-7.421631844622752
-5.275839681048796
-7.421631844622752
-4.364249186780754
-6.852232792495596
-7.043213868980348
-5.9358203085385215
-7.0991778768297245
-6.373696910182083
-6.841407791214468
-7.3825341789232155
-6.172717199861319
-7.034019362176254
-4.536643719242687
-6.955803668851992
-6.780979972744176
-7.249127663228611
-7.421631844622752
-7.421631844622752
-6.666504167958111
-6.217070571711063
-6.585096429043498
-6.993748397157669
-5.37640559278839
-7.421631844622752
-7.31239779784478
-4.392031602917433
-7.421631844622752
-7.2093983955103775
-5.851968849628249
-7.2031637510668105
-6.850524517875429
-7.034019362176254
-6.371988635561915
-7.421631844622752
-4.345440772054469
-5.825448536180185
-6.938570636012597
-7.421631844622752
-4.167012569115408
-7.423340119242919
-6.955803668851992
-6.6682124425782785
-7.171377402412311
-6.648115154349923
-4.330766673304148
-7.423340119242919
-6.66650416795811
-7.3825341789232155
-4.507529105514829
-5.331251993359281
-6.920433509340429
-6.371988635561915
-6.92875677493015
-5.57839620980028
-4.823356231433065
-6.748075632576529
-6.344791066084197
-7.421631844622752
-5.459125398203851
-7.423340119242919
-4.497392676928614
-6.995456671777836
-7.2093983955103775
-5.815816857930988
-5.563696424963121
-7.421631844622752
-4.7578019476589954
-6.351678820389604
-6.084466167382658
-7.421631844622752
-7.035727636796421
-5.32234542650108
-7.207690120890211
-7.421631844622752
-7.2093983955103775
-5.896831875015151
-3.1265025840789464
-5.987821742707074
-7.043213868980348
-6.955803668851992
-7.202331833394014
-7.421631844622752
-5.277547955668963
-7.2491276632286095
-7.402937149083067
-7.421631844622752
-5.9105805411542365
-7.423340119242919
-6.344333462179033
-6.313838119411901
-7.169669127792144
-6.583248094906752
-5.4065492064014595
-7.4250483938630865
-6.701349732236961
-7.2093983955103775
-5.848348882512587
-5.677620850558626
