-0.6023735066259663
-0.6018663381975385
-0.6018663113343572
-0.9331635955635695
-0.6018663113343572
-0.6018663113343572
-0.6016127002569619
-0.6016127002569619
-0.6018663113343572
-0.27056902710514474
-0.9331635955635695
-0.6018663113343572
-0.27056902710514474
-0.6016127002569619
-0.6018663113343572
-0.6016127002569619
-0.6021199224117525
-0.9331635955635695
-0.6018663113343572
-0.6018663381975385
-0.6021199224117525
-0.27056905396832615
-0.6018663113343572
-0.6016127002569619
-0.6018663113343572
-0.6018663113343572
-0.27056902710514474
-0.6016127002569619
-0.6016127002569619
-0.6018663113343572
-0.9331636224267509
-0.6021199224117525
-0.6021199224117525
-0.6016127002569619
-0.6018663113343572
-0.6018663113343572
-0.6018663113343572
-0.6018663113343572
-0.6016127002569619
-0.6018663113343572
-0.27056902710514474
-0.27056902710514474
-0.6018663113343572
-0.6018662844711758
-0.6016127002569619
-0.6021199224117525
-0.6016127002569619
-0.6021199224117525
-0.6018663113343572
-0.6021199224117525
-0.6016127002569619
-0.6018663381975385
-0.6018662844711758
-0.9331635687003882
-0.6021199224117525
-0.9331635955635695
-0.6018662844711758
-0.6018663113343572
-0.6018663113343572
-0.27056902710514474
-0.6016127002569619
-0.6016127002569619
-0.9331635955635695
-0.6016127002569619
-0.27056902710514474
-0.6018663113343572
-0.9331635955635695
-0.6018663381975387
-0.6018663113343572
-0.6018663113343572
-0.6023735066259663
-0.6018663113343572
-0.6018663113343572
-0.6021199224117525
-0.6016127002569619
-0.9331635955635695
-0.6021199224117525
-0.6016127002569619
-0.6018663113343572
-0.6021199224117525
-0.6018663113343572
-0.6018663113343572
-0.6018663381975387
-0.6018662844711758
-0.6018663113343572
-0.6021199224117525
-0.9331635955635695
-0.6013590623163853
-0.9331636224267509
-0.6016127002569619
-0.6018663113343572
-0.6018663113343572
-0.9331635955635695
-0.6018663113343572
-0.6018663381975385
-0.6018663113343572
-0.6018663113343572
-0.6016127002569619
-0.6018663113343572
-0.6018663381975385
-0.6016127002569619
-0.6018663113343572
-0.6023735066259663
-0.6018663381975385
-0.6018663113343572
-0.27056902710514474
-0.6018663113343572
-0.9331635955635695
-0.6018663381975385
-0.9331635955635695
-0.6018663113343572
-0.6018663113343572
-0.6021199224117525
-0.6021199224117525
-0.6021199224117525
-0.6018663113343572
-0.27056900024196334
-0.6018663113343572
-0.6023735066259663
-0.6021199224117525
-0.6016127002569619
-0.6016127002569619
-0.27056905396832615
-0.6018663113343572
-0.6018663113343572
-0.27056902710514474
-0.9331635955635695
-0.27056902710514474
-0.6021199224117525
-0.6021199224117525
-0.6018663113343572
-0.27056902710514474
-0.6018663113343572
-0.6018663113343572
-0.6016127002569619
-0.6018663113343572
-0.6013590623163853
-0.6021199224117525
-0.9331635955635695
-0.6016127002569619
-0.9331635687003882
-0.6018663113343572
-0.6018663113343572
-0.6018663113343572
-0.6018663381975385
-0.6016127002569619
-0.27056905396832615
-0.6018662844711758
-0.6018663113343572
-0.6018663113343572
-0.6021199224117525
-0.6018663113343572
-0.6018663113343572
-0.9331635955635695
-0.6018663381975387
-0.6018663113343572
-0.6018663381975385
-0.6018663113343572
-0.6018663381975385
-0.6018663113343572
-0.6021199224117525
-0.6016127002569619
-0.6016127002569619
-0.6018663381975385
-0.6018663381975387
-0.6018663113343572
-0.6018663113343572
-0.9331635687003882
-0.6018663381975385
-0.6018662844711758
-0.6016127002569619
-0.6016127002569619
-0.6013590623163853
-0.6018663381975387
-0.6018663113343572
-0.6018663113343572
-0.6021199224117525
-0.6018663113343572
-0.6016127002569619
-0.6016127002569619
-0.6018663381975385
-0.6016127002569619
-0.6021199224117525
-0.6018663381975385
-0.6018663113343572
-0.6021199224117525
-0.6018663113343572
-0.6018663113343572
-0.6018663113343572
-0.6021199224117525
-0.6023735066259663
-0.6018662844711758
-0.6018663113343572
-0.6021199224117525
-0.9331635955635695
-0.6018663113343572
-0.27056905396832615
-0.6018663113343572
-0.6013590623163853
-0.6018663113343572
-0.6018662844711758
-0.6021199224117525
-0.6018663113343572
-0.6018663113343572
-0.6018663113343572
-0.6016127002569619
-0.9331635687003882
-0.6018663113343572
-0.27056905396832615
-0.6021199224117525
-0.6021199224117525
-0.6016127002569619
-0.6016127002569619
-0.9331635955635695
-0.6018663113343572
-0.9331635955635695
-0.6021199224117525
-0.9331636224267509
-0.27056900024196334
-0.6018663381975385
-0.6016127002569619
-0.6016127002569619
-0.6018663113343572
-0.6021199224117525
-0.27056902710514474
-0.6018663113343572
-0.6016127002569619
-0.6018663113343572
-0.6016127002569619
-0.6018663113343572
-0.6018663113343572
-0.6016127002569619
-0.6018663381975385
-0.9331635687003882
-0.6016127002569619
-0.27056902710514474
-0.6016127002569619
-0.6018663113343572
-0.9331636224267509
-0.6016127002569619
-0.6016127002569619
-0.6018663113343572
-0.6021199224117525
-0.6018663113343572
-0.6018663113343572
-0.6018663113343572
-0.6021199224117525
-0.6021199224117525
-0.6021199224117525
-0.6021199224117525
-0.9331635687003882
-0.6018662844711758
-0.6018663113343572
-0.6018663113343572
-0.27056902710514474
-0.6018662844711758
-0.6016127002569619
-0.6018663113343572
-0.6018663113343572
-0.6021199224117525
-0.27056900024196334
-0.6018663113343572
-0.6018663381975387
-0.6016127002569619
-0.6018663113343572
-0.6018663113343572
-0.6021199224117525
-0.6018663113343572
-0.6018663113343572
-0.6021199224117525
-0.6018663113343572
-0.6018662844711758
-0.9331635955635695
-0.6013590623163853
-0.6018663381975385
-0.6021199224117525
-0.27056902710514474
-0.6018663113343572
-0.27056900024196334
-0.6013590623163853
-0.6018663113343572
-0.6018663113343572
-0.6018663113343572
-0.6016127002569619
-0.6013590623163853
-0.9331635687003882
-0.6018663113343572
-0.6021199224117525
-0.6018663113343572
-0.6018663381975385
-0.27056905396832615
-0.6021199224117525
-0.6018663113343572
-0.9331636224267509
-0.6018663113343572
-0.6021199224117525
-0.6021199224117525
-0.9331635955635695
-0.9331635955635695
-0.6018663381975385
-0.6018663113343572
-0.6018663113343572
-0.6018663113343572
-0.6018663113343572
-0.6018663113343572
-0.6021199224117525
-0.6016127002569619
-0.6021199224117525
-0.9331636224267509
-0.9331635687003882
-0.6016127002569619
-0.6018663113343572
-0.6018663113343572
-0.6018663381975385
-0.9331635955635695
-0.6016127002569619
-0.6018663113343572
-0.6018662844711758
-0.9331635955635695
-0.6018663113343572
-0.6018663113343572
-0.9331635955635695
-0.6018663113343572
-0.6018663113343572
-0.9331635955635695
-0.6018663113343572
-0.6018663113343572
-0.6016127002569619
-0.6016127002569619
-0.6018663113343572
-0.6018663381975385
-0.6018662844711758
-0.27056902710514474
-0.6018663113343572
-0.6018663113343572
-0.9331635955635695
-0.6018663113343572
-0.6018663113343572
-0.6018663113343572
-0.6021199224117525
-0.6018663113343572
-0.6016127002569619
-0.6018663113343572
-0.9331635955635695
-0.6018663113343572
-0.6016127002569619
-0.6018663381975385
-0.6021199224117525
-0.6021199224117525
-0.6018663113343572
-0.9331635955635695
-0.6018663113343572
-0.6018663113343572
-0.6018663113343572
-0.9331635955635695
-0.9331635687003882
-0.6018663113343572
-0.9331635955635695
-0.6018663113343572
-0.9331635955635695
-0.6018663113343572
-0.6018663113343572
-0.6018663113343572
-0.27056902710514474
-0.6016127002569619
-0.27056905396832615
-0.9331635955635695
-0.6018663381975385
-0.27056902710514474
-0.6018662844711758
-0.9331636224267509
-0.6018663113343572
-0.9331636224267509
-0.9331635687003882
-0.6018663113343572
-0.27056902710514474
-0.6018663113343572
-0.6018663113343572
-0.27056902710514474
-0.9331635955635695
-0.6018663113343572
-0.9331635955635695
-0.6018663113343572
-0.6018663113343572
-0.27056902710514474
-0.6021199224117525
-0.6018663381975385
-0.9331635955635695
-0.9331635955635695
-0.6021199224117525
-0.27056902710514474
-0.9331635955635695
-0.6016127002569619
-0.6018663113343572
-0.6018663113343572
-0.6016127002569619
-0.27056900024196334
-0.6018663113343572
-0.27056902710514474
-0.6018663113343572
-0.6018663113343572
-0.27056902710514474
-0.27056905396832615
-0.9331635687003882
-0.9331635955635695
-0.6018663113343572
-0.6018663113343572
-0.9331635955635695
-0.6021199224117525
-0.9331635955635695
-0.6018662844711758
-0.6021199224117525
-0.6018663113343572
-0.9331635955635695
-0.27056900024196334
-0.27056902710514474
-0.9331635955635695
-0.9331635687003882
-0.6018663113343572
-0.9331635955635695
-0.6018663113343572
-0.9331635955635695
-0.6018663113343572
-0.6018663113343572
-0.6016127002569619
-0.6018663113343572
-0.6018663113343572
-0.27056902710514474
-0.9331636224267509
-0.9331635955635695
-0.9331635955635695
-0.6016127002569619
-0.6018663113343572
-0.9331635955635695
-0.27056902710514474
-0.27056902710514474
-0.6016127002569619
-0.6021199224117525
-0.6016127002569619
-0.6018663113343572
-0.27056902710514474
-0.27056902710514474
-0.9331635687003882
-0.9331635955635695
-0.6018663113343572
-0.6018663113343572
-0.6018663381975385
-0.6018663113343572
-0.6018663113343572
-0.6018663113343572
-0.6018663381975385
-0.6016127002569619
-0.9331635687003882
-0.6016127002569619
-0.27056900024196334
-0.9331635687003882
-0.6018662844711758
-0.6018663113343572
-0.9331636224267509
-0.27056905396832615
-0.6018662844711758
-0.6018662844711758
-0.6018663113343572
-0.6016127002569619
-0.6018663113343572
-0.9331636224267509
-0.6018663381975385
-0.6016127002569619
-0.6018663381975385
-0.6018663113343572
-0.6018663113343572
-0.9331636224267509
-0.9331635955635695
-0.9331635955635695
-0.9331635955635695
-0.6018662844711758
-0.27056900024196334
-0.27056902710514474
-0.6018662844711758
-0.9331636224267509
-0.6018663113343572
-0.6018663113343572
-0.6021199224117525
-0.6018663113343572
-0.9331635955635695
-0.27056902710514474
-0.6018662844711758
-0.6018663381975385
-0.6018663113343572
-0.27056902710514474
-0.6018663113343572
-0.9331635955635695
-0.27056902710514474
-0.6013590623163853
-0.6021199224117525
-0.6016127002569619
-0.6018663113343572
-0.9331635955635695
-0.6016127002569619
-0.9331635687003882
