-1.7924668496625975
-1.649378458379307
-1.6349265478457793
-1.6261874085086385
-1.546910445721193
-1.6205552504188077
-1.6165684960636157
-1.6866258001154324
-1.6802301199285168
-1.584689916582918
-1.6365192465200078
-1.7040050755893268
-1.6373790222551374
-1.6784180006629068
-1.6970768079553975
-1.7026135001183342
-1.6770427276969984
-1.6739705700257161
-1.6484532708781907
-1.6642164721088557
-1.6774804719929008
-1.616514948451612
-1.6374630828228596
-1.6216079245450472
-1.6381590661354437
-1.6400824059624266
-1.622515401028557
-1.6445156081792982
-1.6897583083445702
-1.609085703605321
-1.5979822160225243
-1.5930719629123584
-1.6469128183543167
-1.6771229576591877
-1.6375592258198415
-1.7475040069525816
-1.770623482383555
-1.646913279807858
-1.7156035082479257
-1.7077291273482258
-1.6736641594662527
-1.685747545275928
-1.6372513805547155
-1.630655833765557
-1.695777338711555
-1.6586032989947073
-1.7096255418825068
-1.6786389313658514
-1.6365186345546952
-1.687305564175738
-1.5885051033452007
-1.6585832071483941
-1.6374269807524526
-1.6492767403052373
-1.6428445752193985
-1.6586366016391765
-1.641973273713517
-1.649297223881056
-1.698653223584763
-1.6387795437570172
-1.6375871586235717
-1.6165784671500623
-1.6773016371243532
-1.6384349436830066
-1.5856025685970998
-1.7358406635755248
-1.6061600974600978
-1.6797709181718474
-1.4747806945291937
-1.6591115341178506
-1.6364650321993786
-1.6375282140518483
-1.6378340469442587
-1.6888667654631102
-1.7095132833038602
-1.7381215824923884
-1.5764834026053214
-1.616650853953977
-1.5267767379382757
-1.704566901676663
-1.6637130006142304
-1.6166265342207438
-1.645016921977431
-1.637533105864791
-1.745035173736422
-1.6378620109562259
-1.646805449093685
-1.6466490984533868
-1.4840248800302214
-1.6367098099653625
-1.6054598441739052
-1.68812993259005
-1.6027089559906844
-1.6274062668871214
-1.637723221163081
-1.7294940084493957
-1.637559651195498
-1.6584733674992447
-1.6354006822879184
-1.6350567837485979
-1.6376117769505358
-1.667772218517578
-1.637594948330876
-1.646779656004782
-1.691345213142517
-1.6330781684103828
-1.700061433073571
-1.6678984643886041
-1.6445191975855278
-1.7160939736710927
-1.586209178862606
-1.6183032360655163
-1.6374420902768922
-1.6040067837415235
-1.5974660004753702
-1.625759803256381
-1.71471104451561
-1.637586062326987
-1.6425861925568177
-1.6376042746513308
-1.6463085694346544
-1.586132192117223
-1.5991522947634502
-1.6189260459316723
-1.6375947225665834
-1.5908373785499348
-1.6003130293312748
-1.6295082245650894
-1.6532581723920643
-1.4266491454920662
-1.597929029471957
-1.615595977985294
-1.6503363079170463
-1.6802712237445092
-1.595702248568048
-1.6375391238505292
-1.6643259423850618
-1.6555100910992808
-1.6190562570642544
-1.635112274136683
-1.6189125309863899
-1.6185268006427775
-1.6556698816843036
-1.7504638728988844
-1.6400300029022739
-1.6375359929306035
-1.6654434302381198
-1.6283563056205348
-1.6375830685901018
-1.6449860451305376
-1.609621952078593
-1.6467683413604375
-1.626364347940263
-1.6983236245130144
-1.6994807095004036
-1.6165829763849784
-1.637534798527915
-1.6799021890594443
-1.6414947469023131
-1.6491378045281855
-1.6759088032146137
-1.637549266831273
-1.6376466102131615
-1.677260224653403
-1.6374838207245968
-1.6948733991983107
-1.6695386033998494
-1.64245232688419
-1.5999602169979377
-1.6947711742799245
-1.6136581441100333
-1.6586637896499532
-1.6027010431126287
-1.6097246087426647
-1.616485531553845
-1.6516012823145907
-1.6579282882976059
-1.6436883348668139
-1.592198133472503
-1.6374864251723145
-1.641582173794025
-1.576677027838103
-1.5862339028296104
-1.6380648353039517
-1.677189857513127
-1.5805065217569674
-1.6713474923359415
-1.6388602345645513
-1.6515583395546942
-1.6164912138095637
-1.5962851100042563
-1.6747841707318922
-1.7075879157605096
-1.6774446318429002
-1.6124166889068314
-1.5706317963983523
-1.6668168057527852
-1.6770669602090365
-1.6961763084800827
-1.6425037273578078
-1.5804785021524272
-1.5675474189922387
-1.6480203844452643
-1.5641194050215697
-1.592480129486931
-1.6654971267615526
-1.637550792853797
-1.7485785493599204
-1.5429509693810917
-1.6401008708982339
-1.6056587955471593
-1.6792684393390687
-1.6283249267773032
-1.6376764083969706
-1.6866969315883567
-1.5297082022770097
-1.6585955308746907
-1.6586347126492118
-1.63839261948937
-1.7482531815854176
-1.6282963813069304
-1.677321367202559
-1.6324921362412939
-1.6351303814623286
-1.6326202044296814
-1.6045286905350542
-1.8192550869607356
-1.6379975172462093
-1.6753575862070753
-1.6283615300412002
-1.8508816108325394
-1.621433299069024
-1.6374627949269236
-1.7628869851071638
-1.7776924273842742
-1.7062172695164342
-1.6037068329466
-1.646730595431257
-1.6888941523412035
-1.609691438554909
-1.6372417922025684
-1.694614474583176
-1.5856494692339713
-1.6364705066033685
-1.6424336872691667
-1.6074033280295033
-1.5975319787736488
-1.637687202190289
-1.7098711326045424
-1.6597910003764378
-1.6234924738938488
-1.701020053913402
-1.6980832468008757
-1.6562382177379282
-1.6271835778509522
-1.8520216514806689
-1.6381736360995118
-1.7935141373497543
-1.7105835370719236
-1.7185354764258727
-1.8520216514806689
-1.7864502520116203
-1.6480198916555047
-1.7274996956852169
-1.8512062153557745
-1.6375577077117967
-1.86714048140694
-1.7859304923846544
-1.5767988050879327
-1.7061521734154919
-1.6581973836100719
-1.3611268485687775
-1.6887455918981584
-1.7242189710908478
-1.8031932711449608
-1.7877388572959458
-1.39761918064579
-1.6375585076542438
-1.684461918114183
-1.7401751898529314
-1.7997670183971848
-1.3985755957650639
-1.6379776793026108
-1.3719758849156585
-1.7150929482186723
-1.852142006260666
-1.6360997674460627
-1.867928276649445
-1.8675343790281924
-1.8022084397193585
-1.8675475249306697
-1.8675343790281924
-1.6284181255324475
-1.9084578711354652
-1.6393000493083245
-1.8668802282797596
-1.633352082457401
-1.805805496663615
-1.7646483154954944
-1.907643366506007
-1.7081963852946884
-1.6665264726336246
-1.6971024599095248
-1.6591079227697725
-1.8675812952546509
-1.5515943282773972
-0.9770269602447412
-0.9770187479385071
-1.9087997543474264
-1.909090663530625
-1.636588230803335
-1.9076392758114187
-1.7832018068106787
-1.8675557295745273
-1.9087997543474264
-1.8675557295745273
-1.4428132234481614
-1.5362652478829915
-1.6070384097845507
-1.674004356377641
-1.8262690037089584
-1.6565922616429996
-1.7039607549921296
-1.907930184994617
-1.9076392758114187
-1.9076515788122412
-1.695464773880095
-1.6435461304233636
-1.907930184994617
-1.9079358866305158
-1.6070687129051582
-1.915751718750157
-1.8649219688916854
-1.6950367461319176
-1.9141927273788166
-1.607333280578644
-1.7040173875467532
-1.615060493673085
-1.908794052711528
-1.7068133764728903
-1.725597882496682
-1.449749753361054
-1.611962730256678
-1.9142314330864985
-1.6090000577360128
-1.6547644476326242
-1.6375589798245098
-1.9025372119632267
-1.4030508593848623
-1.4030121536771805
-1.832535566264508
-1.868393238614975
-1.646273639556326
-1.660065189826209
-1.9141927273788166
-1.9126724417151584
-1.914243736087321
-1.8711810034823604
-1.6313292235879038
-1.9142314330864985
-1.9142314330864985
-1.915751718750157
-1.6420087315584542
-1.9076392758114187
-1.4827325856152522
-1.7132456957317457
-1.6354754324919
-1.9076515788122412
-1.6586986473430256
-1.9141927273788166
-1.6772661735436016
-1.915713013042475
-1.6317839264809058
-1.6300020986477315
-1.5959334365129274
-1.9157904244578385
-1.9157904244578385
-1.9126724417151584
-1.7135763106570248
-1.641608021707295
-1.6283590444231408
-1.6377021861830792
-1.8028560589182252
-1.6445100650796167
-1.8277883136139372
-1.8146612448850674
-1.6302566218967933
-1.5978750284745256
-1.68020613086727
-1.68032552322346
-1.78235157866366
-1.618599600573058
-1.9094833043562454
-1.6785541739462229
-1.7370861738324814
-1.6445494642581557
-1.6402871798655316
-1.651800644715904
-1.6376625943594738
-1.9157904244578385
-1.6286136950071144
-1.907930184994617
-1.6874084242575418
-1.915751718750157
-1.7577570153206437
-1.915713013042475
-1.8598308282342686
-1.9142824417950026
-1.5925565459074136
-1.677032016180774
-1.6597065989854922
-1.7572349824881144
-1.9088848905989828
-1.6655341736436737
-1.8720778822611759
-1.6879032822588975
-1.6868306387546173
-1.6076626791110629
-1.67118604611658
-1.7434109768621937
-1.9142824417950026
-1.9142824417950026
-1.6169070368546001
-1.6643046003277777
-1.9157904244578385
-1.5284624016254167
-1.638841483345372
-1.9157904244578385
-1.547666464529573
-1.909120855767395
-1.5984585715761694
-1.6317560605135568
-1.9127234504236628
-1.7436356908972512
-1.676152744994845
-1.6596663390403665
-1.914243736087321
-1.6376353504833205
-1.598394612065193
-1.6570096480421044
-1.915713013042475
-1.6377584387326292
-1.677049608020215
-1.7385808738933388
-1.4579468865547531
-1.6379267125044112
-1.538745487994945
-1.598382346625888
-1.9142314330864985
-1.6771079077634268
-1.6377586555680306
-1.627402129791386
-1.5366528250861333
-1.7289018494564345
-1.6712907230433869
-1.6775215442945839
-1.739312125984025
-1.6584202507122892
-1.9157904244578385
-1.6772383471498968
-1.2135048064402314
-1.9142824417950026
-1.5111945287821849
-1.6876696821532262
-1.6600264841185273
-1.6769369786572468
-1.6399449290252917
-1.722890154277907
-1.5462712644823853
-1.6386144119488781
-1.6377516328336776
-1.4379106511441229
-1.9025286984923153
-1.5932847092269187
-1.6446306045675565
-1.7579646401532885
-1.7534341046860435
-1.6513825198009817
-1.4570079587404912
-1.6557565481744112
-1.593245867246311
-1.5853210177685397
-1.642599532840968
-1.9095688971607856
-1.597865324576654
-1.705947430782566
-1.596647724432449
-1.6601142538680898
-1.6490833424190807
-1.6374543347168624
-1.525945744182531
-1.687145916640144
-1.4495404773781198
-1.9157904244578385
-1.6033856111748641
-1.9157904244578385
-1.9024173053102706
-1.5925825114999412
-1.6730617977600106
-1.8497109939387397
