-1.7694001959301087
-1.646716184217702
-1.644246795448837
-1.6248866287012271
-1.642896186056361
-1.651387736410328
-1.6134273735287026
-1.6374994159738456
-1.6173408943194043
-1.6430471324579974
-1.6376033806163273
-1.6274839398052705
-1.6154759255082807
-1.6429348793590461
-1.6148549433006987
-1.6426541439031697
-1.6987904268832437
-1.6468231606893904
-1.7388952738463863
-1.6442267258694292
-1.5978727372525374
-1.6390701090915467
-1.5354284864098806
-1.6543825036737603
-1.5784290681228108
-1.7209143891685852
-1.6207502195900645
-1.657695322980064
-1.6361175140709014
-1.638414415981519
-1.6838360585440886
-1.5389940877459607
-1.5136198611058123
-1.5912974367690191
-1.6180603746940396
-1.6042056154728126
-1.5811923741111455
-1.636051408501375
-1.6429639320778593
-1.6602676744575269
-1.603962377808926
-1.6207529343150413
-1.637425973560132
-1.6487997673763521
-1.5904482566882026
-1.6656226677045742
-1.6233278072740065
-1.6429649177535617
-1.6771379499255448
-1.6215735490403413
-1.592701439833208
-1.6337205928521499
-1.6718450544420667
-1.6594835815453075
-1.5542796393306333
-1.6680933997740186
-1.699196072355801
-1.657777671166195
-1.613157008925527
-1.4445018797729012
-1.6309264578795264
-1.6375034827910397
-1.6358989942843485
-1.7082910384833423
-1.6429723472421194
-1.5925485752820547
-1.6263305717702168
-1.65644829255917
-1.527288030509363
-1.6756544320564657
-1.611607003861426
-1.6358658087866793
-1.4623724326997274
-1.5695598348473092
-1.637581596331723
-1.6140659410229206
-1.6249570727745382
-1.5811885541128485
-1.6828792269724349
-1.6562707879712941
-1.6300190458668702
-1.5810846607344544
-1.6323807983714569
-1.6250155380522902
-1.6374958595081917
-1.6241002372267035
-1.6793154749618386
-1.6990742050532504
-1.6458375593382835
-1.6388100345284302
-1.6577774933916856
-1.637619215123911
-1.6389173761587215
-1.6959773670675622
-1.644307620161612
-1.6309161694126115
-1.6207974962034406
-1.564073128238329
-1.6728421762924168
-1.679603753522731
-1.7172634290144155
-1.6542365669291863
-1.634890216166268
-1.6390429836014686
-1.705634614636753
-1.657776548773251
-1.6113737525595044
-1.632165372810567
-1.6825993670959152
-1.6375861482528216
-1.6641954790013358
-1.6627848654696706
-1.6119253170018597
-1.6346074554414285
-1.620820157952998
-1.6573067413125677
-1.6375590685945047
-1.637572075156496
-1.6600027034526699
-1.6457274304591842
-1.6770985848881577
-1.6707616623275927
-1.6610805923817864
-1.601425515275892
-1.671546810105388
-1.620748633753986
-1.6684118573604148
-1.6376576178174627
-1.6136499052186535
-1.6390722928208392
-1.6824980514019736
-1.6257896364226663
-1.630059991183844
-1.6755403441767285
-1.6227543798443724
-1.605874101331342
-1.6375682170033579
-1.6376234115434705
-1.719941324562768
-1.6195823493654649
-1.6443933552997616
-1.610714671073814
-1.610646105156126
-1.6928470039449555
-1.6423534531566109
-1.6375611728166541
-1.6433875841815704
-1.6575245488868986
-1.5925576010378868
-1.6095492474318607
-1.6375158064260504
-1.6795234102622976
-1.650938634404722
-1.6721341337872748
-1.4462371128850477
-1.5222137846717843
-1.6704780058922155
-1.627444272134679
-1.657134265987303
-1.701757443321431
-1.6963268250676338
-1.628340031974056
-1.6299476694150479
-1.6376133365249634
-1.6375810642743334
-1.7200727938702116
-1.6375818193849285
-1.606562024516718
-1.6502462760169925
-1.6521977567575357
-1.592556993263166
-1.6874657221017844
-1.6770909031836445
-1.632636232402589
-1.538030486649364
-1.5659130078938004
-1.6718022694066295
-1.6541175033095237
-1.6771421841720189
-1.6375106528241508
-1.553818018896962
-1.7443167113880529
-1.6503561575423462
-1.629972373648188
-1.6390387744409898
-1.5545946783380185
-1.620675323611906
-1.6861186906147974
-1.5979398633883788
-1.5926777430738688
-1.6577253788894248
-1.6648141790623767
-1.664428640348528
-1.6250095761394214
-1.5248658525378178
-1.6442324744785441
-1.6745337268853007
-1.6827590141564994
-1.6477180716972253
-1.593245852695511
-1.6419151661257918
-1.6515550101945948
-1.6173519426415393
-1.622662518881691
-1.670554084814396
-1.6523543412211867
-1.6413157309838864
-1.6505401609396597
-1.7548835235831128
-1.5775814545376718
-1.6436906284971236
-1.7038099713571295
-1.6325910657001015
-1.6837787702474993
-1.7144698044559723
-1.6443574693094654
-1.6191635663828448
-1.6104542765369834
-1.677756696700507
-1.6975464329433685
-1.6836391233953532
-1.6308551160205094
-1.6987667402530429
-1.6375471507724562
-1.6359037347503924
-1.630015204689525
-1.6899363878019817
-1.6909194871396678
-1.6544096218884359
-1.6390140005156113
-1.6681673218962934
-1.6389887741096891
-1.6843084873781637
-1.6358957239782268
-1.6162557093054617
-1.6148489784526836
-1.5034514148746672
-1.7004862738503608
-1.7041483973049831
-1.5437963223634132
-1.5886261104132569
-1.6392655783249923
-1.6360614119107932
-1.6180922682284007
-1.597943840199791
-1.5940463393394224
-1.680852725525734
-1.6249516645347675
-1.6873180760266924
-1.6121487222176252
-1.6486836406643133
-1.6797440504382193
-2.0921993568756143
-1.766224605888865
-1.630890768497582
-1.6530763326655338
-1.5745269767734862
-1.734997456780976
-1.6866035579065337
-1.9456058588007203
-1.5358650313339857
-2.0921993568756143
-1.6091709221343826
-1.6159755531758528
-1.6575873304159674
-1.6911699241066196
-1.9307997764028622
-1.7399685846650403
-1.6234378557559297
-1.637581596331723
-1.7054185798444297
-1.6451421913122088
-1.8892044927930876
-1.6775941252115447
-1.2798264219170272
-1.654410874399105
-1.6883604634814797
-2.0921993568756143
-2.0921993568756143
-1.8561219504444952
-2.0921993568756143
-1.636277148708464
-1.596231702843704
-2.1041633744134955
-1.9307997764028615
-1.6048536665553161
-1.301133650380941
-1.620705366185811
-1.7967547543624647
-1.434626111504447
-1.6621017096648816
-1.5977664064903512
-1.5541851795448829
-2.0921993568756143
-2.1041633744134955
-2.1041633744134955
-2.1041633744134955
-1.9950271936364943
-1.8379033306142052
-1.679883858895384
-1.829668392958808
-2.024884495556468
-1.8268231722640202
-2.1041633744134955
-2.1268695406808744
-1.5246431939511185
-2.1268695406808744
-2.151400465454768
-2.095182658618733
-1.7034737811985576
-1.6406065569708181
-2.019724923985425
-1.5599004090768318
-1.878621530593804
-2.1268695406808744
-2.151400465454768
-1.6376120328020765
-2.1513863111990714
-2.022553177534779
-1.8644793929874164
-1.667192356094808
-2.151400465454768
-1.6519436402253387
-2.151400465454768
-2.2288543598575736
-2.1495757069482524
-1.9591714646609255
-2.1814642827128825
-1.67213387710681
-1.8669784167904109
-1.814642239230036
-1.5808934940299184
-1.6376194225787066
-2.2288543598575736
-2.2844456123888452
-1.9808823203014896
-2.1268693147331663
-1.729485560910105
-2.2844456123888452
-1.632194425812031
-1.6167182854077224
-1.7275906215933179
-2.2844456123888452
-2.284562450390094
-1.7518348720001349
-1.671090416407024
-2.0644219071392067
-2.138443979586838
-2.1926994374526876
-2.2844456123888452
-1.9225851586472134
-2.102314370297399
-2.284562450390094
-1.6451626385826934
-1.6546110807634258
-2.284562450390094
-2.0382635714730215
-2.2844456123888452
-2.284562450390094
-2.110885245287344
-2.284562450390094
-1.9852220149660285
-1.7189187495329918
-2.284562450390094
-1.9851391906942233
-2.284562450390094
-1.6890889722961926
-2.3876201574689846
-1.8800419855928079
-1.644304026057644
-2.3876201574689846
-2.048174657948559
-1.5929105746145262
-2.2679487400885163
-1.6966263711455396
-1.6401440242929985
-1.6758614057501666
-1.6450229484554713
-1.6401998751233626
-2.3876201574689846
-1.5344540532039672
-2.2179327500513564
-1.5107681183829302
-2.276210629661864
-1.549669579084243
-2.3876201574689846
-1.3538609021021564
-1.6849260284554601
-1.5685263782390435
-1.945605632719386
-2.1846557642392233
-1.9881529274338534
-2.284856296448684
-1.852556998929832
-1.5460805032270928
-2.0211746902416925
-2.3876201574689846
-2.237200590432296
-1.954277587791692
-1.6375493741289442
-2.16206550233212
-2.3876201574689846
-2.163945689188142
-2.0351716389598336
-1.6502302816790695
-2.068215125083129
-2.3876201574689846
-2.7994901874522298
-1.6305111762462892
-1.570938982734439
-1.6948411330397775
-2.3574253473754245
-1.4199109237890604
-1.773090042846379
-1.7696584861299347
-1.5836956636269286
-1.6718736788380753
-1.663994229330315
-1.5765622255261191
-2.0682619927296595
-2.3574253473754245
-2.7994901874522298
-1.7882903804236365
-1.6389478574922571
-1.6404275200450433
-1.7747051736425434
-1.6042988604863888
-2.4376142443850664
-2.3722742694743
-2.4517333519491333
-2.086212534204307
-2.187876341216939
-2.7994901874522298
-1.5588947039888894
-1.9097047874879938
-1.5923282055471888
-1.9758507581401528
-2.3876704727961915
-1.6360631989158543
-1.7261042605774728
-1.6444021731762426
-2.322138104312353
-2.430137935791668
-2.0898574088819704
-2.7994901874522298
-1.5210739476993211
-1.5449212442484295
-0.9229732995227455
-2.068262088276863
-1.6569218299741975
-2.3574253473754245
-2.7994901874522298
-1.9186210272138795
-2.2275268195255147
-2.7994901874522298
-1.792115822520509
-2.4806958589758024
-1.945605633096469
-1.9454818906054014
-2.060785684131106
-2.3058132723782765
-1.9454818906054014
-1.7747323964279682
-2.060785684131106
-1.8502578288125484
-2.006442817250935
-1.4231970272026078
-2.7994901874522298
-1.6301003515994288
-2.451919911176896
-2.0682619927348145
-2.4376142443850664
-2.110649836835369
-2.1113436073274188
-1.711952203048741
-2.222073923041407
-1.9153605072986193
-2.7994901874522298
-2.7994901874522298
-1.677069707576273
-1.6645795875546732
-2.7994901874522298
-1.6619150447402742
-1.5416697334766858
-2.104349634901561
-2.7994901874522298
-1.6406777186630608
-1.7172314886297593
-1.5075146665403416
-2.7994901874522298
-1.6428805454743807
-2.4376142443850664
-2.4367042249963995
-1.4231970272026078
-1.9758507581401528
-2.3722742694743
-2.1039765164460373
-1.598360940772388
-1.4754336706053715
-2.1113436073274188
