-0.6000228672315963
-0.6000228672315963
-0.5997123261851727
-0.5997123261851727
-0.5998676012743231
-0.5997123261851727
-0.5998676012743231
-0.9331636624068191
-0.9331636624068191
-0.5997123261851727
-0.5997123261851727
-0.5998676012743231
-0.5997123261851727
-0.5998676012743231
-0.5998676012743231
-0.5997123261851727
-0.599557051096022
-0.5998676012743231
-0.5997123261851727
-0.5997123170532952
-0.5997123261851727
-0.5997123261851727
-0.9331636624068191
-0.599557051096022
-0.5997123261851727
-0.5997123353170499
-0.5997123261851727
-0.5995570510960222
-0.5997123261851727
-0.9331636715386966
-0.5997123261851727
-0.5997123353170499
-0.9331636624068191
-0.5997123261851727
-0.26626098996352615
-0.5997123261851727
-0.5997123261851727
-0.5997123261851727
-0.9331636624068191
-0.5995570510960222
-0.5997123261851727
-0.599557051096022
-0.5997123261851727
-0.5997123261851727
-0.5997123261851727
-0.5997123261851727
-0.5997123261851727
-0.599401766874994
-0.5997123353170499
-0.5997123261851727
-0.5997123261851727
-0.5997123353170501
-0.5997123261851727
-0.59971233531705
-0.9331636624068191
-0.5997123261851727
-0.5998676012743231
-0.5998676012743231
-0.599557051096022
-0.26626098996352615
-0.5997123261851727
-0.5997123261851727
-0.59971233531705
-0.26626098996352615
-0.5998676012743231
-0.5997123261851727
-0.2662609808316487
-0.5995570510960222
-0.9331636624068191
-0.5998676012743231
-0.9331636532749417
-0.5997123261851727
-0.599401766874994
-0.5997123261851727
-0.5998676012743231
-0.5998676012743231
-0.5995570510960222
-0.5995570510960222
-0.5997123261851727
-0.5998676012743231
-0.5998676012743231
-0.5997123261851727
-0.5998676012743231
-0.26626098996352615
-0.5998676012743231
-0.5998676012743231
-0.5997123261851727
-0.5997123170532952
-0.5997123261851727
-0.5997123261851727
-0.5997123261851727
-0.5997123261851727
-0.26626098996352615
-0.26626098996352615
-0.26626098996352615
-0.599557051096022
-0.9331636624068191
-0.5995570510960222
-0.5997123261851727
-0.5997123261851727
-0.5997123261851727
-0.5998676012743231
-0.5997123170532952
-0.5995570510960222
-0.2662609808316487
-0.2662609808316487
-0.5997123353170499
-0.9331636624068191
-0.5997123261851727
-0.5995570510960222
-0.599557051096022
-0.9331636715386966
-0.5998676012743231
-0.2662609808316487
-0.5998676012743231
-0.5997123261851727
-0.59971233531705
-0.5997123261851727
-0.26626098996352615
-0.26626098996352615
-0.599557051096022
-0.5998676012743231
-0.5995570510960222
-0.5997123261851727
-0.26626098996352615
-0.5997123261851727
-0.6000228672315963
-0.26626098996352615
-0.5997123261851727
-0.5998676012743231
-0.5998676012743231
-0.26626098996352615
-0.5995570510960222
-0.26626098996352615
-0.5998676012743231
-0.5998676012743231
-0.26626098996352615
-0.5997123261851727
-0.5997123261851727
-0.5997123353170499
-0.59971233531705
-0.5998676012743231
-0.26626098996352615
-0.5998676012743231
-0.9331636532749417
-0.6000228672315963
-0.5997123261851727
-0.5997123261851727
-0.5998676012743231
-0.5997123261851727
-0.5997123261851727
-0.5998676012743231
-0.599557051096022
-0.5998676012743231
-0.5997123261851727
-0.5995570510960222
-0.5997123261851727
-0.59971233531705
-0.9331636624068191
-0.5995570510960222
-0.5997123353170501
-0.5997123261851727
-0.5997123261851727
-0.5997123261851727
-0.5997123170532952
-0.9331636532749417
-0.5997123261851727
-0.5997123261851727
-0.599557051096022
-0.599401766874994
-0.5997123261851727
-0.5997123261851727
-0.5997123261851727
-0.5997123170532952
-0.5998676012743231
-0.5997123261851727
-0.5997123261851727
-0.5998676012743231
-0.5997123261851727
-0.5998676012743231
-0.5997123261851727
-0.26626098996352615
-0.599557051096022
-0.5995570510960222
-0.5997123261851727
-0.5997123261851727
-0.5998676012743231
-0.5997123261851727
-0.5997123261851727
-0.5997123261851727
-0.5997123353170499
-0.599557051096022
-0.5998676012743231
-0.5997123261851727
-0.5997123261851727
-0.9331636715386966
-0.5997123261851727
-0.5997123261851727
-0.59971233531705
-0.26626098996352615
-0.5998676012743231
-0.9331636624068191
-0.5997123261851727
-0.5998676012743231
-0.5997123261851727
-0.5997123261851727
-0.9331636624068191
-0.5997123261851727
-0.9331636532749417
-0.9331636715386966
-0.5997123261851727
-0.26626098996352615
-0.5997123261851727
-0.5997123261851727
-0.5997123353170501
-0.9331636624068191
-0.5995570510960222
-0.2662609990954036
-0.9331636624068191
-0.59971233531705
-0.6000228672315963
-0.5998676012743231
-0.599557051096022
-0.5997123170532952
-0.26626098996352615
-0.5997123261851727
-0.5997123261851727
-0.5997123261851727
-0.5997123170532952
-0.5997123261851727
-0.599557051096022
-0.5997123261851727
-0.9331636624068191
-0.5997123261851727
-0.5995570510960222
-0.5997123261851727
-0.5997123261851727
-0.5998676012743231
-0.599557051096022
-0.5997123261851727
-0.2662609990954036
-0.5997123261851727
-0.6000228672315963
-0.5995570510960222
-0.2662609808316487
-0.9331636624068191
-0.9331636624068191
-0.5997123261851727
-0.5997123261851727
-0.5998676012743231
-0.5998676012743231
-0.5997123261851727
-0.9331636715386966
-0.5997123353170501
-0.5997123261851727
-0.5997123261851727
-0.5997123261851727
-0.26626098996352615
-0.5997123261851727
-0.599557051096022
-0.9331636624068191
-0.599557051096022
-0.5997123261851727
-0.5997123261851727
-0.5997123261851727
-0.5998676012743231
-0.5997123261851727
-0.5998676012743231
-0.5997123261851727
-0.9331636624068191
-0.599557051096022
-0.9331636624068191
-0.59971233531705
-0.5997123353170501
-0.5997123261851727
-0.5997123261851727
-0.5997123261851727
-0.5997123261851727
-0.5997123261851727
-0.5997123261851727
-0.5997123261851727
-0.9331636624068191
-0.5997123170532952
-0.9331636624068191
-0.5997123170532952
-0.9331636715386966
-0.5995570510960222
-0.5997123261851727
-0.5997123261851727
-0.5995570510960222
-0.5997123261851727
-0.5997123261851727
-0.9331636715386966
-0.5997123261851727
-0.26626098996352615
-0.5998676012743231
-0.2662609808316487
-0.5997123261851727
-0.5997123261851727
-0.5997123261851727
-0.5997123261851727
-0.5997123261851727
-0.5997123170532952
-0.5997123261851727
-0.5997123261851727
-0.5997123261851727
-0.5997123261851727
-0.5997123261851727
-0.5997123261851727
-0.5995570510960222
-0.5997123353170501
-0.5997123261851727
-0.9331636624068191
-0.5997123261851727
-0.5997123170532952
-0.9331636624068191
-0.5998676012743231
-0.9331636624068191
-0.9331636624068191
-0.9331636624068191
-0.26626098996352615
-0.9331636532749417
-0.26626098996352615
-0.26626098996352615
-0.9331636715386966
-0.5997123261851727
-0.9331636624068191
-0.5997123261851727
-0.5997123261851727
-0.5997123353170501
-0.5997123261851727
-0.9331636624068191
-0.9331636624068191
-0.5998676012743231
-0.5997123261851727
-0.26626098996352615
-0.5997123261851727
-0.26626098996352615
-0.5997123261851727
-0.599557051096022
-0.2662609990954036
-0.5997123170532952
-0.9331636624068191
-0.599401766874994
-0.26626098996352615
-0.5998676012743231
-0.26626098996352615
-0.2662609808316487
-0.5997123261851727
-0.5997123261851727
-0.5995570510960222
-0.5998676012743231
-0.26626098996352615
-0.5997123170532952
-0.9331636532749417
-0.26626098996352615
-0.5997123261851727
-0.5997123170532952
-0.5997123261851727
-0.9331636624068191
-0.9331636532749417
-0.9331636624068191
-0.5995570510960222
-0.5997123261851727
-0.5997123261851727
-0.5998676012743231
-0.5997123170532952
-0.5997123261851727
-0.9331636624068191
-0.5998676012743231
-0.9331636624068191
-0.5997123261851727
-0.5997123261851727
-0.9331636715386966
-0.599557051096022
-0.5997123261851727
-0.599401766874994
-0.9331636532749417
-0.5998676012743231
-0.9331636715386966
-0.5998676012743231
-0.9331636624068191
-0.5997123261851727
-0.5997123261851727
-0.9331636624068191
-0.2662609808316487
-0.9331636715386966
-0.5998676012743231
-0.9331636715386966
-0.5997123353170501
-0.5997123353170501
-0.5997123261851727
-0.5997123261851727
-0.599557051096022
-0.26626098996352615
-0.5997123261851727
-0.5997123261851727
-0.5998676012743231
-0.9331636715386966
-0.5997123261851727
-0.9331636624068191
-0.9331636532749417
-0.9331636624068191
-0.9331636624068191
-0.9331636532749417
-0.9331636624068191
-0.5997123353170501
-0.5997123261851727
-0.5997123261851727
-0.9331636624068191
-0.9331636532749417
-0.6000228672315963
-0.9331636624068191
-0.5998676012743231
-0.5997123261851727
-0.5997123170532952
-0.5997123261851727
-0.9331636624068191
-0.5997123170532952
-0.5997123261851727
-0.9331636532749417
-0.9331636624068191
-0.9331636624068191
-0.5998676012743231
-0.5997123261851727
-0.5997123353170501
-0.5995570510960222
-0.2662609808316487
-0.5997123261851727
-0.9331636624068191
-0.5997123261851727
-0.9331636624068191
-0.5997123353170501
-0.9331636715386966
-0.5997123353170501
-0.9331636624068191
-0.5997123353170501
-0.9331636624068191
-0.26626098996352615
-0.9331636624068191
-0.9331636624068191
-0.5997123261851727
-0.9331636624068191
-0.5997123261851727
-0.9331636624068191
-0.26626098996352615
-0.5998676012743231
-0.5997123353170501
-0.26626098996352615
-0.9331636624068191
-0.5997123261851727
-0.5998676012743231
-0.599557051096022
-0.6000228672315963
-0.9331636624068191
-0.9331636624068191
-0.9331636624068191
-0.5997123261851727
-0.9331636624068191
-0.5997123261851727
-0.9331636624068191
-0.9331636715386966
-0.9331636715386966
-0.2662609990954036
-0.5997123261851727
-0.599557051096022
-0.9331636715386966
-0.9331636624068191
-0.26626098996352615
-0.26626098996352615
-0.5997123261851727
-0.9331636532749417
-0.5997123261851727
-0.5997123261851727
-0.5997123261851727
-0.9331636624068191
-0.9331636715386966
-0.599557051096022
-0.5997123261851727
-0.9331636624068191
-0.5997123261851727
-0.9331636624068191
-0.5995570510960222
-0.26626098996352615
-0.5995570510960222
-0.9331636624068191
-0.5997123261851727
-0.5995570510960222
-0.5997123261851727
-0.5997123261851727
-0.5997123261851727
-0.9331636624068191
-0.5997123261851727
-0.5997123261851727
-0.9331636624068191
-0.2662609990954036
-0.9331636624068191
-0.9331636624068191
-0.5997123261851727
-0.9331636624068191
