-5.190086905371367
-4.5519831108498945
-5.44739611883149
-3.462037097428664
-4.394186575303407
-4.51546048272178
-4.4282093881191855
-3.3903990602583347
-4.538472829175757
-4.216719301488781
-4.445953329949371
-4.4379629320526615
-4.590127538161579
-4.345985182299679
-4.481687300713057
-4.366211843271134
-4.52620076421784
-4.435850262234193
-3.3995229624589887
-4.523498405035777
-4.369695545840548
-4.5325757137797185
-4.623284989490563
-4.530934430819502
-5.455295651414088
-3.4500737443520846
-4.0444017124296865
-4.201026571324781
-5.547415886059056
-4.285514375110198
-3.639916999530826
-4.427544872095982
-3.3041562877777073
-4.529344743869078
-4.312182933344797
-4.460327754588241
-3.6160428318039566
-4.454586968881507
-1.9663861450242313
-4.529344743869078
-4.385145092088415
-3.2917433130774323
-4.544404720349235
-4.416151025878731
-5.363636460775048
-4.449943077180637
-3.2497378710232487
-4.37254620156142
-4.449131819748941
-4.327342675297034
-5.4056940477206945
-4.561058861080114
-4.194501735751667
-4.243349205360622
-4.618694933966385
-4.39260396435865
-3.337157197493265
-4.280818677295521
-4.456123727942998
-5.462209676823974
-4.466482771206408
-4.167207317384773
-4.3561016607030645
-4.1948778526323345
-4.030961871297915
-5.4296601993837275
-4.435515054632239
-4.4045796901507615
-4.438010322037057
-4.455255884058927
-5.67254510891917
-4.32831278244054
-4.379817494157501
-4.287231701425125
-4.482708308644748
-5.403601675618813
-4.249388914561408
-4.486967044308304
-4.498383366195186
-4.529761616510403
-4.3774126490976695
-4.426436666634491
-4.153855372622739
-4.561846251773067
-4.301922433225391
-4.42798484853268
-4.383647513513202
-4.372570618820859
-4.393166378442266
-4.383059823330726
-4.404778549654924
-4.438082107819657
-4.434793122016047
-4.567899566442491
-4.163817424337688
-4.380232305954668
-4.404408295688369
-4.432031884469802
-4.4690484801616615
-4.426861864368483
-5.366179575886144
-4.368111541998419
-4.221976344173499
-4.4916497612617325
-4.6227935504439355
-5.370640107709289
-3.4034562464572935
-4.623546007334602
-4.4266170855216895
-4.304502749408265
-4.402268054447927
-5.193905087360783
-4.457572036220161
-4.420365237713818
-4.858962544616017
-4.4309405486652516
-4.431809483083661
-4.254353433154204
-4.269892676706507
-4.336652969721128
-4.431687506494408
-4.265717403551922
-4.546153874382508
-4.509870895968382
-5.368567123608882
-4.166624238110565
-4.828041312485181
-4.3983481420301995
-4.271765559022718
-4.533279535593377
-4.485660222618605
-4.134998803441582
-4.305679125797435
-4.474142205775988
-4.412848383566679
-4.385255888164897
-4.3319326879454945
-4.302790829995172
-4.2924409863612745
-4.650179353644712
-4.561033195295512
-3.566946756372853
-4.486411314433616
-4.353184198633619
-4.3934991325918995
-4.581163760214829
-4.549551810865369
-4.153415037019478
-4.322317204866954
-4.614996226790924
-4.199460032746908
-4.680081930646762
-4.404822108028739
-4.35044980510632
-4.5682066270845745
-4.329124164952942
-4.394743231433657
-4.425817111914557
-5.177019473181201
-4.217755109880157
-4.37039921905489
-4.432342410941231
-4.294607193782613
-4.692083504835716
-4.394743231433657
-5.352116447203816
-4.397181097774915
-4.368141246546715
-4.179925314105001
-4.129044810331312
-4.407990241172605
-4.529344743869078
-4.438447627278935
-4.343103392458283
-4.39080805629245
-3.4850727168088005
-4.328099187249572
-4.63016893203176
-4.404762244093401
-4.351474582374272
-4.5350828754783725
-4.411201763117759
-4.542730766171573
-4.421099286138829
-4.6129664788093905
-4.3535938910034
-4.600505899197253
-4.464507178543651
-5.394020471369032
-4.417465134609387
-4.425963322708519
-4.306476391365487
-4.34942085060027
-4.394457146972572
-4.570722921177372
-4.392203459656501
-4.518660017031034
-4.449762196592472
-4.205682654963119
-5.206557052647307
-4.34338272606615
-4.403592918085456
-4.737851508018874
-5.52448119317668
-4.487636718917761
-4.827186658373564
-4.330782573897816
-4.361076839100495
-4.220734431998011
-4.30107970396213
-4.516466525630958
-3.920082626675978
-4.190306723528548
-4.394600982250127
-3.4261444111095707
-4.52987695818708
-4.3180038161989875
-4.42446482104419
-4.432134748273574
-3.2792656298774068
-4.547103407870625
-4.4013248331845265
-5.6585437991849545
-3.2982902083399064
-4.537065434219459
-4.57181281903975
-4.738492275324291
-4.352082024962847
-4.3898144395710945
-4.426029873103924
-4.264460660582308
-4.629437733216321
-4.397406721964335
-4.346032217929599
-4.369225391500363
-4.393015485460961
-4.421240653036797
-4.397103206944795
-4.6063781781782005
-4.625553396743686
-4.477516457479879
-4.257929238529728
-5.066385515368517
-4.660464214991329
-4.391782956667072
-4.399461407172698
-4.394743231433657
-3.539887712365312
-4.559125441155078
-4.994889343619101
-4.226313134991212
-4.411424703018364
-4.573942515633515
-4.365667075293804
-5.455295651414088
-4.487441542599828
-4.416940261305895
-5.452008818139841
-4.391543194991862
-3.358235769584664
-5.882663993835131
-4.264208813964131
-4.367665374848992
-4.589238872256505
-4.35311411683047
-4.380934438207553
-5.157073158606229
-5.588981816036259
-4.786814516213502
-4.230551900036589
-4.294981235712198
-3.5588279086357266
-5.588981816036259
-4.53253113939588
-4.371338901699698
-4.362001281679718
-5.662629308075294
-5.926592357791261
-5.742027951525078
-5.731765211039696
-5.644336150858416
-5.050119635992685
-5.411094791160335
-5.722538060843376
-6.117787704860154
-5.686317440774147
-5.46650152211444
-5.588981816036259
-5.074931761586122
-5.448291946101484
-5.737142879035965
-4.867319341115174
-5.584158480550466
-5.51559897465808
-5.08242961681407
-5.8026169286641265
-5.626888692686668
-5.893571774163826
-5.403050420309107
-6.117787704860154
-5.000453355798214
-5.003343830748366
-5.960912336122001
-4.721561852306442
-5.04524521886986
-5.7306476543687594
-6.017089804428879
-6.018696041318677
-5.399015340011553
-6.045151151285166
-4.260141718998236
-5.5914940587186335
-4.861854758795244
-4.90968224019263
-5.350960266167013
-5.397639892435656
-5.7254283041573055
-6.3942020921511675
-5.417380239426751
-5.576933792087072
-6.394202092151167
-6.394202092151167
-5.357980371808443
-5.735127598037839
-4.4642229854925155
-4.59886956040946
-5.069233513784306
-5.164104893879822
-5.4220773568739355
-5.38074625113439
-5.9196043777771985
-4.695461548032166
-6.310826898492127
-5.503086900816213
-6.537986206791976
-4.26651959615995
-5.8541511500622985
-5.095471572158088
-6.145325215018708
-4.318669217426801
-5.147004047118102
-4.528641415228142
-5.3793619432013955
-4.304717142002465
-5.641189406972556
-5.383986470281509
-5.442122216649469
-5.1502468041088
-6.124373175740117
-6.32937606102956
-5.450163715110436
-6.460741578266642
-5.1755891164579895
-6.025658630485921
-5.008884097270975
-5.422637178257983
-6.452356618269317
-4.406257304650506
-6.460741578266642
-5.412942617011398
-4.138092850828833
-6.749221802347765
-6.447503021031027
-5.165442166658914
-6.724475211100072
-3.474739611797701
-3.3133295214640466
-5.544298207439415
-6.33498990921761
-6.699728619852379
-4.400480738797938
-6.724475211100072
-6.864883113426194
-5.662386047923583
-4.407600754394455
-5.416378512501332
-5.601430473424119
-6.496830174185373
-5.13645815359003
-6.523172785430111
-6.582792103822803
-4.414950788633666
-6.683894753607304
-5.403981952525903
-6.3811385960695945
-5.9937195017945335
-6.864883113426194
-6.083789998590248
-4.207102946122759
-6.350345503499073
-6.9306575470052465
-7.251044234165002
-5.747740940131216
-7.251044234165002
-6.42538385590835
-6.95426109771001
-5.2739207896285105
-6.258878059494862
-7.251044234165002
-5.0719103632060305
-6.902056139406536
-5.730433550365044
-6.996337361107505
-3.33114921015593
-4.3637814563251265
-7.235492835603134
-4.37030166515705
-4.244741762032693
-5.973441594995625
-6.779693439274897
-6.989674431505239
-4.234585486061312
-7.26800572924638
-6.737087409916507
-4.514183418264154
-4.441415209259849
-5.542652136168491
-6.126395509493788
-7.26800572924638
-6.120850723676107
-7.062573778533381
-6.794243717803731
-5.3128346079921815
-6.666268151096942
-6.304891604725787
-5.91092068329472
-5.37473043064143
-5.489452194840143
-5.943170440467293
-6.669978460761038
-6.604149808445141
-6.791691717696333
-6.250199355976914
-6.949948757019204
-7.284967224327758
-6.264834186932001
-6.645862433242405
-3.6461172090128846
-5.9853853843476745
-7.2815926704846525
-7.48358900157737
-7.251044234165002
-6.898806663393918
-6.246095778532764
-4.426121167741381
-7.304312192293295
-6.931952642886572
-5.802205119114833
-7.408842867007599
-6.288342963067652
-7.118155561889305
-6.381568811865907
-6.495310546495414
-6.280076872545903
-6.115819491716825
-3.8526787494773185
-6.563236637799516
-6.389527456737498
-4.450397197622095
-6.80581462932109
-6.368277852518891
-6.246095778532764
-6.689818720529493
-7.450443022084716
-6.326538960103537
-7.085568436408044
-7.592726513764064
-7.342715691549792
-7.571167146358276
-4.398470907114132
-5.5140564831489085
-6.260216651001601
-6.2435892412753
-6.363225154151449
-5.981255642558613
-7.198394758713633
-5.634254213276991
-5.344552319374675
-6.909421241375684
-7.4024688135391035
-7.251044234165002
-7.12376437144978
-6.153933860020503
-6.606140051369181
-6.634752341394864
-7.092912529735402
-7.038150232319504
-5.9810076649045225
-6.094873297224289
-6.204201308840997
-7.187969716499373
-4.11961795471619
-6.404681652571158
-7.098268955636826
-6.4754597089420365
-7.022046062630867
-7.396280658319387
-7.181781258715581
-7.434395269287162
-6.962438916798387
