-1.7695578469055813
-1.6785026141454553
-1.6375640740744966
-1.5773218259009965
-1.6506291226347534
-1.6688743747205503
-1.6621830840788654
-1.6113363843908362
-1.7243747112201568
-1.4674938370397126
-1.5819361302825032
-1.638332334052309
-1.6591819623216364
-1.6225322126855664
-1.603082251497114
-1.594427441433778
-1.606739310315934
-1.6493628410812096
-1.6573023841846792
-1.5428423150495756
-1.6439937840191212
-1.6247247228246184
-1.6835950933839756
-1.538362323201841
-1.628934143271398
-1.6367633244332127
-1.7224434747091122
-1.6697482267734616
-1.7094337263784274
-1.726843561519643
-1.6101070548383896
-1.67389282220637
-1.6925309383279958
-1.6773682571904152
-1.6376209236917856
-1.7073713184037462
-1.6514809104581536
-1.6462615884826204
-1.5953051630757014
-1.5904769400050558
-1.5678639425490761
-1.6274006330754895
-1.670056902407219
-1.6030001694277038
-1.6376057697240776
-1.6376794094783051
-1.652303500935863
-1.534609355110386
-1.6329129637293938
-1.577754011773814
-1.6275857729075724
-1.7018221683096533
-1.637201851134265
-1.6957415029993306
-1.6367978313824907
-1.6781033220301511
-1.6772155582889288
-1.5810726192984514
-1.5970005708622341
-1.5668034074463049
-1.6192362681838848
-1.6377108475671132
-1.6536246607624299
-1.6830760583898865
-1.7018200358704063
-1.6665354044857417
-1.5917833881811534
-1.6731893642205842
-1.7221699600211604
-1.5785257242026671
-1.6783722178057157
-1.6975867930824258
-1.6386762117115046
-1.6881158680779342
-1.6256905299511506
-1.653679660676564
-1.6385462990981465
-1.6437575259669497
-1.4634374787595734
-1.836866568393105
-1.6421817321680972
-1.6305287682416527
-1.6988354597617212
-1.6603450273339502
-1.5667162537543178
-1.4943542736618007
-1.656527892934708
-1.6539438583091792
-1.6310505258235943
-1.6035520263304808
-1.6106844377223646
-1.7182562864845727
-1.677426448710123
-1.5327280454149503
-1.6959316534921332
-1.6404244767360974
-1.676192809882548
-1.6641703088329896
-1.6263761391340539
-1.642260335366166
-1.620628834992222
-1.6466017191778966
-1.6301969682923647
-1.6367065595236687
-1.6723554858386351
-1.5258284100029733
-1.7034379435770837
-1.6947704892828193
-1.595891578396671
-1.7600800222274218
-1.5988329699926398
-1.7377977691395445
-1.575663927340329
-1.6438353116583222
-1.6393329584660847
-1.637535427867853
-1.6098890732165756
-1.5509274467191103
-1.6581824383848494
-1.6847486215852086
-1.756098505502323
-1.6726841864346744
-1.6046281236441713
-1.6655375463725888
-1.6365230437523675
-1.6391957273849265
-1.6381670269012334
-1.5389044172663713
-1.7100174647651674
-1.6476841538025684
-1.795047600791785
-1.6295408773876443
-1.6220699998895634
-1.6089492089263655
-1.6374897018035353
-1.6334844637256245
-1.6084351826070329
-1.6070852515722795
-1.6902999564476806
-1.6422021582904214
-1.6374220994787778
-1.6376680927985654
-1.6380035020684671
-1.6405477504479535
-1.6806430625579887
-1.728241083193847
-1.6373431063081592
-1.6769454718773051
-1.6595831099837006
-1.7311121369924454
-1.5964760967523892
-1.6072852165401588
-1.5099193305548246
-1.706252731478835
-1.6517097163279022
-1.7016672608991652
-1.9329192502175672
-1.6673828850714492
-1.682055130362682
-1.6129557134682795
-1.6546986426746086
-1.6071245789567543
-1.6570357005938914
-1.6322286608641328
-1.4239993857917173
-1.5911698175850215
-1.4869073853673564
-1.6983384808683226
-1.6381205855910252
-1.5991200133405403
-1.7048920248774744
-1.6393726973653888
-1.706033141566329
-1.6373348582490008
-1.6793208712156689
-1.3006951687418011
-1.6401908757463568
-1.6362834438799534
-1.6170017995185857
-1.5990311617721353
-1.602228904288007
-1.708678150105877
-1.6425765001055788
-1.5900031306980291
-1.6760019168081792
-1.5460848599184533
-1.6831447851879469
-1.6085741044467188
-1.6843305608551136
-1.6837581099135772
-1.6181769611660615
-1.6435855733398004
-1.624585171508164
-1.62709086987759
-1.6847827366495247
-1.6169045244607254
-1.6179821306079862
-1.6402517243754682
-1.5767243909891735
-1.6082819336868885
-1.5928016151144302
-1.6721526717526962
-1.5987962072229858
-1.6457972929172109
-1.6404918176999443
-1.8053391125861449
-1.6488812721020265
-1.630052892435518
-1.6429308032289416
-1.6377482588892154
-1.616288274582422
-1.637764651922982
-1.6826729519393557
-1.6240141191839563
-1.6706686583263755
-1.6631516411335698
-1.5346206914585656
-1.6358956256229402
-1.6943787535962218
-1.6001504967886175
-1.6683197295022079
-1.6084088376406471
-1.6037341749863008
-1.6574565821331397
-1.6467841331043158
-1.693626926639168
-1.6061672002396685
-1.6109873605963194
-1.652558252376076
-1.6758948130185598
-1.6341174930449631
-1.6278640063103913
-1.5962443839153715
-1.5985189638974386
-1.6169366986146785
-1.624072551535519
-1.6168660602012273
-1.6363080210588041
-1.4929085724062978
-1.6063333668033346
-1.640627900008937
-1.637626999457937
-1.5974973327004953
-1.665591492265747
-1.6462809878318923
-1.6772570217044305
-1.6394498798909254
-1.705917159483679
-1.6395836693270702
-1.7042685354001752
-1.6375377994810965
-1.5417308377726098
-1.605267320735328
-1.6086054471321272
-1.7315079840313463
-1.671741421406116
-1.68321660784015
-1.632221134004026
-1.647105556640608
-1.6373202583691517
-1.6124033648884324
-1.6369660981510572
-1.6248689932088862
-1.6083996763680362
-1.452776573795566
-1.5305293914924527
-1.5561077575709847
-1.6928479120065665
-1.932984411001502
-1.9328540894336332
-1.6226764058540073
-1.9243757489465676
-1.6786835549318768
-1.5631960361301054
-1.6578148118397382
-1.7955179893001474
-1.665549929382675
-1.8663960549189866
-1.6831411339604039
-1.6975912888951763
-1.6006083143057879
-1.6001293711694133
-1.7018191490995849
-1.7940568911238266
-1.6746883617138884
-1.6929009895272515
-1.9328540894336332
-1.7616461767933775
-1.966132141084075
-1.9528781687536834
-1.638232266742192
-1.744911909828367
-1.553397838156737
-1.868849033270593
-1.8454787042807728
-1.8688361990779392
-1.9257365259846284
-1.9171341759705671
-1.870881303610454
-1.8542155077067324
-1.9661519699111427
-1.5870586806396791
-1.70355682300699
-1.661070737833576
-1.9616093879601388
-1.7035053619659761
-1.845405923624656
-1.7704026118542222
-1.6516985146521503
-1.6902816204832676
-1.6332950698007553
-1.6629475139437346
-1.857155345517197
-1.936562179614365
-1.9531067208739654
-1.7754308268753902
-1.6058127072678912
-1.761183151763566
-1.6307591380855606
-1.6022046445034577
-1.8535032806617608
-1.7480720738935658
-1.6784377036776408
-1.635960699055916
-1.8958827982682114
-1.5964898300923
-1.5475559362581088
-1.6389068945727092
-1.7509663184935587
-1.9615983907105037
-1.7998850483466842
-1.6952119071740424
-1.7372174804115157
-1.6036755515757686
-1.7306864918120286
-1.7889813563334205
-1.6950742446158205
-1.9665971032242466
-1.9246029255823807
-1.8218192456347566
-1.9665842863603689
-1.9665906947923077
-1.83293868234907
-1.8943335436190254
-1.7460865394659326
-1.9666143305961032
-1.9586061704741482
-1.5920431395946237
-1.7103644309019588
-1.8688444444528969
-1.8475151246094943
-1.8956348325745598
-1.4756939612043816
-1.5081028053774426
-1.7993039928433965
-1.700475481121467
-1.6750254483659033
-1.8186650828784323
-1.70590529575856
-1.9611136170114123
-1.6646645192746898
-1.9666437780072594
-1.7460650859516147
-2.038650274585588
-1.6002386732673375
-1.659892869301692
-1.8445127332689837
-1.8649533015741437
-1.9732565693857471
-1.7803704494836023
-1.584761020061279
-1.9732565693857471
-1.924882070718027
-1.709954567017249
-1.7909385827102362
-1.7533771980158366
-1.8655623932816576
-1.865590053560764
-1.7060108096185973
-1.597981765195534
-1.8954306954628612
-1.9473995996307933
-1.793931099624491
-1.7344583277361116
-2.038653693877555
-1.8449943736896075
-2.0393745564614454
-1.6535073189699507
-1.9536745986299822
-2.03941135258356
-1.7325258816584228
-1.8022770682866283
-1.5896660057029337
-1.85392772086536
-1.9666974187113269
-1.7471436526633533
-1.9740945918943156
-2.0393745564614454
-1.8255351928854988
-1.82327461231895
-2.0393948176480725
-1.6106093697122952
-1.953162293818894
-1.8191371200222763
-1.6360439400328555
-1.627473101131964
-2.0393745564614454
-1.9264089687510044
-1.8774727144957
-1.6042538383349072
-2.0393745564614454
-1.819032271252996
-1.9862793122494815
-1.563894296798844
-1.8810052009691631
-1.5429008289288082
-1.751819035015102
-1.7521674132071745
-1.8093491056507602
-1.6948204276949166
-1.7909426039832879
-2.03941135258356
-1.7229921604837943
-1.8450637100507281
-2.039391091396934
-2.039391153226364
-1.9241863333927578
-1.781540879156096
-1.5986988284425667
-1.6524749718606746
-1.8454847251000162
-1.602055170788033
-2.0386477350733236
-1.932704508405311
-1.8387967637361613
-1.9368599837272407
-1.876397074296551
-1.819041113651016
-1.7520513923963552
-1.634258957236883
-1.9528864838225182
-2.0393878221489814
-1.9529202066271671
-2.039398804745652
-1.8180688868955213
-1.846155433189876
-2.030661778827374
-1.7824378082291519
-1.6374488953183834
-1.7853498388556288
-2.0480979102267742
-1.790058749112
-1.6198801056330125
-2.0480850933628965
-1.6212621684187232
-1.818257424060683
-2.0480979102267742
-1.8360142068369607
-2.0395805988634037
-1.6300629950589767
-2.0480850933628965
-1.886385957115899
-1.8029591896997523
-1.8285664165175075
-1.909866592378052
-1.8277615509606764
-2.0480979102267742
-1.7454387558177586
-1.63761498754078
-2.0386477350733236
-1.8663473411884088
-1.6617090506392724
-1.947197767512376
-1.5957146100544028
-1.5702079510715499
-1.8548903913442158
-1.773218376368872
-1.8367308312354766
-1.8967619253017216
-2.03915686795588
-1.8548205611712798
-1.73691856919497
-1.9845790772750223
-1.9326617028303001
-2.039368597657214
-2.038918348005703
-1.875072064940273
-2.0480979102267742
-1.6416803053048428
-1.6163032303936742
-1.8606276437943006
-2.038641776269092
-1.6128986976269937
-1.9326410429838943
-1.6512737886080215
-2.0480979102267742
-1.6762756969958805
-2.0480915017948353
-1.879309708594541
-1.7987349921867413
