-5.92140812172977
-4.6141887124318
-4.475739794747619
-4.454203494875342
-4.580593704433377
-4.307451818326259
-4.742015303751367
-4.4856996079869225
-3.490840001751873
-4.379400344677102
-4.501399062612615
-3.407339351583649
-4.435785636804554
-4.427994779978035
-4.470002984187738
-4.098797863398772
-3.6360564777724833
-4.374109773328035
-3.66545852080263
-4.360984511376767
-4.369168905859702
-4.763154946120596
-3.380860504865196
-5.283229666563972
-4.410423853653169
-4.223014296436877
-4.628930490445288
-4.339095628768365
-3.3951217881092823
-4.734404476544408
-4.638691392709686
-4.451035933914115
-4.447789327770767
-4.4883475618749245
-4.3904778435979015
-4.394169027415625
-4.404309060261097
-4.670330665024879
-4.4138700888189515
-5.145108636977648
-4.394970545844451
-4.296342168955423
-4.387002505841419
-4.391820008670124
-3.9252351018128473
-4.54775331596635
-4.324538094953941
-5.455399636359312
-4.575922081586519
-4.184963653011105
-4.376078296472335
-4.332832823674349
-4.030217669589781
-4.646379678180133
-4.427379548505316
-4.381335535454176
-3.389782169728152
-4.444848448875333
-4.606327728077808
-4.265976243916158
-4.21267758365523
-4.272749514376242
-4.391392464823236
-4.1904102410942405
-4.456956135171308
-5.337388454602128
-4.3912147115408935
-5.3485826962153755
-4.508414163244804
-4.29723308384926
-5.0690782420707485
-4.418519460841587
-4.352435242505547
-4.272793263245034
-4.257919870784698
-4.4138700888189515
-4.1601838417993555
-3.875677670770716
-4.468095102923241
-4.404075954971313
-4.497294906082505
-4.427573516998051
-4.624369166048696
-4.431083062415335
-5.5069411368488455
-4.3949541429837895
-4.622755964333558
-4.414253752257401
-4.443371222907494
-4.598886089604241
-4.406174403328185
-3.3244381669817544
-4.399560784314977
-4.595437390593899
-5.486343473837055
-4.343011084857316
-4.384809783683815
-4.322602366134781
-3.522962734798696
-4.332030658889432
-4.220445453316841
-5.450129799253459
-4.374358396251399
-4.366758242691736
-4.39262659868818
-4.390908699145025
-4.4070861566764075
-4.478721068325203
-4.2776301415651705
-4.394498225106624
-4.324640215173366
-4.414390973343277
-4.542343114585373
-4.5711275950470345
-4.6769594091932944
-4.390577672601815
-4.392210187698277
-3.3372005782070993
-3.9880440502746777
-4.39885446501826
-5.619927942759138
-4.431742911241497
-4.508383489881897
-4.505242969726484
-5.589489997854578
-4.592139993827119
-4.457382208577208
-4.451092723051862
-5.7156854548739116
-4.39328228143827
-4.439906508911671
-4.297835668040597
-4.374908850125385
-4.528855238746005
-4.391316805446954
-4.5050277058649595
-4.4905454673492455
-4.489979650157095
-4.315424312679965
-4.4605623626014195
-5.284063204232138
-4.179353883556326
-4.457086387207402
-4.554228852814117
-4.393601035607955
-4.394925833444485
-4.396022239637264
-4.576233724733847
-4.390807747701519
-4.75923280321065
-4.362519332502447
-4.325868450539849
-4.649655756719394
-5.460624936245491
-4.323848054061352
-4.296845503817223
-4.429005649889166
-4.124897147860935
-3.3813854172348687
-3.4010709872268086
-4.387415800765274
-3.7817868544330713
-4.340777610589591
-4.250264650537832
-4.416936139814924
-4.573781745757794
-4.371890274885916
-4.437961477099908
-5.21010689774262
-3.688123173702583
-4.809749446607284
-4.143636716348185
-5.373526898726799
-5.301036723983442
-4.643406916427333
-4.395165740671082
-4.361915986912504
-4.414411677961533
-2.784932203158136
-4.799503074942963
-4.493660120231653
-4.354176877987946
-4.6439452230068055
-4.388559480236841
-3.465406943033128
-4.391526210872605
-4.395312108678337
-4.533678049915636
-4.505032326935163
-4.246137159277104
-4.432211191841121
-5.066648939114347
-4.755039147616354
-4.371017790926307
-4.361585180969092
-5.492585079834243
-4.211331570018663
-4.654015712426933
-4.151578883165006
-4.473053618088171
-4.369743512581235
-3.521786725416084
-4.362149734566852
-5.798644785687108
-4.395696642656499
-5.384572961395197
-4.801954194087702
-4.450181467218758
-4.390750931889278
-4.397584426267014
-3.3885274228295295
-4.3904532581702895
-4.368494355873776
-4.335378252416801
-4.237966791372907
-3.3945178036463597
-4.255778348913141
-4.153430447417677
-4.16132212216202
-4.491612025257822
-3.0165819643560323
-4.376663967604792
-4.394970545844451
-4.511594670030712
-4.16138927896373
-4.452755072808095
-4.3619179214342
-4.568184225554332
-4.440613491671688
-4.27574050507191
-4.561915165346814
-4.510920992543981
-4.378449535569683
-4.3976268616482885
-5.291301444893922
-4.628551812725172
-4.5203144276941085
-3.269243626097026
-5.187165110913439
-4.101792752775752
-4.538502698986561
-4.759960104480438
-4.606356178058956
-5.429600531229411
-4.547701869339205
-5.381613594004918
-4.3922128703487
-4.394696516160625
-4.463644808275598
-4.3946050814203765
-3.6226553908513677
-4.267688013648904
-5.896690994179813
-3.715913865487333
-4.541875148734539
-6.0062219537860875
-6.007111936768027
-5.048770204245356
-4.331132486179471
-4.511366961947774
-5.742924063878415
-4.456908459468517
-5.8085012934306155
-5.468219787486113
-3.391606475786485
-4.732980764232026
-4.860293776326243
-6.007111936768027
-6.0062219537860875
-5.434780807639717
-5.478342572679888
-5.479814075194989
-5.409336483630171
-5.742047369663741
-4.335162884093506
-5.998959768613919
-6.0062219537860875
-5.900812793126675
-6.013298876327598
-4.455954129276216
-4.322602366134781
-4.560645952675151
-4.215144523548413
-6.044598917152275
-4.464698373431813
-6.048883803581233
-6.048883803581233
-4.481008868203214
-6.041263527214101
-4.2342780675802425
-5.108843555903853
-4.670400449910592
-6.000190936488414
-3.688288271999885
-6.041307156585058
-5.942971712485995
-5.991484331487649
-5.774167057668069
-4.364426296601852
-4.1724507010957765
-6.0340449714128885
-6.019331885915273
-6.0434469356045115
-5.139955985725916
-4.202835415584362
-5.348520898494353
-6.002439997792955
-6.0340449714128885
-4.358723638091226
-5.515923712584044
-6.097396422582887
-6.006366793026949
-6.097396422582887
-5.774167057668069
-5.122781834483133
-5.949727132694249
-5.999104607854781
-5.99652644153458
-6.097396422582887
-6.097857409580127
-5.78886395513567
-5.999104607854781
-6.145681405947332
-6.139010626070984
-4.228548086628557
-6.145681405947332
-4.2962357399540885
-5.398373544772872
-6.145681405947332
-6.145681405947332
-6.055782219094791
-6.102256059057966
-6.139010626070984
-5.044705505061729
-5.251064807841456
-5.4858444407762805
-6.10076699607223
-5.851291645356435
-5.852725294443441
-5.942426996614772
-6.097272827140842
-5.730536288356403
-6.139010626070984
-5.85210526384635
-5.7404595037058685
-5.323005643986958
-4.9309833389216955
-6.155578043414355
-6.144572783652289
-6.040718811342877
-6.032391473300235
-6.139010626070984
-6.032855302640574
-6.144572783652289
-4.398840544530373
-5.760154071842094
-3.39311553473656
-6.133448468489677
-6.038492043699746
-6.139010626070984
-5.539515614481646
-6.099380499142977
-6.064047003432265
-6.145681405947332
-5.851680116471278
-6.139010626070984
-5.130653604076227
-5.702679613552247
-6.139010626070984
-5.533772312867027
-6.045910543888602
-5.404243368018859
-5.226334870394824
-6.025421639255639
-6.048295458339053
-5.319017614685089
-5.7604852415794285
-5.8527145762820645
-5.3996102250200195
-5.279453093448115
-6.06245299897114
-5.85971656501164
-6.095892874553989
-4.480904477602095
-4.500609675284836
-5.8527145762820645
-6.055782219094791
-5.791275796162349
-5.415950647003089
-5.8272730502358385
-6.055648652910897
-5.052704991521615
-4.305785026065413
-5.423250407525158
-5.383935128429915
-5.450218906057257
-5.450824727518594
-6.122443208727613
-5.727774057790053
-4.2678252975950715
-6.104067202459236
-5.970504838407668
-6.016477918468508
-4.34781053475626
-4.31270386786597
-6.145681405947332
-5.066637605373758
-6.145681405947332
-6.153451134514967
-3.8663398128586697
-5.667437239001211
-5.492045633906596
-4.679440787022628
-5.124586433074468
-5.415953632972401
-6.145681405947332
-5.837070622927895
-5.380117759914688
-6.09381834156167
-5.66350641457319
-5.851680116471278
-6.139010626070984
-4.921377295703798
-5.491597479740369
-5.072744223182266
-5.732008138308749
-5.684571497596929
-5.2258477030303085
-6.145681405947332
-5.300774234512148
-5.503525348835931
-4.76226059178987
-5.828137211913644
-6.061846320770169
-5.717538199975048
-5.439709177262531
-5.95672762338297
-4.189037059778948
-5.8527145762820645
-5.707454422551067
-5.068997373284936
-6.122443208727613
-6.132339846194634
-6.277048659957521
-4.913827909705309
-6.284625306953696
-4.981859745440901
-6.277048659957521
-6.308053473813741
-6.308053473813741
-5.399004907504718
-6.308053473813741
-6.308053473813741
-6.042400021991972
-4.30814772499127
-5.659223011298474
-6.176879301375012
-6.242087440550012
-5.645249035289008
-5.731952196949859
-6.175967471977051
-6.239166181207372
-4.431932339606283
-6.216521730138879
-5.444144686562575
-4.410164843871846
-5.930803937445452
-5.9500366354456435
-6.284501711511653
-5.2735411138141775
-4.921377295703798
-6.083350691527636
-6.308053473813741
-6.221238563573405
-6.242466387594376
-6.308053473813741
-6.127317527234069
-6.134384301506972
-5.787145016493291
-6.308053473813741
-5.720801595901457
-4.832362042624388
-6.036366111275415
-5.915195224080849
-5.392370289939594
-6.242466387594376
-4.406963727567537
-6.246043846101301
-6.48172264612051
-6.242466387594376
-6.227728853761545
-5.568206873203954
-6.1956100538742875
-5.399328538711548
-6.482562580162115
-3.971048115596804
-6.284625306953696
-4.78711518775557
-4.4097493919550725
-6.3091679441294595
