-0.5979045409462191
-0.5977178496773325
-0.5977178496773325
-0.5976245025559943
-0.5976245025559944
-0.5977178496773325
-0.5976245025559943
-0.5976245025559944
-0.933163683615014
-0.5977178496773325
-0.5977178496773325
-0.5977178526511223
-0.5976245025559944
-0.5977178526511222
-0.26227200979207166
-0.26227200979207166
-0.5976245025559943
-0.5977178496773325
-0.933163683615014
-0.5977178496773325
-0.5976245025559944
-0.2622720127658614
-0.5977178496773325
-0.9331636865888037
-0.5977178496773325
-0.5978111967986708
-0.5978111967986708
-0.5977178496773325
-0.5977178496773325
-0.5979045409462191
-0.5977178496773325
-0.5977178496773325
-0.5976245025559943
-0.5977178496773325
-0.9331636865888037
-0.2622720127658614
-0.5977178496773325
-0.5975311524608665
-0.5977178496773325
-0.2622720127658614
-0.5977178496773325
-0.5976245025559943
-0.5977178496773325
-0.9331636865888037
-0.5978111967986708
-0.5976245025559944
-0.5976245025559943
-0.5978111967986707
-0.5976245025559944
-0.9331636865888037
-0.26227200979207166
-0.2622720157396511
-0.5976245025559943
-0.9331636865888037
-0.9331636865888037
-0.5977178496773325
-0.5978111967986708
-0.9331636865888037
-0.9331636865888037
-0.5977178496773325
-0.5977178496773325
-0.5978111967986708
-0.5977178496773325
-0.5977178496773325
-0.26227200979207166
-0.5978111967986707
-0.5977178496773325
-0.5978111967986707
-0.5977178496773325
-0.5978111967986707
-0.5977178496773325
-0.5978111967986708
-0.9331636865888037
-0.9331636865888037
-0.2622720157396511
-0.5977178496773325
-0.26227200979207166
-0.2622720157396511
-0.5975311524608665
-0.5978111967986708
-0.5977178496773325
-0.5977178496773325
-0.5979045409462191
-0.5977178496773325
-0.5977178496773325
-0.5977178496773325
-0.5978111967986708
-0.5977178496773325
-0.5978111967986707
-0.5977178496773325
-0.2622720127658614
-0.9331636865888037
-0.5976245025559943
-0.5977178467035429
-0.9331636865888037
-0.9331636865888037
-0.2622720157396511
-0.2622720127658614
-0.5978111967986707
-0.5977178496773325
-0.2622720127658614
-0.5977178496773325
-0.5979045409462191
-0.9331636895625933
-0.2622720127658614
-0.5977178496773325
-0.5977178496773325
-0.5977178496773325
-0.5977178496773325
-0.5978111967986708
-0.5976245025559943
-0.2622720127658614
-0.5977178496773325
-0.2622720127658614
-0.5978111967986708
-0.5976245025559944
-0.9331636865888037
-0.9331636865888037
-0.5977178496773325
-0.5978111967986707
-0.5977178496773325
-0.9331636865888037
-0.5977178496773325
-0.5977178467035429
-0.5977178496773325
-0.5977178496773325
-0.9331636865888037
-0.5977178496773325
-0.5977178496773325
-0.5979045409462191
-0.26227200979207166
-0.2622720127658614
-0.5977178526511223
-0.2622720127658614
-0.5978111967986708
-0.5977178496773325
-0.5977178496773325
-0.5977178496773325
-0.5977178467035429
-0.5977178526511222
-0.5978111967986707
-0.5977178496773325
-0.5976245025559943
-0.5978111967986708
-0.5977178496773325
-0.5977178496773325
-0.5977178496773325
-0.5979045409462191
-0.5977178496773325
-0.5977178496773325
-0.5977178496773325
-0.2622720127658614
-0.5975311524608665
-0.5976245025559943
-0.5977178496773325
-0.5978111967986708
-0.5978111967986708
-0.2622720127658614
-0.5976245025559944
-0.5976245025559943
-0.9331636865888037
-0.5979045409462191
-0.5977178496773325
-0.5977178496773325
-0.5977178467035429
-0.5978111967986707
-0.5977178496773325
-0.5978111967986707
-0.5978111967986707
-0.5978111967986707
-0.5977178467035429
-0.5976245025559943
-0.5978111967986708
-0.5979045409462191
-0.5978111967986708
-0.5977178496773325
-0.5977178496773325
-0.5977178496773325
-0.5977178496773325
-0.5977178496773325
-0.5975311524608665
-0.5976245025559944
-0.2622720127658614
-0.5978111967986708
-0.5976245025559944
-0.5977178496773325
-0.5977178496773325
-0.5978111967986707
-0.5979045409462191
-0.5977178496773325
-0.2622720127658614
-0.9331636865888037
-0.5977178496773325
-0.5977178496773325
-0.2622720127658614
-0.5978111967986708
-0.5976245025559943
-0.2622720157396511
-0.5977178496773325
-0.933163683615014
-0.5977178496773325
-0.9331636895625933
-0.5977178496773325
-0.5977178496773325
-0.5977178496773325
-0.5977178526511223
-0.5978111967986707
-0.5977178496773325
-0.5977178496773325
-0.5977178496773325
-0.5977178496773325
-0.5977178496773325
-0.5977178496773325
-0.5977178496773325
-0.5978111967986708
-0.5976245025559943
-0.9331636865888037
-0.5976245025559944
-0.5977178496773325
-0.5976245025559943
-0.5977178496773325
-0.5977178467035429
-0.5976245025559943
-0.5976245025559943
-0.5977178496773325
-0.5976245025559943
-0.5977178496773325
-0.5977178526511222
-0.5978111967986708
-0.5977178467035429
-0.5977178496773325
-0.5976245025559944
-0.5978111967986708
-0.5977178496773325
-0.5977178496773325
-0.5976245025559943
-0.5978111967986708
-0.5977178467035429
-0.5977178496773325
-0.9331636865888037
-0.5977178496773325
-0.5978111967986708
-0.5977178526511222
-0.5977178496773325
-0.5977178526511223
-0.5977178496773325
-0.5978111967986707
-0.5976245025559943
-0.933163683615014
-0.5976245025559943
-0.5975311524608665
-0.5976245025559944
-0.5977178496773325
-0.933163683615014
-0.5977178496773325
-0.5977178467035429
-0.933163683615014
-0.5977178526511223
-0.26227200979207166
-0.2622720127658614
-0.9331636865888037
-0.9331636865888037
-0.26227200979207166
-0.5977178496773325
-0.5977178496773325
-0.5977178496773325
-0.5977178496773325
-0.9331636895625933
-0.5978111967986707
-0.5977178496773325
-0.2622720127658614
-0.5977178496773325
-0.5976245025559944
-0.9331636895625933
-0.5977178496773325
-0.5977178467035429
-0.9331636895625933
-0.26227200979207166
-0.26227200979207166
-0.5977178496773325
-0.5977178526511222
-0.5977178496773325
-0.2622720127658614
-0.5978111967986707
-0.2622720127658614
-0.5978111967986707
-0.5977178496773325
-0.9331636895625933
-0.9331636895625933
-0.933163683615014
-0.5977178467035429
-0.5977178496773325
-0.5977178496773325
-0.5978111967986707
-0.2622720157396511
-0.5977178467035429
-0.2622720127658614
-0.5976245025559944
-0.9331636895625933
-0.933163683615014
-0.933163683615014
-0.2622720157396511
-0.5977178496773325
-0.9331636895625933
-0.5977178526511222
-0.9331636895625933
-0.5977178496773325
-0.9331636895625933
-0.9331636895625933
-0.933163683615014
-0.5977178496773325
-0.9331636895625933
-0.9331636865888037
-0.9331636865888037
-0.2622720127658614
-0.9331636895625933
-0.9331636865888037
-0.9331636865888037
-0.9331636865888037
-0.5976245025559943
-0.5977178467035429
-0.933163683615014
-0.9331636895625933
-0.5977178526511222
-0.5976245025559944
-0.5977178496773325
-0.26227200979207166
-0.26227200979207166
-0.5977178496773325
-0.9331636865888037
-0.5977178496773325
-0.2622720127658614
-0.5977178496773325
-0.9331636865888037
-0.9331636865888037
-0.9331636865888037
-0.9331636895625933
-0.5977178496773325
-0.5977178526511223
-0.5977178496773325
-0.5977178467035429
-0.5977178496773325
-0.5978111967986708
-0.5977178496773325
-0.5977178496773325
-0.5977178496773325
-0.5978111967986707
-0.5977178526511222
-0.933163683615014
-0.5977178496773325
-0.5977178496773325
-0.9331636865888037
-0.5976245025559944
-0.5977178496773325
-0.5977178496773325
-0.5977178496773325
-0.5977178496773325
-0.9331636865888037
-0.5978111967986708
-0.5977178496773325
-0.2622720127658614
-0.9331636865888037
-0.5978111967986707
-0.5977178496773325
-0.2622720127658614
-0.9331636865888037
-0.5977178496773325
-0.5978111967986707
-0.5978111967986708
-0.5977178526511222
-0.5977178467035429
-0.933163683615014
-0.5979045409462191
-0.5979045409462191
-0.5977178496773325
-0.9331636895625933
-0.9331636865888037
-0.2622720127658614
-0.5977178467035429
-0.9331636895625933
-0.9331636895625933
-0.2622720127658614
-0.5977178496773325
-0.5977178496773325
-0.5977178496773325
-0.5977178467035429
-0.2622720127658614
-0.5977178496773325
-0.9331636865888037
-0.5977178496773325
-0.9331636895625933
-0.5976245025559943
-0.9331636865888037
-0.5977178526511222
-0.9331636865888037
-0.5977178496773325
-0.5977178496773325
-0.2622720127658614
-0.5977178496773325
-0.2622720157396511
-0.5976245025559944
-0.5975311524608665
-0.5978111967986708
-0.5977178496773325
-0.9331636895625933
-0.5977178496773325
-0.5977178496773325
-0.5977178496773325
-0.933163683615014
-0.9331636865888037
-0.2622720127658614
-0.5977178467035429
-0.5978111967986707
-0.5977178496773325
-0.5977178526511222
-0.5978111967986707
-0.9331636865888037
-0.5977178526511222
-0.5976245025559943
-0.9331636865888037
-0.5977178496773325
-0.2622720127658614
-0.5977178496773325
-0.5977178496773325
-0.5977178496773325
-0.5977178496773325
-0.5977178496773325
-0.5977178496773325
-0.5977178496773325
-0.2622720157396511
-0.5976245025559944
-0.5977178496773325
-0.5975311524608665
-0.5977178467035429
-0.5976245025559943
-0.5977178496773325
-0.5977178467035429
-0.9331636865888037
-0.5977178496773325
-0.5978111967986707
-0.5977178496773325
-0.5977178526511222
-0.9331636865888037
-0.5977178496773325
-0.5978111967986707
-0.5977178496773325
-0.5978111967986708
-0.5977178496773325
-0.5977178496773325
-0.9331636865888037
-0.5977178496773325
-0.9331636895625933
-0.5976245025559944
-0.5977178496773325
-0.9331636895625933
-0.9331636865888037
-0.5978111967986708
-0.5977178467035429
-0.9331636895625933
-0.933163683615014
-0.5977178496773325
-0.5977178496773325
-0.5977178496773325
-0.5977178496773325
-0.5977178496773325
-0.26227200979207166
-0.9331636865888037
-0.5977178526511222
-0.5977178496773325
-0.5977178496773325
-0.5978111967986708
-0.9331636865888037
-0.5978111967986708
-0.933163683615014
-0.2622720127658614
-0.5977178526511223
-0.5977178496773325
-0.9331636865888037
-0.5977178496773325
-0.9331636895625933
-0.9331636865888037
-0.933163683615014
-0.9331636865888037
-0.5977178496773325
-0.5976245025559943
-0.5977178496773325
-0.9331636865888037
-0.5978111967986708
-0.2622720127658614
-0.2622720127658614
-0.5977178496773325
-0.9331636865888037
-0.5977178526511222
-0.5977178526511222
-0.5977178496773325
-0.5978111967986708
-0.9331636865888037
-0.5977178496773325
-0.5977178496773325
-0.5977178496773325
