-1.7710718323746697
-1.6772740744948322
-1.7039830573496708
-1.6588572144925293
-1.6219539986424532
-1.6188273982188848
-1.7834180834086166
-1.6467395508255245
-1.6214821726611217
-1.646739488521121
-1.677251264989005
-1.631331081021851
-1.5636888424172293
-1.6371640365988236
-1.654253369345398
-1.603248955775767
-1.6375964918927863
-1.5720572338389807
-1.6070755155697771
-1.662638898435549
-1.6979700101796622
-1.6219301522602252
-1.6333299923021967
-1.615519834141684
-1.6676213854449902
-1.6438882438708458
-1.635957416714641
-1.637581747024954
-1.6355557480386826
-1.6375869989120677
-1.6313593877160861
-1.637604063006132
-1.6375811883086837
-1.5931474859705064
-1.6138298247836924
-1.635571949193912
-1.612606784604972
-1.6592163953854917
-1.6199404693737747
-1.6125743047937013
-1.6479089524073252
-1.624199843445703
-1.5095442110568493
-1.6357754360035077
-1.6772277133921913
-1.6512496360937148
-1.5953867826067043
-1.6417261171433015
-1.6376080009240253
-1.641697181256132
-1.6003428281327177
-1.5608379487331925
-1.8396027657141527
-1.6626107330089874
-1.6500593666216443
-1.6546455789108967
-1.7084029162266
-1.6440837680426563
-1.6928222019128445
-1.5430951488625992
-1.6446754937781032
-1.6029155900192127
-1.6322664942362686
-1.5011490322451053
-1.6416259609757877
-1.6584179987584742
-1.6375857038894237
-1.6269577883628035
-1.6480314170165047
-1.8717566457258092
-1.632638005364142
-1.6042262964732337
-1.6325785744170052
-1.6376241366221205
-1.5929241913521799
-1.6546967263719514
-1.7624506435655904
-1.6419577599785078
-1.5999290728844935
-1.652217788842274
-1.6095457329214569
-1.6131548652882448
-1.6325779646803276
-1.6029167494750012
-1.6375563143993126
-1.6263860475512537
-1.6312864792676378
-1.7011585830031513
-1.6467508045416777
-1.65932002291688
-1.6388423798148144
-1.6062090172806194
-1.656243185580721
-1.597972455957682
-1.5458859032860188
-1.59149911263485
-1.6367088626344024
-1.637610321740894
-1.6454144118557614
-1.6772482711608558
-1.69935828119703
-1.7306367574016706
-1.5183419895727663
-1.6534245515868857
-1.6376058810951268
-1.5453912581424278
-1.786572148459392
-1.6630760546831471
-1.6376025322779393
-1.7107133406220913
-1.5999487160765211
-1.6625003466297206
-1.7015581279927532
-1.5375239328386807
-1.6375814659197165
-1.5979421337677362
-1.635545419249301
-1.6279798479839624
-1.664456881940429
-1.658496685254145
-1.6325794557717246
-1.5125485974329989
-1.5624180298272816
-1.6676759023391763
-1.6472467486586937
-1.6124771150165564
-1.679216540912426
-1.6271979487964887
-1.6375813158774857
-1.6325834882395134
-1.6792654068384207
-1.7444385357492727
-1.658023552728348
-1.7147318075073361
-1.6612825992973288
-1.7258918165208597
-1.6334276088826487
-1.6584291742636736
-1.54570396974785
-1.6188280334439473
-1.6292453511799585
-1.642555007883383
-1.6852542863522597
-1.7024738282327057
-1.63757983099406
-1.639551096969766
-1.6375813165114783
-1.6216664796932085
-1.6376311977810762
-1.6479564328524976
-1.6709864511339942
-1.6500604696644228
-1.6284421604239778
-1.5549697264018199
-1.6375502961331359
-1.726224343079707
-1.6620107600868175
-1.6375829874442553
-1.5690869174744408
-1.6438362249072114
-1.6375579466994565
-1.6978875835594274
-1.6797090177284733
-1.6262177038426509
-1.5612974042068495
-1.5796057497228393
-1.621181782706613
-1.6493358211518958
-1.5979150170896534
-1.635610471941729
-1.6188575689101508
-1.6834707480617035
-1.3923116373711015
-1.637554769502053
-1.6075755522013204
-1.6541841869102862
-1.6385980409972087
-1.6376060985590122
-1.5974880340936175
-1.636713439141137
-1.6405579774605061
-1.636326755098274
-1.6209208544354992
-1.6044469244797726
-1.5176741816368853
-1.6863994780887401
-1.6292478174454414
-1.6647236758290886
-1.6313311800911041
-1.631843192609215
-1.618827812283309
-1.6116702084864905
-1.6534221953149555
-1.6375999794237106
-1.6126081137122537
-1.658519368827384
-1.6376553618653658
-1.620884976536356
-1.6251617728311962
-1.6219554333663058
-1.6396185807699255
-1.683497951470882
-1.7022189236444427
-1.677194024694097
-1.6029903803787993
-1.694582429384068
-1.6741182744871683
-1.6739346695843556
-1.683716727658151
-1.5959080596186628
-1.6852125184989122
-1.6219120418755633
-1.6752978946376862
-1.7829494056039326
-1.6700881301599866
-1.602923704512947
-1.6596455613710936
-1.683960025807416
-1.6003876458082003
-1.6689128100927477
-1.6284454308288556
-1.703528778505555
-1.6792959551646325
-1.6375851647723514
-1.6729567113871737
-1.5731291302869082
-1.7022279325686698
-1.6002004425037921
-1.6271520555619063
-1.6426091077179799
-1.6188884199204723
-1.637167200259754
-1.637600679389268
-1.4886824412364463
-1.6101074639377786
-1.6772174962422253
-1.7251270795735998
-1.6313562054953454
-1.6284241314112138
-1.6242597623164436
-1.5846902710844089
-1.6224010458281874
-1.6019795909647385
-1.6096710152168927
-1.6563289106423018
-1.6326081071333602
-1.6131313409131036
-1.6167975272491755
-1.6696688033297464
-1.6029153452350464
-1.6991070955643808
-1.6948006409016056
-1.6396163405255137
-1.8717566457264372
-1.6415622852353613
-1.6354681508192526
-1.8479494123153635
-1.786617434701296
-1.5715995074174713
-1.7710718323746697
-1.614693022128389
-1.8028622620269918
-1.6928836231050677
-1.6374880086109207
-1.6536519752116843
-1.8479685982256746
-1.5917211121492167
-1.7865824356616753
-1.7185006769536144
-1.6563343389629694
-1.692733380497826
-1.6325593384908192
-1.7741615445271246
-1.6674310894075148
-1.8019638372320017
-1.9113594158608336
-1.9113594158602056
-1.6479723772899126
-1.6946959493753404
-1.8078978123568161
-1.7625889135694872
-1.7198426421037571
-1.632554011150229
-1.9113461324693524
-1.6974714953806274
-1.7915740942607292
-1.5989842277727404
-1.8312095446540178
-1.781630578938794
-1.6840982604706372
-1.9113467704090321
-1.6956118625800292
-1.9113594158608336
-2.0935299653485786
-1.6070716089214663
-1.63849347409262
-1.6123932934501704
-1.6283937114971891
-1.6446763306174303
-1.6375841051790965
-1.9073852582273791
-1.6084014195678835
-1.632559954558031
-1.7036203469686373
-1.6121191293311636
-1.8311767282633515
-1.6469809055963764
-1.5973980904271958
-1.553285138836907
-1.6772454967182866
-1.6717191342845712
-1.592497691747773
-2.09350654808608
-1.6219827496873735
-1.8312416990132925
-1.9268842732946132
-1.903490230202008
-1.552908996374203
-1.6522453121287086
-2.0935182567173296
-1.6772499024891645
-1.8709368118710619
-1.7653208430585678
-1.6790250252162633
-1.8257962605858797
-2.0486710273032473
-1.5794206931949006
-1.6140203979661798
-2.001159401284255
-2.0038216649418277
-1.8862731401767667
-2.00381000278013
-1.6169858255443725
-1.9223531280890298
-1.6430837583912954
-2.048659869551316
-2.0935101401394487
-1.902603157795071
-1.6863536344191452
-1.7863437025408695
-1.586118590129639
-1.6782552761415936
-1.8398125691078597
-1.8309179074121955
-1.729103535347059
-2.0038135948334985
-2.048659869551316
-1.7393600001268443
-1.655296532701148
-1.8981999643516774
-2.0486688943552815
-1.8716691309332976
-2.0935101401394487
-1.89515872638256
-1.7741192805988777
-2.2820129785116676
-1.6578470113835213
-1.5979572540821736
-1.6441924782130914
-1.533481201407472
-1.6217356030698573
-1.6530003743506765
-1.6615951595173364
-1.6376088060846505
-1.8951306230012168
-2.2820129785116676
-1.703038395658982
-1.4951143346577405
-2.263208995978149
-2.0935188695912417
-2.114614218038281
-1.7060193565567299
-1.8862728295085263
-2.1418370495718753
-2.2820129785116676
-2.2820129785116676
-1.6188338903079047
-1.7531925670273392
-1.648650815521124
-2.0935065480854522
-1.5506633923337545
-2.2820129785116676
-1.6834649593794806
-1.5984052723214546
-1.5308755499871274
-2.103854134122284
-2.1020773132451787
-2.263208995978149
-2.0048829088693507
-2.2820129785116676
-1.6282077477407753
-2.2820129785116676
-1.8847090469652508
-2.2820129785116676
-2.2820129785116676
-1.888563656584704
-1.6138591237223676
-1.931139592567264
-1.6875326860031732
-1.6989759785894998
-1.8007715375675808
-2.2820129785116676
-1.6376185282321556
-1.6188598998900958
-2.263208995978149
-1.5806352229779743
-2.24440501344463
-2.273438254861151
-2.2820129785116676
-1.6942805363203886
-2.0886239933115682
-1.7378284091115763
-2.0175096080614887
-1.9050235362410035
-1.6826105613609488
-2.2905877021621843
-1.5994996867666482
-1.8745392006523884
-2.1021029903960216
-2.1021029903960216
-1.9135982576874282
-2.1020773132451787
-1.913623384963055
-1.667332996206265
-2.2820129785116676
-2.24440501344463
-1.6625549588627422
-1.8799889309697457
-2.263208995978149
-2.2820129785116676
-2.2820129785116676
-2.2820129785116676
-1.5844332639516439
-2.0176387240789415
-2.088627974807916
-2.2820129785116676
-2.263208995978149
-1.8675197463515956
-1.6302262815043767
-1.8887872856574144
-2.263208995978149
-2.2820129785116676
-2.2820129785116676
-1.888563656584704
-2.141837049940464
-2.1418370495718753
-2.0935171781636823
-1.6467464734988253
-2.263208995978149
-2.0935205610188024
-2.093518869591242
-1.8887872856574144
-1.8952310046277008
-1.7095499216762184
-2.2820129785116676
-2.1422608096747706
-2.01760277197329
-1.9239184688557947
-2.2820129785116676
-2.2820129785116676
-2.2820129785116676
-1.6733589072365747
-1.5802662066228605
-1.9050235362410035
-1.693021865966689
-1.6448524978055783
-1.839787745375695
-2.242717892889217
-2.2820129785116676
-2.0935159537338692
-2.1021029903960216
-2.2820129785116676
-2.082359141624802
-1.874049890465742
-1.888563656584704
-2.235830293828395
-2.2820129785116676
-2.0935182567173296
-2.0935210629525334
-2.2820129785116676
-2.2820129785116676
-1.463419019785983
-2.0935182567173296
-1.453026514191523
-1.5766563689690236
-2.2820129785116676
-1.6467739293673145
-2.2820129785116676
-2.263208995978149
-2.252979733060865
-2.321308064134118
-1.9632135544782452
-2.0935182573763353
-2.2820129785116676
-2.0568903750807004
-2.08863192011789
-1.8007715375675808
-1.995406492478986
-1.7270505178296143
-2.0442055217086237
