-5.927936811215871
-3.4555976110214908
-4.438909112441764
-4.084563152695022
-4.191677513876773
-4.358474125539074
-4.392721738085592
-4.362722784321702
-4.447696882466027
-4.798251425351643
-4.366282238694877
-3.1029800843156736
-4.200548832598642
-3.3896962741384877
-4.700954261174948
-3.4626841483680604
-5.469917412229533
-3.3203283619224884
-4.7720368592377636
-3.381074347615163
-4.13762312971725
-4.458968697353359
-4.395117671457531
-4.78280076331617
-4.395004546565132
-4.393486392209089
-4.326990201509199
-4.459193521238825
-4.479813377249339
-4.453787343273242
-4.496217723394914
-3.40171975180313
-4.478971157688271
-4.4326336666792265
-3.3179677933574876
-4.592892598125849
-5.071332217668681
-4.374789605275561
-2.0302727926241557
-4.340654586432727
-4.811551896220587
-4.3417176372974895
-5.392327970967733
-3.8888320937022764
-4.689055495300883
-4.36663347833172
-4.564095906373528
-4.376434862650163
-4.428084458724482
-4.364706057966466
-4.055573303967304
-3.1677725549403046
-3.5265563781015805
-4.45029132408252
-5.420259463296747
-4.194601237363237
-4.433415373881208
-3.267594956193472
-4.272534875898209
-4.384265327038235
-4.609192589293971
-4.149562579195942
-4.395117671457531
-3.524730912781595
-4.418211356801468
-4.334535324110572
-4.399855335103014
-4.514415945976428
-4.482796290297627
-3.38847347333646
-4.474552716611421
-4.424012199593476
-4.824223089896304
-4.524561179344003
-4.395073224856317
-3.388817375974243
-4.464526082508292
-4.452189881327182
-4.735940442376688
-4.755233396597122
-4.417858638200089
-4.087682241090946
-4.3582121522311565
-4.373559181323019
-4.239998900946922
-3.6069710312259526
-4.4937676381499045
-4.536054363847836
-4.556894596051853
-3.6388467226432897
-4.566908526622654
-4.394004506671558
-4.663858210968943
-4.4614048654663145
-4.428183114995321
-4.546192755551385
-4.221065026098059
-3.4099744904624267
-4.549212740623521
-4.3567487239002745
-4.372151832432657
-4.45467716786216
-3.3576745736433624
-3.451597528961211
-3.8604024432274553
-4.312911330251428
-4.19080880900859
-4.305158277282977
-4.178319673717655
-4.477419358211627
-4.362052227919742
-3.3539702982958612
-4.08349814893081
-4.395682388808049
-4.34179900841582
-4.406046901579804
-4.646823519773515
-4.645361866792702
-4.697553199440336
-4.395167499881262
-5.582859953811355
-3.4477964086166795
-4.5628551101327846
-4.623204247709568
-3.45494990975215
-4.2862849965840635
-4.682992270317931
-4.227701816252102
-4.450581258447583
-4.539658725707651
-4.121545299911951
-4.160446517398791
-4.467170959488495
-4.33965408446748
-4.597376118716314
-3.4031800358887625
-4.281168839300096
-4.345036644459442
-4.370408623699486
-4.407197479234025
-5.464622568496242
-4.399301053189422
-4.833295905728182
-4.166532819731237
-4.488010795918009
-4.685200554113916
-4.248567059883574
-4.445204458685736
-4.388069007222244
-4.4407396284836915
-5.493436874748749
-4.446319526967946
-4.2594510500074305
-5.4203591810534695
-4.363791632811426
-4.161709974759434
-4.46929196284537
-4.495270911773941
-4.349531628938427
-5.581894305092005
-4.4756550252644685
-4.395028778255102
-4.385738480300716
-3.1988265582702478
-5.9513897806036
-4.4152647147814434
-4.419222270735879
-3.6597460634033743
-4.203815996132519
-4.3494224279121845
-4.280594911480537
-4.369894986398125
-3.3751710055948836
-4.486037652016831
-4.420666124805667
-4.637808971143896
-4.14914013542798
-4.42518288780932
-4.397073026403405
-4.388694566139904
-4.5939981634437785
-4.067409355256722
-5.679754811078933
-4.375992328680669
-4.322424253665109
-4.281217870367101
-4.395117671457531
-4.437828759624033
-4.176085333189274
-4.394092161113517
-4.405908619286479
-4.38083248571932
-5.415255266154469
-4.336352498702912
-4.358800702152479
-4.594368531201832
-4.215927543271068
-4.30658864092969
-4.196389139838161
-3.3943403404310013
-4.395117671457531
-3.248831551829981
-4.601911215344387
-4.686667610758102
-4.4878611781835165
-4.233833966751761
-4.428183114995321
-5.340244858690597
-4.525827447461006
-4.462496612027167
-4.357777036995567
-4.518499844165193
-3.3907400171811517
-4.440696835577898
-4.124615850509214
-4.398799294589596
-4.276554895157813
-4.376717067736912
-4.510237509101713
-5.465699175990347
-4.273248039840514
-3.9260230738844744
-4.412614103409053
-4.530503434754306
-4.414279452370582
-4.344440043427756
-4.333672051827264
-5.487695305161587
-4.361429221843058
-4.43825358397547
-4.006133259284228
-4.405908619286479
-4.5996239008098225
-4.4039283377670735
-4.375971053772533
-4.42664011052719
-4.326728841034111
-4.450581258447583
-4.738147260021057
-4.5229884268590395
-4.488182586945729
-3.2888776057998257
-4.612771782205405
-4.335649852290956
-5.743230660572621
-4.185623157478431
-3.331231482191727
-4.381059852870735
-4.354449418950215
-4.468680659089282
-5.961675090243254
-3.60058874873343
-3.2119840071444674
-5.84683140341022
-4.297620259550423
-5.696266683226951
-5.760041545837848
-3.297980001323729
-5.555015851611488
-3.1062738187406675
-5.424718010793317
-5.785264230897254
-5.9071359588591505
-5.005360574728484
-5.608695353898915
-3.971458121814061
-1.6943709550081518
-4.24384700190479
-5.9071359588591505
-4.266661498682533
-4.18006309361276
-5.862857649378599
-4.180535778281024
-5.927936811215871
-5.0994151280682765
-5.236394255282994
-4.176858083282642
-4.923334461587563
-3.469330923239101
-6.206144133146642
-3.4613258533738014
-4.597009937663833
-4.55837912969606
-6.434336650317979
-5.846966493436032
-4.8149235567149145
-6.347681162921759
-4.543949969526068
-5.949532162470485
-6.008630031023914
-5.984213273953029
-6.519563324509807
-6.220070290813853
-5.443240326883455
-5.454780169532309
-5.798470352454551
-5.875806263289185
-5.9576187101225
-5.490335513458502
-5.870451880733483
-7.096312997387494
-5.944805950729563
-5.423451479650751
-5.815749520878179
-4.4465291623235945
-5.208732346033
-4.338619042547603
-5.879991370807549
-7.096312997387494
-6.519563324509807
-5.347857692985427
-4.461327759675316
-7.068549616862005
-7.096312997387494
-5.595617777245444
-6.260083550967397
-6.225570885147813
-5.672505685025849
-6.073264567678227
-7.096312997387494
-5.571392693721264
-7.096312997387494
-6.8015430186230095
-4.7434389314790755
-3.9480017730656924
-7.140049478129718
-4.732551075853121
-7.140049478129718
-5.977180244076289
-7.103062282681589
-6.845279499365236
-4.61475525896127
-6.506773039858527
-4.6065316540000865
-7.103062282681589
-6.65458006750247
-7.068549616862005
-4.515534320275928
-6.892387756969756
-5.5813168394054005
-7.096312997387494
-5.164436876551343
-7.140049478129718
-7.140049478129718
-7.140049478129718
-7.096312997387494
-4.399538442170927
-6.463194106040989
-4.300984927614888
-6.671980976417991
-5.296520693682355
-5.454092014701331
-6.229944087739461
-5.3379758416077205
-7.140049478129718
-7.140049478129718
-7.140049478129718
-7.140049478129718
-6.256125315635163
-7.066075087233458
-5.634305922717355
-6.642311915423138
-7.140049478129718
-6.845279499365235
-6.906015227273855
-7.052576516645268
-7.052576516645268
-6.65458006750247
-7.140049478129718
-6.237125690129639
-7.140049478129718
-7.096312997387494
-7.096312997387494
-7.140049478129718
-7.14004947812972
-7.140049478129718
-7.14004947812972
-6.906015227273855
-7.14004947812972
-7.14004947812972
-7.14004947812972
-7.14004947812972
-6.649075636368541
-7.14004947812972
-4.56156931379224
-5.904285926505331
-5.632388888826647
-6.807266809169298
-6.845279499365236
-6.671449207016163
-4.93382432839067
-7.14004947812972
-6.036882542766477
-7.14004947812972
-5.843608939498067
-5.376719281641422
-5.168719327876904
-7.14004947812972
-7.103062282681591
-6.743865320525741
-7.14004947812972
-7.096312997387495
-7.14004947812972
-6.906015227273857
-6.256125315635163
-5.599665847302743
-6.510147682505575
-7.14004947812972
-7.14004947812972
-5.386028901327468
-7.14004947812972
-7.096312997387495
-4.335751423210516
-7.096312997387495
-6.94057972904789
-6.671980976417993
-6.964025572256711
-7.14004947812972
-4.588632064982494
-5.695855281294529
-7.14004947812972
-6.256125315635162
-7.14004947812972
-6.743865320525741
-7.096312997387495
-5.4455686383931035
-6.263981232873321
-4.3956435616903535
-6.743865320525741
-7.14004947812972
-5.192868034734954
-4.948705708384135
-4.318790563785778
-5.731100073069134
-7.14004947812972
-5.319838697349202
-3.4881293397294284
-3.2422686791844466
-7.14004947812972
-5.762591587855687
-7.14004947812972
-6.807938160948652
-7.14004947812972
-7.14004947812972
-6.807266809169298
-7.14004947812972
-4.7134815316085295
-4.390599820789702
-4.839874433745463
-7.14004947812972
-7.14004947812972
-7.14004947812972
-7.14004947812972
-5.3937425565783546
-7.151339512297606
-5.7634840065418125
-6.124731440279546
-4.738917734643328
-6.297070746415526
-7.096312997387495
-5.40741009135132
-6.824940273899797
-4.448607156448717
-4.291252704579959
-6.414748480325463
-4.795520735772046
-6.0210118686667435
-5.694827614157577
-7.14004947812972
-5.399495325733911
-5.940924550214371
-7.140049478129718
-5.383905478871672
-7.14004947812972
-7.14004947812972
-7.14004947812972
-4.814635035944526
-4.421113618477336
-7.151339512297606
-7.14004947812972
-6.807266809169298
-7.162629546465494
-7.142115697374964
-5.376675525503291
-4.453735898386512
-7.298246049259401
-7.103062282681591
-6.024790733117565
-5.638257158954463
-7.091129685197781
-5.632031953499598
-7.298246049259401
-7.099687640034543
-6.621267144635818
-5.588770239507074
-7.304857072579015
-7.058850206653862
-6.89269466105284
-4.386548100288574
-7.037541808413163
