-0.5959759003782984
-0.5959208601318038
-0.2585679429086636
-0.5958107777839916
-0.2585679429086636
-0.5959208601318037
-0.2585679429086636
-0.5958658189578977
-0.25856794198125216
-0.5958658189578977
-0.5958658189578977
-0.5958107777839916
-0.2585679429086636
-0.5958658189578977
-0.9331636950071317
-0.5958658189578977
-0.5958658189578977
-0.9331636950071317
-0.5958658189578977
-0.2585679429086636
-0.5958658189578977
-0.5958107777839917
-0.9331636950071317
-0.5958658189578977
-0.9331636950071317
-0.5958658189578977
-0.9331636950071317
-0.5959208601318037
-0.25856794198125216
-0.5958658189578977
-0.5958107777839917
-0.5958658198853091
-0.5958658189578977
-0.5958107777839917
-0.5958658189578977
-0.2585679429086636
-0.5958658189578977
-0.5958658189578977
-0.5958658180304863
-0.5958107777839916
-0.5958107777839916
-0.5959208601318037
-0.5959208601318038
-0.5958658189578977
-0.5958658189578977
-0.5959208601318037
-0.5958658189578977
-0.5958658189578977
-0.5958107777839917
-0.9331636959345431
-0.5958658198853091
-0.5959208601318037
-0.5958658189578977
-0.2585679429086636
-0.5958658189578977
-0.5958658180304863
-0.5958107777839916
-0.25856794198125216
-0.5958658189578977
-0.5958107777839916
-0.5959759003782984
-0.5958658189578977
-0.5959208601318037
-0.5958658189578977
-0.5958658189578977
-0.258567943836075
-0.5958658189578977
-0.5959208601318038
-0.5957557356826741
-0.5958658189578977
-0.5959759003782984
-0.5958658189578977
-0.5958107777839917
-0.5958658189578977
-0.5958107777839916
-0.258567943836075
-0.5958658189578977
-0.5958658189578977
-0.5957557356826741
-0.258567943836075
-0.5958658189578977
-0.2585679429086636
-0.5958658180304863
-0.5958658189578977
-0.5958658189578977
-0.9331636950071317
-0.5958658189578977
-0.5958658189578977
-0.9331636950071317
-0.5958658189578977
-0.2585679429086636
-0.5959208601318038
-0.2585679429086636
-0.5959759003782984
-0.5958658189578977
-0.5958658189578977
-0.5958658189578977
-0.5958658189578977
-0.5958658189578977
-0.5958107777839916
-0.2585679429086636
-0.5958107777839916
-0.5958107777839917
-0.5958107777839917
-0.5958658189578977
-0.5958658189578977
-0.9331636959345431
-0.5959208601318037
-0.5958658198853092
-0.5959208601318038
-0.5958107777839917
-0.5959208601318037
-0.5958658189578977
-0.5958658189578977
-0.5958107777839917
-0.5959208601318037
-0.5958658180304863
-0.9331636950071317
-0.2585679429086636
-0.5959208601318038
-0.5958658189578977
-0.5958658189578977
-0.9331636950071317
-0.5957557356826741
-0.5958107777839916
-0.2585679429086636
-0.5959208601318037
-0.5959208601318038
-0.5958658189578977
-0.5959208601318038
-0.5958658189578977
-0.5958107777839916
-0.5958658189578977
-0.5958658189578977
-0.5958658189578977
-0.5958658189578977
-0.2585679429086636
-0.9331636950071317
-0.258567943836075
-0.9331636950071317
-0.5958658189578977
-0.5958107777839917
-0.5958658189578977
-0.5958658189578977
-0.5958658189578977
-0.5958658189578977
-0.5958107777839916
-0.5958107777839917
-0.5958658189578977
-0.5958107777839916
-0.5958658189578977
-0.9331636950071317
-0.5958658189578977
-0.5958107777839916
-0.5959759003782984
-0.5958658189578977
-0.9331636950071317
-0.5958658189578977
-0.5958107777839917
-0.5958658189578977
-0.5958658189578977
-0.5958107777839917
-0.5957557356826741
-0.5958658189578977
-0.5958658189578977
-0.25856794198125216
-0.5958107777839916
-0.258567943836075
-0.5959208601318038
-0.5958658189578977
-0.5958658180304863
-0.5958107777839917
-0.5958658189578977
-0.5958107777839917
-0.5958107777839916
-0.5959208601318037
-0.5958107777839916
-0.2585679429086636
-0.5958658189578977
-0.5959208601318038
-0.5958658189578977
-0.5959208601318037
-0.5959759003782984
-0.5958658198853091
-0.5958658189578977
-0.5957557356826741
-0.5958658189578977
-0.5959208601318038
-0.5958658198853091
-0.5958658189578977
-0.2585679429086636
-0.5958658189578977
-0.5958658180304863
-0.5958658189578977
-0.5958658189578977
-0.5959208601318037
-0.2585679429086636
-0.5958658189578977
-0.5958658189578977
-0.5958658189578977
-0.5958658180304863
-0.5959208601318037
-0.5958658189578977
-0.5959208601318038
-0.5958658189578977
-0.5958658189578977
-0.5958107777839916
-0.5958658198853091
-0.5958658189578977
-0.5958658198853091
-0.5957557356826741
-0.5958658180304863
-0.5959208601318037
-0.5958658189578977
-0.5958658189578977
-0.5959208601318037
-0.5958658180304863
-0.9331636940797203
-0.5958107777839916
-0.5958658189578977
-0.5959208601318038
-0.5958658198853092
-0.2585679429086636
-0.5958658189578977
-0.5958658189578977
-0.5957557356826741
-0.5958658189578977
-0.5958658198853092
-0.9331636950071317
-0.5958107777839917
-0.5958658189578977
-0.5958658189578977
-0.5958658180304863
-0.5959759003782984
-0.5958107777839917
-0.9331636950071317
-0.5958658189578977
-0.5958658198853092
-0.5958658189578977
-0.5958658189578977
-0.5958107777839917
-0.5958107777839917
-0.5959208601318038
-0.5959208601318037
-0.5958658189578977
-0.2585679429086636
-0.5959208601318038
-0.5958107777839916
-0.5958658189578977
-0.5958658189578977
-0.5959208601318038
-0.5958658189578977
-0.5958107777839916
-0.5958658189578977
-0.9331636950071317
-0.5959208601318038
-0.5958107777839917
-0.5958658189578977
-0.5958658189578977
-0.5958658189578977
-0.5959208601318037
-0.9331636940797203
-0.5958658189578977
-0.5958658189578977
-0.9331636950071317
-0.5958107777839916
-0.5958658189578977
-0.5958658198853091
-0.25856794198125216
-0.5958658189578977
-0.5958658189578977
-0.5959208601318037
-0.5959208601318037
-0.5958658189578977
-0.2585679429086636
-0.5957557356826741
-0.5958658189578977
-0.2585679429086636
-0.9331636959345431
-0.5958658198853091
-0.5958658189578977
-0.9331636950071317
-0.5958658189578977
-0.5958658180304863
-0.5958658180304863
-0.5958107777839916
-0.5959208601318037
-0.5958658198853092
-0.5958107777839917
-0.5958658198853091
-0.5958658189578977
-0.5958658189578977
-0.5958658189578977
-0.5958658180304863
-0.5958658189578977
-0.5958658198853092
-0.5959208601318037
-0.5958107777839916
-0.5958107777839916
-0.2585679429086636
-0.9331636950071317
-0.5958658189578977
-0.5959208601318037
-0.5958658189578977
-0.5958107777839917
-0.5958107777839917
-0.9331636950071317
-0.5958658189578977
-0.9331636950071317
-0.5958658189578977
-0.2585679429086636
-0.9331636950071317
-0.5959208601318038
-0.9331636950071317
-0.5958658189578977
-0.2585679429086636
-0.5958658189578977
-0.2585679429086636
-0.2585679429086636
-0.9331636950071317
-0.5958658189578977
-0.5958658189578977
-0.5958658189578977
-0.9331636950071317
-0.5958658189578977
-0.5959208601318038
-0.2585679429086636
-0.5958658189578977
-0.5958658189578977
-0.9331636950071317
-0.5958107777839916
-0.5959208601318037
-0.5958658189578977
-0.5958658189578977
-0.2585679429086636
-0.5959208601318038
-0.5958658189578977
-0.5958658189578977
-0.5959208601318037
-0.9331636950071317
-0.2585679429086636
-0.9331636950071317
-0.2585679429086636
-0.5958658189578977
-0.5958658180304863
-0.9331636950071317
-0.5958107777839917
-0.5959208601318037
-0.9331636950071317
-0.5958658189578977
-0.5958658198853091
-0.5958658189578977
-0.5958658189578977
-0.5958107777839917
-0.5959208601318037
-0.9331636940797203
-0.9331636950071317
-0.5958658189578977
-0.5959208601318037
-0.5958658189578977
-0.5959208601318038
-0.9331636950071317
-0.9331636950071317
-0.5958658189578977
-0.9331636950071317
-0.5958658189578977
-0.5958658189578977
-0.9331636950071317
-0.5958658198853091
-0.5958658180304863
-0.5958658180304863
-0.5959759003782984
-0.9331636950071317
-0.2585679429086636
-0.9331636959345431
-0.5958658198853091
-0.5959208601318037
-0.9331636950071317
-0.9331636950071317
-0.2585679429086636
-0.9331636959345431
-0.9331636950071317
-0.9331636950071317
-0.5958107777839917
-0.5958107777839916
-0.9331636959345431
-0.9331636950071317
-0.9331636950071317
-0.9331636950071317
-0.9331636950071317
-0.5958658189578977
-0.9331636950071317
-0.5958658189578977
-0.5958658189578977
-0.9331636940797203
-0.5958658189578977
-0.5959208601318037
-0.5958658189578977
-0.5958107777839916
-0.5958658189578977
-0.2585679429086636
-0.5959208601318037
-0.5958107777839917
-0.9331636950071317
-0.9331636950071317
-0.258567943836075
-0.5958658198853091
-0.2585679429086636
-0.9331636959345431
-0.9331636959345431
-0.9331636940797203
-0.9331636959345431
-0.9331636940797203
-0.9331636950071317
-0.9331636959345431
-0.5958658189578977
-0.5959208601318038
-0.5958658198853091
-0.5958658189578977
-0.5958658189578977
-0.258567943836075
-0.9331636950071317
-0.5958658180304863
-0.9331636950071317
-0.5958107777839917
-0.5958658189578977
-0.258567943836075
-0.9331636959345431
-0.5958107777839916
-0.5958658189578977
-0.9331636940797203
-0.9331636940797203
-0.5959208601318037
-0.9331636940797203
-0.5958658198853092
-0.9331636950071317
-0.5958658189578977
-0.9331636950071317
-0.9331636950071317
-0.5958658189578977
-0.9331636940797203
-0.9331636950071317
-0.9331636940797203
-0.5958107777839916
-0.9331636950071317
-0.9331636950071317
-0.9331636950071317
-0.9331636950071317
-0.5958658198853091
-0.5958658189578977
-0.5958658198853092
-0.258567943836075
-0.9331636950071317
-0.9331636950071317
-0.5959208601318038
-0.9331636950071317
-0.9331636950071317
-0.2585679429086636
-0.5958658189578977
-0.5958658189578977
-0.9331636950071317
-0.9331636950071317
-0.5958658189578977
-0.5958658180304863
-0.9331636940797203
-0.2585679429086636
-0.5958107777839917
-0.9331636940797203
-0.5958658189578977
-0.9331636950071317
-0.9331636950071317
-0.5958658189578977
-0.5958658189578977
-0.9331636959345431
-0.9331636950071317
-0.258567943836075
-0.2585679429086636
-0.9331636959345431
-0.5958658189578977
-0.5958107777839917
-0.5958658189578977
-0.9331636950071317
-0.9331636950071317
-0.5958658189578977
-0.9331636959345431
-0.9331636950071317
-0.9331636959345431
-0.9331636950071317
-0.5958658189578977
-0.5958658198853091
-0.2585679429086636
-0.9331636950071317
-0.5958658198853092
-0.9331636950071317
-0.5958658189578977
-0.5958658189578977
-0.5958658189578977
-0.5959208601318037
-0.5959759003782984
-0.9331636940797203
