-0.5942051114330321
-0.5941733101321794
-0.933163697822009
-0.5941415085544157
-0.5941415085544157
-0.9331636980989201
-0.5941733101321794
-0.2551193192868223
-0.5941415085544157
-0.5941733101321794
-0.5941733101321794
-0.933163697822009
-0.594109706976652
-0.5941415088313268
-0.5941733101321794
-0.594109706976652
-0.594109706976652
-0.594109706976652
-0.5941415085544157
-0.5941415085544157
-0.5941415085544157
-0.5941415085544157
-0.5941733101321794
-0.933163697822009
-0.25511931956373335
-0.594109706976652
-0.2551193192868223
-0.594109706976652
-0.5941415085544157
-0.5941415085544157
-0.5941415085544157
-0.5941415085544157
-0.5941415085544157
-0.5941415085544157
-0.5941415085544157
-0.5941415088313268
-0.5941415085544157
-0.5941415085544157
-0.5940779051219772
-0.25511931900991125
-0.5941733101321794
-0.5941733101321794
-0.5941415085544157
-0.2551193192868223
-0.5941415085544157
-0.5941415085544157
-0.5941415085544157
-0.594109706976652
-0.5941415085544157
-0.9331636980989201
-0.5941733101321794
-0.5942051114330321
-0.5941415085544157
-0.5941733101321794
-0.5941415085544157
-0.5941415085544157
-0.5941733101321794
-0.594109706976652
-0.5941415085544157
-0.2551193192868223
-0.5941733101321794
-0.594109706976652
-0.594109706976652
-0.594109706976652
-0.594109706976652
-0.594109706976652
-0.933163697822009
-0.2551193192868223
-0.9331636980989201
-0.933163697545098
-0.5941415085544157
-0.5941733101321794
-0.5941415085544157
-0.5941415085544157
-0.5941415085544157
-0.5941415085544157
-0.5941415085544157
-0.5941415085544157
-0.5941415085544157
-0.594109706976652
-0.5941733101321794
-0.5941415085544157
-0.5941415085544157
-0.594109706976652
-0.5941415085544157
-0.5941415085544157
-0.594109706976652
-0.5941415088313268
-0.594109706976652
-0.5941415085544157
-0.5941733101321794
-0.594109706976652
-0.5941415085544157
-0.9331636980989201
-0.2551193192868223
-0.5941415085544157
-0.594109706976652
-0.5941415085544157
-0.933163697822009
-0.5941415085544157
-0.5941415085544157
-0.5941415085544157
-0.5941415085544157
-0.5941415085544157
-0.5941415082775047
-0.9331636980989201
-0.5941415085544157
-0.933163697822009
-0.2551193192868223
-0.5941415085544157
-0.9331636980989201
-0.5941415082775047
-0.5941415085544157
-0.5941415085544157
-0.5941415085544157
-0.9331636980989201
-0.5941415085544157
-0.5941415085544157
-0.5941415085544157
-0.5941415085544157
-0.933163697822009
-0.5941415085544157
-0.594109706976652
-0.5941415085544157
-0.594109706976652
-0.5941415085544157
-0.5941415085544157
-0.594109706976652
-0.5941415085544157
-0.933163697822009
-0.5941415085544157
-0.5941415082775047
-0.5941733101321794
-0.5941733101321794
-0.594109706976652
-0.5941415085544157
-0.5941415085544157
-0.594109706976652
-0.5941415088313268
-0.5941733101321794
-0.25511931900991125
-0.5941415085544157
-0.594109706976652
-0.2551193192868223
-0.5941415085544157
-0.5941415085544157
-0.5941415085544157
-0.5941415085544157
-0.2551193192868223
-0.5941415085544157
-0.2551193192868223
-0.933163697822009
-0.2551193192868223
-0.594109706976652
-0.5941415082775047
-0.5941415085544157
-0.594109706976652
-0.5941415085544157
-0.5941415085544157
-0.933163697822009
-0.594109706976652
-0.5941415085544157
-0.5941415085544157
-0.5941415088313268
-0.5941415085544157
-0.5941415085544157
-0.5941415085544157
-0.5941733101321794
-0.5941733101321794
-0.25511931956373335
-0.5941415085544157
-0.5941733101321794
-0.594109706976652
-0.25511931956373335
-0.5941415085544157
-0.2551193192868223
-0.2551193192868223
-0.594109706976652
-0.5941733101321794
-0.5941733101321794
-0.933163697822009
-0.5941415085544157
-0.594109706976652
-0.2551193192868223
-0.5941415085544157
-0.5941415085544157
-0.5941415082775047
-0.594109706976652
-0.5941415082775047
-0.5941415085544157
-0.5941415085544157
-0.5941415085544157
-0.5941415085544157
-0.933163697822009
-0.5941415085544157
-0.5941415085544157
-0.933163697822009
-0.933163697822009
-0.5941415085544157
-0.5941415085544157
-0.5941733101321794
-0.5941415085544157
-0.5941415085544157
-0.5941733101321794
-0.5941415085544157
-0.5941733101321794
-0.5941415085544157
-0.5941733101321794
-0.5941733101321794
-0.5941415085544157
-0.933163697822009
-0.5941415085544157
-0.2551193192868223
-0.9331636980989201
-0.2551193192868223
-0.5941415085544157
-0.5941415085544157
-0.25511931900991125
-0.5941415085544157
-0.5941415085544157
-0.2551193192868223
-0.5941415085544157
-0.2551193192868223
-0.25511931900991125
-0.5941415085544157
-0.5941415085544157
-0.5941415085544157
-0.5941415082775047
-0.594109706976652
-0.5941415085544157
-0.5941733101321794
-0.933163697822009
-0.5941415085544157
-0.594109706976652
-0.5941733101321794
-0.594109706976652
-0.5941415085544157
-0.5941415085544157
-0.5941415088313268
-0.5940779051219772
-0.5941415085544157
-0.2551193192868223
-0.2551193192868223
-0.5941415085544157
-0.5941415088313268
-0.5941415085544157
-0.5941733101321794
-0.5941733101321794
-0.594109706976652
-0.594109706976652
-0.594109706976652
-0.5941415085544157
-0.5941415085544157
-0.5941415085544157
-0.5941415085544157
-0.5941415085544157
-0.5941415085544157
-0.5941415085544157
-0.5941415085544157
-0.933163697545098
-0.5941733101321794
-0.5941415085544157
-0.933163697822009
-0.594109706976652
-0.594109706976652
-0.5941415082775047
-0.933163697822009
-0.2551193192868223
-0.594109706976652
-0.5941415085544157
-0.5941733101321794
-0.933163697822009
-0.5941415085544157
-0.5941415085544157
-0.5941415085544157
-0.5941415085544157
-0.9331636980989201
-0.5941415085544157
-0.9331636980989201
-0.25511931900991125
-0.5941733101321794
-0.933163697822009
-0.594109706976652
-0.5941415085544157
-0.5941415085544157
-0.933163697822009
-0.25511931900991125
-0.5941415085544157
-0.5941415088313268
-0.5941415085544157
-0.933163697822009
-0.5941415085544157
-0.2551193192868223
-0.933163697822009
-0.5941415085544157
-0.933163697822009
-0.5941415085544157
-0.5941415085544157
-0.5941415085544157
-0.25511931956373335
-0.5941415085544157
-0.2551193192868223
-0.594109706976652
-0.9331636980989201
-0.933163697822009
-0.933163697545098
-0.933163697822009
-0.5941415085544157
-0.933163697822009
-0.933163697822009
-0.5941415085544157
-0.5941733101321794
-0.594109706976652
-0.933163697822009
-0.933163697822009
-0.5941733101321794
-0.5941415088313268
-0.5941415085544157
-0.5941733101321794
-0.5941415088313268
-0.933163697822009
-0.5941415085544157
-0.594109706976652
-0.2551193192868223
-0.5941415085544157
-0.5940779051219772
-0.5941733101321794
-0.5941415088313268
-0.933163697545098
-0.5941415088313268
-0.5941733101321794
-0.933163697545098
-0.2551193192868223
-0.5941415082775047
-0.933163697822009
-0.5941415085544157
-0.594109706976652
-0.594109706976652
-0.933163697822009
-0.5941415088313268
-0.933163697822009
-0.5941415088313268
-0.9331636980989201
-0.594109706976652
-0.933163697545098
-0.933163697822009
-0.5941415085544157
-0.5941415085544157
-0.5941415085544157
-0.9331636980989201
-0.933163697822009
-0.5941415085544157
-0.933163697545098
-0.5941415085544157
-0.933163697822009
-0.594109706976652
-0.933163697822009
-0.933163697545098
-0.5941415088313268
-0.5941415088313268
-0.5941415085544157
-0.933163697822009
-0.933163697545098
-0.9331636980989201
-0.933163697822009
-0.5941733101321794
-0.5941415085544157
-0.933163697822009
-0.933163697822009
-0.9331636980989201
-0.9331636980989201
-0.933163697545098
-0.933163697822009
-0.933163697822009
-0.933163697545098
-0.9331636980989201
-0.933163697545098
-0.5942051114330321
-0.933163697822009
-0.5941415088313268
-0.933163697822009
-0.933163697822009
-0.5941415088313268
-0.933163697822009
-0.9331636980989201
-0.933163697822009
-0.5941415085544157
-0.5941415085544157
-0.5942051114330321
-0.933163697822009
-0.594109706976652
-0.933163697822009
-0.9331636980989201
-0.5941415088313268
-0.933163697822009
-0.9331636980989201
-0.2551193192868223
-0.5941733101321794
-0.25511931900991125
-0.2551193192868223
-0.2551193192868223
-0.9331636980989201
-0.5941415085544157
-0.594109706976652
-0.5941415085544157
-0.933163697822009
-0.2551193192868223
-0.5941415085544157
-0.933163697545098
-0.5941415085544157
-0.25511931900991125
-0.933163697822009
-0.9331636980989201
-0.9331636980989201
-0.5941415085544157
-0.9331636980989201
-0.2551193192868223
-0.9331636980989201
-0.2551193192868223
-0.933163697545098
-0.5941415085544157
-0.594109706976652
-0.933163697822009
-0.933163697822009
-0.933163697822009
-0.5941415082775047
-0.933163697822009
-0.933163697822009
-0.5941415088313268
-0.9331636980989201
-0.5941415085544157
-0.5941415082775047
-0.933163697822009
-0.5941415085544157
-0.933163697545098
-0.5941415082775047
-0.594109706976652
-0.933163697822009
-0.933163697822009
-0.5941733101321794
-0.5941415085544157
-0.5941415085544157
-0.594109706976652
-0.933163697822009
-0.933163697822009
-0.933163697822009
-0.5941415088313268
-0.933163697545098
-0.5941733101321794
-0.5941415082775047
-0.933163697822009
-0.25511931956373335
-0.5941733101321794
-0.933163697822009
-0.933163697822009
-0.933163697545098
-0.5941415085544157
-0.5941415082775047
-0.9331636980989201
-0.5941415085544157
-0.933163697822009
-0.5941415085544157
-0.5941415085544157
-0.5941415088313268
-0.9331636980989201
-0.5941415085544157
-0.2551193192868223
-0.9331636980989201
-0.9331636980989201
-0.5941415085544157
-0.5941415085544157
-0.933163697822009
-0.594109706976652
-0.5941733101321794
-0.594109706976652
-0.933163697822009
-0.933163697822009
-0.9331636980989201
-0.5941415088313268
-0.5941415085544157
-0.5941415085544157
-0.933163697545098
-0.9331636980989201
-0.5941415085544157
-0.5941415085544157
-0.5942051114330321
-0.5941415085544157
-0.5941415088313268
-0.5941733101321794
-0.933163697822009
-0.5941415085544157
-0.5941415085544157
-0.9331636980989201
-0.5941415085544157
-0.5941415085544157
-0.2551193192868223
-0.933163697822009
-0.933163697822009
-0.5941415088313268
-0.5941415085544157
