-1.7720371557638321
-1.6345665083090233
-1.631558716773155
-1.6984215507311888
-1.5548383095225893
-1.6295194846220435
-1.5979046828956132
-1.5786295355889286
-1.6546982799769254
-1.7795985508893408
-1.6978141174823675
-1.6526434167582187
-1.5432221368111936
-1.6375660745336236
-1.5566371064380913
-1.6832564793906815
-1.689501794155348
-1.7003414956151075
-1.6375662579069556
-1.6794915912001303
-1.6214897583424186
-1.66022748672466
-1.609260608987182
-1.5848510951007446
-1.60599285472786
-1.6808341450804511
-1.639432126936872
-1.6464929573068088
-1.6706303213643265
-1.5979678627463016
-1.6654184075970824
-1.6440084089407963
-1.6621275746516238
-1.6650121816794479
-1.6484864605718355
-1.596932124229589
-1.6723939046390757
-1.6134652995870316
-1.634720410011385
-1.6445261640639057
-1.676021601685131
-1.649642267870258
-1.6074469772738365
-1.6132770307500384
-1.6772052304476757
-1.669203340177806
-1.6027868466508486
-1.5508461868225196
-1.6228417374078217
-1.536627028683523
-1.6375686564926568
-1.851392232969466
-1.6224949289120616
-1.634303869189146
-1.660713587855982
-1.6324116501703816
-1.6375562342303147
-1.7067961939623928
-1.6585070806155917
-1.6956829614448332
-1.4644806893761602
-1.6080128309770638
-1.6539381704017317
-1.6812453063015647
-1.6403355385833733
-1.63757039824752
-1.6375812241283154
-1.637563851567569
-1.619476936111924
-1.6192897675891627
-1.654271087611832
-1.5976008926983134
-1.5979417128361142
-1.6105828574391712
-1.6286866405950053
-1.6375438228003543
-1.6480288365047155
-1.6160632870981697
-1.6379399769698835
-1.63757101073097
-1.597941067900856
-1.5601291803151187
-1.6476403641364386
-1.637582235773737
-1.7058544326898875
-1.6372122648084324
-1.6452133599867138
-1.711668959028914
-1.597942803841356
-1.6206230758248792
-1.6068511883726395
-1.7078185481341173
-1.6464673977713566
-1.4479275599294599
-1.6164045613035052
-1.5827125638695854
-1.6740601184194228
-1.6464789840139815
-1.637224786369277
-1.6224935421718534
-1.6771836059143885
-1.6772054315519824
-1.7215284490401674
-1.6134325015531545
-1.639593856021197
-1.6677454418987236
-1.635308481169537
-1.6411711880742201
-1.5834718564379227
-1.6375820552421458
-1.628691851297002
-1.5471113698283139
-1.7013400492170807
-1.6134415501747221
-1.6997237547235269
-1.5893013173548698
-1.5586850603673392
-1.6464793293371098
-1.631899391153005
-1.646837856062036
-1.7087983131921893
-1.6137988739185385
-1.7036313399195986
-1.613452739358575
-1.6826470093085744
-1.5595556631051568
-1.64943332803308
-1.701374060030913
-1.6510625220837545
-1.637604740723719
-1.65366419087744
-1.6691751022185992
-1.6428125763599628
-1.6568613746788032
-1.6375841532170945
-1.6439647134710422
-1.6415991851046967
-1.671165664070724
-1.5435512809488674
-1.6768552234041856
-1.6375820798100138
-1.5938402545967727
-1.6427140613708606
-1.644494990668253
-1.6160541771172574
-1.62007879622532
-1.684134346746785
-1.6542987564336211
-1.638365381611908
-1.6886815620638846
-1.6373660258119065
-1.6694389595435115
-1.6286733511752263
-1.589380782534419
-1.6245122820476698
-1.635963714566185
-1.6375858775229424
-1.6272823228964082
-1.654272006804998
-1.5341837483862446
-1.6376231128423993
-1.6327539710135133
-1.6375758284356134
-1.5890438375075877
-1.6224683792212873
-1.6375823086547654
-1.5512469700583624
-1.5822352804289208
-1.6379395091027995
-1.6375823082965162
-1.6395474169099815
-1.592785737318359
-1.5526745010682528
-1.6408183827522793
-1.6627629255027148
-1.6724186856392744
-1.6882336383862238
-1.6267160174488993
-1.6428755576138565
-1.599559281518692
-1.5979513648427504
-1.6279120982870958
-1.6375823541434096
-1.6194899199685957
-1.677206049239494
-1.5820594018094993
-1.64488057673247
-1.7029851076191211
-1.6160522088934655
-1.630653018089478
-1.5979422377353596
-1.6375832421182048
-1.6372367008084825
-1.524208060051051
-1.6002654991641614
-1.66175152217138
-1.6590808414898408
-1.6286844275485204
-1.6772098488241793
-1.6375820078808436
-1.5979591239955386
-1.58904626951
-1.643268586812194
-1.7283626333769664
-1.624609505906279
-1.6464920927072568
-1.6375824672218537
-1.59928777115395
-1.668675463939519
-1.6445112894003786
-1.5943599763853507
-1.6854701341369704
-1.6776046108194764
-1.7019224877781023
-1.7038359916632984
-1.6607839311351302
-1.585191983949425
-1.6683109294168585
-1.5979579881563248
-1.6375817265507657
-1.624315135575693
-1.648995744608809
-1.6436181230600724
-1.5874289922815583
-1.6295186187302213
-1.6134437487585656
-1.7009777307928409
-1.6755729833798179
-1.6682934329502779
-1.6715250105187032
-1.5963620601287387
-1.6375716200151733
-1.553459405118117
-1.6375755176022644
-1.6375981038012146
-1.5484238426238253
-1.6456409987754501
-1.633112641957712
-1.6653083008131793
-1.6295733974899704
-1.658727381924003
-1.589030927758663
-1.6993447852247492
-1.6768755265094597
-1.648470059818437
-1.6526696977735902
-1.5979571827101484
-1.6278748986300458
-1.6424101358547603
-1.646634739260417
-1.622087022038199
-1.5979534146233318
-1.643616682290117
-1.62942360236909
-1.659117070628254
-1.7936613473484795
-1.728376701750342
-1.5878846927224828
-1.6617023967115878
-1.6395623305601061
-1.598364291542623
-1.6283706836680318
-1.851375162239441
-1.453284942694972
-1.4177123847834063
-1.8513922330465298
-1.7265229541308194
-1.6768474936081836
-1.6629295705759537
-1.637599343649318
-1.6274708611387536
-1.501651694444605
-1.8212146441284087
-1.8363023004483487
-1.8302514726210921
-1.8698518290258157
-1.6756991332614144
-1.6375990760145496
-1.8513880149586384
-1.5899385851745182
-1.718203197912235
-1.7019764330301559
-1.63758201425978
-1.6375941783457988
-1.5381065959462972
-1.5162664073402232
-1.8463843922664198
-1.6221511690005224
-1.8618060845869535
-1.8779638478821816
-1.6641566208866128
-1.6083944668626429
-1.8547627970601992
-1.642411922061283
-1.6424305721514871
-1.8698518290258157
-1.8779638479515224
-1.8266643659403767
-1.474395145702006
-1.6134401669291252
-1.3143366543989747
-1.3143366543989747
-1.3143366543989747
-1.8779638479515224
-1.8554369693579262
-1.8779638479515224
-1.5301719037572699
-1.645750178143488
-1.8779638480208634
-1.8738855536128656
-1.5826534867687228
-2.095739873087852
-1.5976034272736408
-1.5975873229194812
-1.626930596705941
-1.5940884982321082
-1.6556715158277626
-2.0957820654266683
-1.8779930096393465
-1.5693556547427667
-2.0916615787491946
-1.6758031355428924
-2.0916621138385576
-1.8739083654271282
-2.095739873087852
-1.596769129355069
-1.6226378885339263
-1.62411817226061
-1.8779930096393465
-1.6602039538520244
-2.0916621138385576
-1.8779799789883536
-1.6356024853614666
-1.677226438883473
-2.036953705464727
-1.8799596963401364
-1.889979685115889
-1.6200707244542616
-1.639195527044594
-1.8779799789883536
-1.3455912018442018
-1.6068778112031623
-1.661719133136393
-1.907304623680588
-1.8738856559696901
-1.8587845982053302
-2.076580049698072
-1.6283157870891665
-1.8664501773035456
-1.864848673092233
-1.8328984956658791
-1.516263587822595
-1.6556859631941387
-1.862831558963629
-2.095739873087852
-2.0916838710594776
-1.6327582242389302
-2.0916615787491946
-1.6546508835780651
-1.6391984718282038
-2.0916615787491946
-1.6558774315262885
-1.8588259720439362
-2.0916615787491946
-2.0280558768799395
-1.79310917096072
-1.8739523993729477
-1.5868964139299102
-1.7218934993522628
-1.7292382553130923
-1.6927005394791566
-1.605992424701609
-1.359844606549888
-2.0916968861250953
-2.0916615787491946
-1.8738860887715696
-1.5979504557587414
-1.5890339903076955
-2.0766150278312585
-2.0458507065743285
-1.5216160789977722
-1.6436326977109028
-1.8739301070626808
-2.0916968861250953
-1.8613602776553564
-1.806628912777189
-1.7309088031878446
-1.8739078303377732
-2.095739873087852
-1.6043868014383262
-1.616364658146623
-1.6125789541394315
-1.8719287220908896
-2.1003316176399083
-1.98630013637918
-1.877992408685343
-1.8554394512669408
-1.8803765725238781
-1.8739301233644725
-2.0916615787491946
-2.0916615787491946
-1.5979427189415936
-1.8588431749171266
-2.0916838710594776
-2.018614201157472
-2.0916615787491946
-1.873928374530047
-2.1003316176399083
-2.1003316176399083
-2.1037873792769664
-1.683257057886221
-2.1038703244574233
-1.6295509203647451
-1.6124451361866927
-1.8699177577269768
-1.8114803427992783
-1.4857672427849495
-2.091148128535796
-2.1003316176399083
-1.8474145681553218
-1.7642494143296903
-2.0957398730878523
-1.666577838636916
-1.8780221713965115
-1.4803923030037152
-1.8307181258311223
-1.6365453476782923
-2.088235706699445
-1.5665761217890655
-1.8780060402903391
-2.1003316176399083
-1.9095433036366258
-1.8628920716696773
-1.771828619146405
-2.091148128535796
-1.601620655997043
-1.7187549896333434
-1.9277041721389474
-1.9095433036366258
-2.1003316176399083
-1.5350943487157869
-1.6772023420217355
-1.8763663514477384
-2.1003316176399083
-1.6621339678134797
-2.1003316176399083
-2.0957398730878523
-1.8489970204900374
-1.9095433036366254
-2.1003316176399083
-1.9038145662414414
-1.7323285789524285
-2.1003316176399083
-1.648717275864747
-1.9549008092889677
-2.0957398730878523
-2.1037873792769664
-1.7421693688173525
-1.876886294201091
-1.8763663514477384
-1.7959434688586564
-2.1003316176399083
-1.8763663514477384
-1.739391449912284
-1.637569901255435
-2.0912843791352107
-2.0957407434421187
-1.8940860050990034
-1.6843275094533992
-1.863498486669382
-1.8529530895562845
-1.874974705340147
-1.8363286853311465
-1.7357417815534444
-2.1037873792769672
-1.8207697832455056
-2.1003316176399083
-1.900737573442493
-1.8944819000214936
-2.182468011541207
-1.6355544287787958
-1.865861748264124
-2.443325344224244
-1.9285989542891537
-2.077590638765754
-1.7118559333072636
-1.8624779886800804
-2.1038703244574233
-2.19855887975547
-2.042781889688421
-2.115503740867803
-2.443325344224244
-1.8652803682838421
-1.4523592163987034
-1.958194782664152
-1.9917087322085147
-1.8167335178307518
-1.7019163412047402
-1.5480927250264767
-2.19855887975547
