-5.933202476120366
-3.5916782895957917
-4.628111313867222
-4.3029110244469395
-4.130719967571659
-4.37617226251055
-3.3904855376903003
-4.4307655680406794
-4.366838209035774
-4.656078511669084
-4.463369195200197
-4.461541641414355
-4.395663759062021
-3.3904545137433844
-3.358809059235305
-4.39503417238128
-4.566205482590681
-3.5786924723284956
-4.325466898161836
-4.367791293867302
-4.394987391322839
-4.386971629603706
-4.414812571631551
-4.420370947054303
-4.395244850966296
-3.391200283502727
-4.371426096054556
-4.301657108468194
-4.3672272861642165
-4.096428515903244
-5.399205816200878
-4.278082634600752
-4.466009081939796
-3.3244527664048653
-4.3052121084384245
-4.399697081826042
-5.399113009335206
-4.400758027913764
-4.460797090342661
-4.1648302257271546
-4.4214731340729445
-4.414377346406993
-5.40577084042207
-3.415765081218995
-4.385259136373946
-4.298606494910243
-4.488474323740315
-4.48977708133288
-4.382290478192632
-4.130583144053592
-4.396248630230266
-4.400078141911533
-4.372064380252269
-5.423629442074701
-4.160681394129661
-4.42357799730081
-5.146401539998643
-4.3927639659347415
-5.465151368484947
-4.59746509935532
-4.394034339732369
-4.420613201679134
-4.158606373593228
-4.400746822913476
-4.39704648700579
-4.343631016635142
-3.5010827239050513
-5.165167162618934
-4.423162876859565
-4.628325566184056
-4.169051172072071
-4.423571623350828
-5.004496124562776
-4.699622116035254
-4.228786516800502
-4.391390623835449
-5.6153441734366965
-4.313853056726255
-4.375514962584837
-4.303561168173772
-4.544010796676512
-4.410310373559857
-4.247766131117796
-5.154832781575741
-4.396059860310315
-4.627754674002771
-4.328216658290989
-4.141053424104005
-4.32657191588296
-4.383329269603968
-4.487256304641066
-4.675238977486597
-4.3732781321031045
-4.420039738346616
-4.539131121842662
-4.048941630258154
-4.3953353136026605
-4.531310851882326
-5.700472524916889
-4.320607296404194
-4.420749944581202
-4.394874826556877
-4.604406880717607
-4.483001171016607
-4.3947782865313645
-4.365563865237607
-4.39163727370184
-4.394763491159047
-4.487572622969199
-4.598415538438813
-4.758921720886356
-5.9441365451514585
-4.628572927744045
-4.633538691425212
-4.426639022470461
-4.07482412289448
-4.493078729533335
-4.396300717246448
-5.045774728406252
-4.419396160449497
-4.135712573463639
-4.372187731007403
-4.628433792626598
-5.497500522762568
-4.570747820384203
-4.188502007083102
-4.460716646239832
-4.395321123611462
-5.666277273970256
-4.659897341849167
-4.227482287913538
-4.395823333350692
-4.164334430537033
-4.4246194459667105
-4.399880461835086
-5.4033122878972515
-4.237276964575864
-4.628627683741652
-4.395181813156247
-4.663931745863649
-4.1626201199316055
-4.62905091761854
-4.632267378029337
-5.395524802132197
-4.302870095195806
-3.3179426098718743
-4.389617765199857
-4.550562433678266
-4.6250195756122565
-4.460738234505575
-4.388175448654099
-3.468316472161074
-3.333993582908288
-4.395292989852494
-5.398738978989621
-3.3882925960038603
-4.463970438501966
-5.3986425406662955
-4.435395258427034
-4.305249912055163
-4.464884291191582
-4.49497113283721
-3.39005593397614
-4.6187206386928015
-4.447505156376733
-4.250809932125859
-5.399484748748963
-4.15942525656362
-4.791425350581641
-4.653788695661478
-4.419658495700331
-4.390298433237137
-3.8059994317134196
-3.1845072824807827
-4.304467721823475
-4.952510226225108
-4.461489445479141
-4.353056341138148
-4.19858257009563
-4.3963233599209985
-4.6849976705398575
-3.714765179284153
-4.200538609608736
-4.6560618941996195
-4.106442191191503
-4.362463104227619
-4.725198406368404
-4.2139606630847215
-4.330038254345674
-4.110669131054998
-5.99379352400539
-4.465909489099285
-4.2237314425528805
-4.397600280456337
-3.3909379482518935
-4.5494873918476495
-4.5734951960227255
-4.464610692300493
-4.286761525361698
-4.621316599706245
-4.3710265365513585
-4.394094921389048
-4.36992319324787
-4.397869326422219
-3.3589695420421943
-4.4611377940087715
-4.297722253554332
-4.52641886470211
-4.395398278430588
-4.357890899319986
-4.628053568602171
-4.453719064562212
-4.6300185535393386
-4.385197715301936
-4.3950556349235175
-5.221955395644482
-4.489565473413246
-4.629835123775052
-4.185091745048938
-3.5223787480368323
-4.399395142103405
-4.490945518682818
-4.1512731180474916
-3.3252857031935648
-4.628785991107543
-4.461137246998196
-5.399484748748963
-4.3016994316702775
-4.3627797243206
-4.3267162814449565
-4.247948662041081
-4.581192667671172
-4.676590225161745
-3.3914872842720167
-4.3893633168692
-4.1921081539113185
-4.486670432960042
-4.491411795108211
-4.590964538311327
-3.578753856666504
-4.297112714568423
-4.38998619853532
-4.374867771355613
-4.365788957039648
-4.403928334019181
-4.460321822802957
-4.20231421710619
-5.172927665979333
-4.164341663700707
-4.423167540704883
-3.61428483975188
-5.73524314425778
-4.161636705893313
-4.371575536085738
-4.16137437064248
-4.395807497275908
-3.5332168842473624
-5.779222226937071
-5.399223078173137
-4.74945337630865
-5.337437977713828
-5.941932112977546
-4.475676539743518
-4.461414642327032
-5.4805685486161435
-4.630523634629869
-4.395211348500428
-5.731518312186139
-4.3635849162034726
-5.733616608711602
-4.391735905908591
-5.464219588546426
-3.2561122090680694
-5.937624354272337
-4.235767606729262
-4.141210270901499
-5.396679999564285
-4.394915510783727
-4.7435298673825725
-6.004317814669186
-1.955366775497644
-5.731814149902839
-5.9509262471705515
-4.6343672492441135
-4.394513013460477
-5.821205128483194
-6.004232446729242
-3.8101639358584762
-6.721564243146079
-6.352823429164859
-4.632948829672793
-3.474838249775725
-5.173190916772287
-4.6004488527450045
-5.461531519784098
-5.4754194785516885
-4.749751663213358
-5.278334954735189
-5.990934755972578
-5.399904808919
-5.464189048194066
-4.426116785136817
-3.2793482366421274
-5.0613934677079016
-6.799696693784822
-4.1613570241419024
-5.3174919531834774
-4.466450267808381
-5.332313032592379
-6.352823429164859
-5.40606072954852
-6.355413235394302
-5.729687227162957
-5.202555620243001
-5.625257873845628
-5.731814149902839
-4.739742258542659
-6.787416902947833
-6.049501390293096
-6.348174023087239
-4.188089259125559
-5.985027275633564
-5.3984659160171
-5.682539609485615
-5.401538134026896
-6.722527640395218
-5.738987279976244
-6.722417761696762
-4.157557795412009
-6.658570280626956
-6.725648161112289
-6.344298385581228
-6.721283126321916
-4.964874921820599
-5.447423445628137
-5.983709843150848
-6.6585702806269556
-5.948583385207083
-5.941766831866646
-5.397911791100008
-5.881513545796201
-6.782179167467927
-6.7261864073913324
-6.799958060546864
-6.353195168578615
-6.417373285639648
-4.357734261796042
-5.490237021283928
-6.418106145035782
-6.78802568238922
-5.557628492361048
-6.790999474070388
-6.7298483568585015
-6.78802568238922
-6.0098936849494855
-6.414724370732088
-5.713099810628227
-6.418327474923355
-5.282408531783611
-6.723050867872559
-6.024460086061378
-6.792348714851882
-6.661978624121081
-6.356816361434326
-6.811668425409827
-6.356045373081306
-6.72260346751923
-5.493650401242865
-5.447161657840671
-6.64600897620671
-6.759340344013156
-6.72764785361071
-5.152753044105897
-5.666212506514688
-6.748195372163375
-5.507063005100331
-5.398637846711118
-5.465316673919323
-5.210396843215446
-6.003604671620039
-6.341563938074069
-5.961158124334858
-5.986318896993035
-5.3778834965793845
-6.811670362387412
-6.805695527371622
-3.534777453286621
-5.9501329630979285
-6.723050867872559
-6.66006496751077
-6.414564054399555
-6.646010913184296
-6.7813342422653955
-6.7284669613945125
-6.010263044215149
-4.397241787209742
-4.565593534974733
-6.703053028532477
-6.206541287085022
-6.726035029376357
-6.413966322783523
-6.068883927087699
-6.432665736258523
-4.4892589673618435
-6.782769389459047
-6.725853220277958
-6.7964247051826945
-6.693298336203096
-6.773042360435335
-6.7964247051826945
-6.43835878919583
-4.98635001999499
-5.899951330958096
-6.783770760588124
-5.908371883176375
-6.7250392734925555
-4.573023350532692
-6.799577428334146
-6.805693590394037
-6.805695527371622
-6.755050398392484
-6.805695527371622
-6.432675029304182
-6.724678406520721
-6.805695527371622
-5.061150387434127
-6.7258224151598425
-6.422193479906797
-6.009845349793581
-6.752299284192757
-6.767678926541748
-6.811670362387412
-6.790999474070388
-6.058818988619227
-6.447440176281147
-6.747391528555218
-6.805695527371622
-6.727557821113756
-4.397969641391693
-6.811670362387412
-4.423907321770071
-6.409022024749122
-6.646010913184295
-6.728840637785854
-6.07824684549389
-6.490198778003432
-6.811670362387412
-5.733170905454536
-6.701386922208515
-6.728840637785854
-5.404191300085941
-6.725843927232299
-6.811670362387412
-6.728839669297061
-6.455788971932752
-6.811670362387412
-6.009845349793581
-6.693298336203096
-5.711675102637667
-6.811670362387412
-5.336294524442644
-6.7246685419411705
-5.360292762627961
-6.782051815862221
-4.295054101379966
-6.805695527371622
-6.503973327840418
-4.400212665268844
-6.728839669297061
-6.805695527371622
-6.3794327380275275
-5.932785556177816
-6.438368082241489
-6.782051815862221
-4.39926096042948
-4.1620334319633585
-5.054329762283284
-6.811670362387412
-6.378445592435648
-6.510549485760162
-4.6539378672046485
-6.799720692355831
-6.669654624693695
-6.4331038367031965
-6.811670362387412
-5.194162494746533
-5.399723299509283
-6.693298336203095
-3.389176207672803
-6.764382939368612
-4.09582701826744
-6.362040605989019
-6.752492020581101
-6.379675967256755
-6.693298336203096
-6.672623487105146
-4.39066535986515
-6.764382939368612
-4.627473851104639
-6.43738517934891
