-1.7727831647351975
-1.6017521807641866
-1.6329150315880416
-1.4435156760318373
-1.5953908892255346
-1.635812582887755
-1.6857913967862617
-1.5766053727427414
-1.6531775718044117
-1.6791345871391972
-1.6259322278361483
-1.64925263056546
-1.613721466122673
-1.6547663263458232
-1.6850001815074047
-1.6065041115343566
-1.6375820309292117
-1.7402422355838292
-1.6707775914214467
-1.61252789680009
-1.6422583287983392
-1.6356774788054151
-1.6175573040735496
-1.6550938745171426
-1.5997118434838107
-1.6375808830467635
-1.6995944019076263
-1.6387406798952486
-1.6461468291250343
-1.6311545761587034
-1.6519360082877586
-1.6069066655068927
-1.6735494065162655
-1.5759669622735206
-1.7351402226214736
-1.6317367597706394
-1.7230476059180724
-1.63290633867818
-1.646161335535921
-1.3083251793735082
-1.705036944623188
-1.6854040008162439
-1.63758186624229
-1.643593137141361
-1.6393601311540773
-1.688930439139506
-1.599702925987948
-1.5979515897671046
-1.61116895332475
-1.6220203818266232
-1.724589783259633
-1.6487901226713502
-1.6344662036203257
-1.6232096445161468
-1.6084035609390057
-1.6294104685068116
-1.4128969434568268
-1.5833579956395534
-1.5456526411908125
-1.6136555889346442
-1.6461532006218509
-1.7085029682926125
-1.6772528843694623
-1.6375854291417018
-1.6010492962447949
-1.52719641412118
-1.6072456607181942
-1.6243263434235347
-1.6796656113658017
-1.6494093428101135
-1.5975497938921164
-1.6045234404761182
-1.8390024683579766
-1.644247654440743
-1.6533150213331584
-1.637582049672039
-1.7089159438810761
-1.6146405244303044
-1.6229970613223887
-1.6375642513647133
-1.5953876345194828
-1.6990104179233976
-1.6869043225996756
-1.6348596984426558
-1.5979346393462688
-1.7191808799979766
-1.678990717835273
-1.6608997351936035
-1.6791352644674835
-1.6336520912763923
-1.6072455963103003
-1.6832220066297037
-1.6768497278361187
-1.64423885922713
-1.6229981857279872
-1.6735393926490345
-1.637975088587706
-1.8293301077560231
-1.6103570210522609
-1.6200764310218623
-1.6725946442397401
-1.64615160605809
-1.6313550216588344
-1.6200803659884278
-1.6340437663592176
-1.647699260025137
-1.664717926428589
-1.6375908668486554
-1.644794583513265
-1.63758210598641
-1.713604810834916
-1.5258633640667112
-1.6599276411306505
-1.6469159470563848
-1.637599137696192
-1.677614420393866
-1.7677715911951293
-1.6958614876092737
-1.6422495612181844
-1.596043357294241
-1.6439887235825617
-1.5743907342467076
-1.667507848196982
-1.6056673973085582
-1.6154453134063673
-1.6271120395229346
-1.6371948225257658
-1.6550753637466171
-1.6960996104253065
-1.647300660794461
-1.5947992802781283
-1.6771725527782202
-1.5932669241288573
-1.5882287888868878
-1.6791196251382203
-1.652370407262366
-1.6851672721419853
-1.6597213198626906
-1.6502225151346952
-1.6540250930901745
-1.615444544528323
-1.6440186026501307
-1.6375825150042678
-1.5785189064456682
-1.6375817093345981
-1.6597204947533233
-1.625954450147224
-1.6822776824792953
-1.669479082933203
-1.6573806170451846
-1.6065072921858596
-1.5998479160470926
-1.6175193423558913
-1.5979561271338303
-1.677203775618393
-1.6142559330665387
-1.630793858489403
-1.6729482223995373
-1.5932839861444776
-1.685788047168058
-1.6947282902323137
-1.5536366524436485
-1.6492496318250502
-1.6687106854385805
-1.6404985264662688
-1.6097768480450414
-1.5574145359796843
-1.5979432022294011
-1.7443121006310607
-1.5804454118718732
-1.6171634519173361
-1.5290751642421394
-1.6558576518245485
-1.6725764339235538
-1.647479956389395
-1.5900943458773216
-1.7071468254650048
-1.6645814156842138
-1.6753259695321723
-1.4551540463036705
-1.6901010804982974
-1.6636000535457915
-1.6987880606138464
-1.6394832143589237
-1.6772259872391617
-1.5987738541573648
-1.6018639374867538
-1.6884100125962598
-1.63580783097407
-1.669659966993947
-1.6115098011175661
-1.5463530790695579
-1.6674795683787784
-1.6461436904751956
-1.6348163979862917
-1.6356638546973563
-1.7005797301221728
-1.5790651656858576
-1.591515029872662
-1.6499966175546374
-1.6356796132164586
-1.6329061897271435
-1.7186299502544782
-1.8378059926372343
-1.5612112902581856
-1.6526976297689138
-1.6713940186511125
-1.6317483073866028
-1.6772212221739555
-1.5979558092143715
-1.5488509915216124
-1.5979336929143941
-1.68769140781722
-1.633723513760437
-1.7075975432434354
-1.6154132719196306
-1.7215725689627654
-1.553233028145737
-1.6540981777549875
-1.3821777073575654
-1.655092955524644
-1.6414942399492105
-1.627860206733708
-1.6076662345410688
-1.6212883218582632
-1.5411190479074741
-1.637573310363421
-1.6394876130595235
-1.6200808298771374
-1.637581982827662
-1.5919459611927909
-1.5419580444573202
-1.6371850553362646
-1.6201083130741227
-1.6609356974558462
-1.5505247285901755
-1.5306521123225134
-1.6772302861155641
-1.5979284104148328
-1.6589679129988886
-1.6131286689561457
-1.6095779000933292
-1.6433858600678448
-1.7162131412113668
-1.6849545222737454
-1.5961731321342578
-1.6375824297307484
-1.6200795330306519
-1.6317653346613057
-1.6375734318590158
-1.5736252870128995
-1.6267747785421924
-1.6772081230592284
-1.6706227892883851
-1.6873957149795809
-1.633299185436217
-1.5766023036393197
-1.8390024683579766
-1.708916005614498
-1.637582288931534
-1.6375830068965689
-1.5961730484428704
-1.6984058308263306
-1.6815505420803531
-1.728563614877676
-1.7935474027669294
-1.7104930145457415
-1.5534424286307704
-1.6200767628083237
-1.75641363912512
-1.756936271677517
-1.7009635095952165
-1.6057206558063117
-1.8293301077560231
-1.6772224235385131
-1.5804404927676126
-1.833011264362753
-1.6649912050044984
-1.5833580619626901
-1.6725941540654985
-1.6193008712931793
-1.5629477187884109
-1.8304315605853727
-1.6772126370964022
-1.7546351415284671
-1.6550843017387853
-1.6375822614302247
-1.668298606515768
-1.6430223900924714
-1.6832449315478093
-1.657476712794276
-1.621264707636647
-1.597943064730975
-1.7227511828705548
-1.6626371873570034
-1.6763984260541376
-1.6455452719645933
-1.8660499171561424
-1.8337030569793422
-1.8331391130618508
-1.595640269559203
-1.6962604572014115
-1.6014831127631988
-1.659157503997796
-1.6569877444021945
-1.6076824325645502
-1.6376078922707198
-1.5808429152647774
-1.6500781445960875
-1.8708858388952685
-1.5057092444124849
-1.7297169177380065
-1.5294425228896107
-1.6461626259267335
-1.8708730699223541
-1.6684980824709892
-1.7042399513007607
-1.8226719546159789
-1.6539001033562817
-1.8463399803168055
-1.874546719082371
-1.6556554028152934
-1.8690646788645737
-1.8330027926392471
-1.8413435313880815
-1.6422256321539006
-1.7170635056498722
-1.8017767459753595
-1.8726422296298737
-1.5946035557679736
-1.6918205258110035
-1.7023262287430616
-1.8312336857333937
-1.8854578901465824
-1.869104015818167
-1.8312344137729855
-1.8102992260469013
-1.6684707458807444
-1.7347830078722184
-1.876716244034819
-1.6822775858359664
-1.7587129725318975
-1.8843418263071756
-1.853732511981165
-1.8780775403497054
-1.7118638108273072
-1.7231332063685851
-1.8952234129461731
-1.7781596115715002
-1.778155527784019
-1.818985859501443
-1.6968884026569455
-1.8897827611702298
-1.872642061685485
-1.7018830484445018
-1.8331545668464426
-1.8952234129461731
-1.7077700085268053
-1.8569442678553232
-1.8897826196266743
-1.8780830072643315
-1.7249076392261422
-1.806965704747352
-1.8483724872748486
-1.8691040001331263
-1.5148764762962115
-1.662686992518383
-1.7781596115715002
-1.856944366418682
-1.7227408937565842
-1.6597198167133738
-1.8952234129461731
-1.7194667043630878
-1.8880048993372254
-1.8991528516671587
-1.6633935546152805
-1.8991538807386696
-1.6047320503471014
-1.7781499622432462
-1.648315278006578
-1.7826178973803002
-1.7111065698960433
-1.9459365639840034
-1.7172701924039946
-1.6836253467884168
-1.567011357370861
-1.831603378193999
-1.9459256301547512
-1.8118312985713927
-1.763951703281569
-1.799198080871224
-1.7118325859939807
-1.719443892945752
-1.5707185534607966
-1.853348583157367
-1.9342574341247534
-1.7639506864813634
-1.8018884023598347
-1.8784852681687079
-1.7956771672167475
-1.5975497198685797
-1.8352390164601524
-1.7756098564347202
-1.804634551529131
-1.7814533712985399
-1.9459256301547512
-1.6851860345429601
-1.6352896436803217
-1.578497825695206
-1.702326571052565
-1.7974284213517362
-1.7991965484444994
-1.6375821739387932
-1.9342754916536082
-1.7894138484361997
-1.803172896104702
-1.9401048942815642
-1.8691166709926579
-1.681325727796471
-1.6725645802368851
-1.7861339893715318
-1.8094279995081237
-1.9400828287870644
-1.8316022339409646
-1.934253713675513
-1.945917247360887
-1.8018787220392734
-1.6092505243444433
-1.9401005609041797
-1.9356264790088353
-1.661272380638406
-1.945917247360887
-1.775605549939728
-1.717268783682493
-1.7756161209848906
-1.769780275205674
-1.9400983091512212
-1.7505088676663234
-1.6169644900970428
-1.7814408687309105
-1.9400958217589246
-1.945921570022479
-1.9400870118168982
-1.9400728017904627
-1.831588742506264
-1.581936333187846
-1.7172731063440845
-1.945917247360887
-1.7814408687270196
-1.945917247360887
-1.4742973222935951
-1.8032610133866913
-1.6373968764927251
-1.6772309958634362
-1.945921570022479
-1.945921570022479
-1.8718789662227313
-1.6257043608271047
-1.9546724620732243
-1.4757008491560824
-1.6123252098715721
-1.9478662124001676
-1.7376852864373045
-1.7268099884585584
-1.6625456973599129
-1.9546724884743287
-1.7974271901313923
-1.8166483454972124
-1.7974271901313923
-1.59985088934977
-1.7955224680045023
-1.9478662124001676
-1.9546724884743287
-1.95467243567212
-1.9400876525647885
-1.9546726370560874
-1.8279111795358842
-1.9546726370560874
-1.8461790492381274
-1.7581029066270575
-1.9560497533609742
-1.788084880955375
-1.9492433287050543
-1.790190616526676
-1.9532880186084025
-1.9560497533609742
-1.7623982679672063
-1.8421240018747216
-1.778524076096908
-1.8895229127979085
-1.9546724620732243
-1.7748526286841835
-1.956049578378111
-1.7911745715764618
-2.0344012152088684
-1.4708363938184519
-1.9268799379028412
-1.647923760950067
-2.0343922194868607
-1.8917445766325471
