-0.5925681311080547
-0.933163698724663
-0.5925321501629562
-0.5925141596508334
-0.933163698724663
-0.5925321501629562
-0.9331636986455158
-0.592550140675079
-0.933163698724663
-0.5925321502421034
-0.5925141596508334
-0.5925321501629562
-0.933163698724663
-0.5925321501629562
-0.592550140675079
-0.5925321501629562
-0.5925321501629562
-0.5925321501629562
-0.5925321501629562
-0.592550140675079
-0.5925321501629562
-0.5925321501629562
-0.25190060168039663
-0.5925321502421034
-0.5925141596508334
-0.5925321501629562
-0.592550140675079
-0.5925321501629562
-0.933163698724663
-0.592550140675079
-0.5925141596508334
-0.933163698724663
-0.5925321501629562
-0.592550140675079
-0.5925321501629562
-0.5925321501629562
-0.933163698724663
-0.5925141596508334
-0.592550140675079
-0.592550140675079
-0.5925321501629562
-0.5925321501629562
-0.5925321500838091
-0.5925321500838091
-0.5925321501629562
-0.5925321500838091
-0.5925321501629562
-0.592550140675079
-0.5925321501629562
-0.5925321501629562
-0.25190060160124944
-0.5925141596508334
-0.9331636986455158
-0.25190060160124944
-0.5925321501629562
-0.5925321502421035
-0.25190060160124944
-0.9331636988038101
-0.592550140675079
-0.5925321502421034
-0.592550140675079
-0.5925321501629562
-0.5925321501629562
-0.5925321501629562
-0.592550140675079
-0.5925141596508334
-0.5925321502421034
-0.5925141596508334
-0.592550140675079
-0.5925321501629562
-0.5925321501629562
-0.5925321501629562
-0.25190060152210225
-0.5925141596508334
-0.933163698724663
-0.5925141596508334
-0.5925321501629562
-0.592550140675079
-0.5925321501629562
-0.592550140675079
-0.25190060160124944
-0.5925321502421035
-0.5925141596508334
-0.5925321500838091
-0.933163698724663
-0.5925321501629562
-0.5925321501629562
-0.9331636986455158
-0.5925321502421034
-0.5925321502421034
-0.5925321501629562
-0.5925321501629562
-0.5925321501629562
-0.592550140675079
-0.25190060160124944
-0.5925141596508334
-0.5925681311080547
-0.5925321502421035
-0.5925321501629562
-0.5925321501629562
-0.5925321501629562
-0.25190060160124944
-0.9331636986455158
-0.933163698724663
-0.5925321501629562
-0.5925141596508334
-0.5925321501629562
-0.592550140675079
-0.9331636988038101
-0.592550140675079
-0.592550140675079
-0.5925141596508334
-0.25190060160124944
-0.592550140675079
-0.5925321501629562
-0.5925141596508334
-0.592550140675079
-0.5925321501629562
-0.5925141596508334
-0.592550140675079
-0.25190060168039663
-0.5925321501629562
-0.5925681311080547
-0.592550140675079
-0.5925321501629562
-0.5925321501629562
-0.5925141596508334
-0.5925321501629562
-0.25190060152210225
-0.5925321501629562
-0.5925141596508334
-0.592550140675079
-0.5925321501629562
-0.5925321502421034
-0.592550140675079
-0.25190060160124944
-0.592550140675079
-0.25190060152210225
-0.5925141596508334
-0.592550140675079
-0.592550140675079
-0.25190060160124944
-0.5925321501629562
-0.933163698724663
-0.592550140675079
-0.5925321501629562
-0.5925141596508334
-0.5925321501629562
-0.5925321502421035
-0.592550140675079
-0.5925321502421035
-0.5925321501629562
-0.592550140675079
-0.5925321501629562
-0.933163698724663
-0.5925321501629562
-0.5924961690595634
-0.5925141596508334
-0.592550140675079
-0.5924961690595634
-0.5925681311080547
-0.5925321501629562
-0.5925321501629562
-0.5925321501629562
-0.5925141596508334
-0.592550140675079
-0.5925321501629562
-0.5925321502421034
-0.5925321500838091
-0.5925321501629562
-0.5925321501629562
-0.5925321502421034
-0.25190060168039663
-0.5925321501629562
-0.25190060152210225
-0.5925141596508334
-0.5925321501629562
-0.5925321501629562
-0.933163698724663
-0.5925321501629562
-0.5925321501629562
-0.592550140675079
-0.592550140675079
-0.592550140675079
-0.5925321501629562
-0.5925141596508334
-0.933163698724663
-0.5925321501629562
-0.5925321502421034
-0.25190060160124944
-0.5925141596508334
-0.5925321501629562
-0.5925321501629562
-0.5925321501629562
-0.5925321501629562
-0.5925141596508334
-0.5925321501629562
-0.5925321501629562
-0.592550140675079
-0.5925321500838091
-0.592550140675079
-0.5925321501629562
-0.5925321501629562
-0.5925321501629562
-0.5925321501629562
-0.5925321501629562
-0.25190060160124944
-0.592550140675079
-0.5925321501629562
-0.5925321501629562
-0.5925141596508334
-0.5925321501629562
-0.592550140675079
-0.5925321501629562
-0.5925321501629562
-0.592550140675079
-0.5925321501629562
-0.592550140675079
-0.5925321501629562
-0.5925141596508334
-0.5925141596508334
-0.25190060160124944
-0.5925141596508334
-0.5925321501629562
-0.5925681311080547
-0.9331636988038101
-0.25190060160124944
-0.5925321501629562
-0.5925141596508334
-0.25190060160124944
-0.25190060160124944
-0.5925141596508334
-0.5925321501629562
-0.5925141596508334
-0.592550140675079
-0.5925321501629562
-0.5925321501629562
-0.5925141596508334
-0.5925321501629562
-0.592550140675079
-0.25190060160124944
-0.5925321502421035
-0.592550140675079
-0.5925321501629562
-0.5925321501629562
-0.5925321501629562
-0.592550140675079
-0.5925141596508334
-0.933163698724663
-0.25190060160124944
-0.933163698724663
-0.5925321502421034
-0.933163698724663
-0.592550140675079
-0.9331636988038101
-0.592550140675079
-0.5925141596508334
-0.5925321501629562
-0.5925321501629562
-0.933163698724663
-0.5925321501629562
-0.5925321500838091
-0.592550140675079
-0.25190060160124944
-0.5925321502421035
-0.5925141596508334
-0.5925321500838091
-0.5925321501629562
-0.5925141596508334
-0.5925321501629562
-0.933163698724663
-0.592550140675079
-0.5925141596508334
-0.25190060160124944
-0.5925321501629562
-0.5925141596508334
-0.592550140675079
-0.933163698724663
-0.5925321500838091
-0.592550140675079
-0.933163698724663
-0.5925321501629562
-0.5925141596508334
-0.5925321501629562
-0.5925321501629562
-0.5925321502421035
-0.5925321501629562
-0.5925321501629562
-0.5925321501629562
-0.9331636986455158
-0.5925321501629562
-0.5925321502421034
-0.592550140675079
-0.5925321501629562
-0.5925321501629562
-0.25190060168039663
-0.25190060160124944
-0.5925321502421035
-0.5925141596508334
-0.25190060160124944
-0.592550140675079
-0.25190060160124944
-0.5925321501629562
-0.5925141596508334
-0.5925141596508334
-0.5925321501629562
-0.5925321501629562
-0.5925321501629562
-0.5924961690595634
-0.592550140675079
-0.9331636988038101
-0.5925141596508334
-0.933163698724663
-0.592550140675079
-0.5925141596508334
-0.5925321501629562
-0.5925321501629562
-0.592550140675079
-0.5925321501629562
-0.5925681311080547
-0.9331636986455158
-0.9331636986455158
-0.25190060160124944
-0.5925321501629562
-0.5925321502421034
-0.25190060152210225
-0.5924961690595634
-0.5925321501629562
-0.5925681311080547
-0.5925141596508334
-0.25190060160124944
-0.5925321501629562
-0.933163698724663
-0.5925321502421035
-0.933163698724663
-0.5925141596508334
-0.25190060160124944
-0.5925321501629562
-0.5925321501629562
-0.592550140675079
-0.933163698724663
-0.9331636988038101
-0.592550140675079
-0.5925321501629562
-0.9331636986455158
-0.5925321501629562
-0.9331636988038101
-0.5925321501629562
-0.933163698724663
-0.933163698724663
-0.5925321501629562
-0.933163698724663
-0.25190060160124944
-0.592550140675079
-0.5925321502421034
-0.5925321501629562
-0.933163698724663
-0.5925321501629562
-0.5925321501629562
-0.5925141596508334
-0.9331636988038101
-0.5925321501629562
-0.9331636986455158
-0.5925321502421034
-0.25190060160124944
-0.933163698724663
-0.592550140675079
-0.5925321501629562
-0.25190060160124944
-0.5925321502421034
-0.5925321501629562
-0.933163698724663
-0.9331636986455158
-0.5925141596508334
-0.5925321501629562
-0.5925321501629562
-0.592550140675079
-0.25190060160124944
-0.933163698724663
-0.592550140675079
-0.5925321501629562
-0.5925321501629562
-0.5925321501629562
-0.5925321501629562
-0.5925141596508334
-0.933163698724663
-0.592550140675079
-0.5925321501629562
-0.5924961690595634
-0.592550140675079
-0.5925141596508334
-0.5925321502421034
-0.9331636988038101
-0.9331636986455158
-0.933163698724663
-0.933163698724663
-0.5925321500838091
-0.933163698724663
-0.933163698724663
-0.933163698724663
-0.5925321501629562
-0.5925321501629562
-0.5924961690595634
-0.5925321501629562
-0.592550140675079
-0.592550140675079
-0.9331636986455158
-0.5925321501629562
-0.933163698724663
-0.9331636986455158
-0.933163698724663
-0.5925321501629562
-0.5925321501629562
-0.592550140675079
-0.25190060160124944
-0.5925321502421034
-0.933163698724663
-0.933163698724663
-0.592550140675079
-0.592550140675079
-0.933163698724663
-0.5925321501629562
-0.5925141596508334
-0.933163698724663
-0.933163698724663
-0.9331636988038101
-0.5925321501629562
-0.25190060160124944
-0.5925321501629562
-0.9331636988038101
-0.5925321501629562
-0.933163698724663
-0.9331636988038101
-0.933163698724663
-0.933163698724663
-0.5925321501629562
-0.5925321501629562
-0.9331636986455158
-0.5925141596508334
-0.933163698724663
-0.5925141596508334
-0.9331636988038101
-0.933163698724663
-0.933163698724663
-0.5925321501629562
-0.933163698724663
-0.5925141596508334
-0.592550140675079
-0.5925321501629562
-0.5925321501629562
-0.933163698724663
-0.9331636986455158
-0.25190060160124944
-0.9331636988038101
-0.9331636986455158
-0.933163698724663
-0.5925321501629562
-0.5925321501629562
-0.5925141596508334
-0.933163698724663
-0.933163698724663
-0.592550140675079
-0.5925321501629562
-0.592550140675079
-0.5925321501629562
-0.9331636986455158
-0.5925321501629562
-0.933163698724663
-0.5925321502421034
-0.933163698724663
-0.25190060160124944
-0.592550140675079
-0.5925321501629562
-0.9331636988038101
-0.5925321501629562
-0.25190060160124944
-0.5925321502421034
-0.9331636986455158
-0.5925141596508334
-0.5925321501629562
-0.9331636986455158
-0.592550140675079
-0.592550140675079
-0.933163698724663
-0.933163698724663
-0.5925321500838091
-0.933163698724663
-0.5925321501629562
-0.933163698724663
-0.5925321500838091
-0.5925141596508334
-0.9331636986455158
-0.9331636988038101
-0.25190060160124944
-0.5925321501629562
-0.5925321501629562
-0.592550140675079
-0.5925321501629562
-0.933163698724663
-0.592550140675079
