-5.948498399182423
-4.39476481320407
-4.460842212704327
-5.396310273143972
-4.46319942903017
-4.417822787409023
-4.3761664859295335
-5.066710518726646
-3.233809704818031
-4.33319519314141
-4.417258843090909
-4.471458197338615
-4.307368459583075
-4.1641630572680155
-4.628820598158671
-4.280857136486376
-4.395066275715838
-3.2027417438488213
-3.2235803129236564
-4.296330497402238
-4.011080763864293
-4.693152334594387
-4.400806453878051
-4.330325517013057
-4.1894339349685925
-4.451312718171423
-4.3705705439904685
-4.720551963453887
-4.393409384708873
-4.472655392518989
-4.1594299548696325
-4.4647163576058615
-5.483993230535657
-3.242738478897994
-4.460863815058556
-4.41828489816986
-4.631261789489252
-4.574909474366335
-4.3714037000045955
-3.390778020688483
-4.437208679693239
-4.3062569713988275
-4.244237756804615
-4.508863999797646
-5.352634203925251
-4.702023830765317
-4.395059625728819
-3.394742789763442
-4.389061626325867
-4.862677329660546
-4.463298229185077
-4.630371674096696
-4.3975824489147115
-4.341731552110793
-4.339518117460096
-4.394361896648717
-4.627683093880419
-4.39358931689854
-4.489518881759672
-4.395765860616874
-4.752943523519762
-3.9370918949906115
-4.388765634645297
-4.305512924071649
-3.529731505942176
-4.655737184088518
-4.461310225950294
-4.395260685245972
-4.097352862512507
-4.362555658419015
-4.330413403302427
-4.72232835192677
-4.625986288018519
-4.401733151882358
-4.401626674241389
-4.506265395872093
-4.3977195434715215
-4.433802119920336
-5.67906628178727
-4.3952801187986115
-4.339662309482906
-4.1621398197400294
-4.695255989461112
-4.305274574571329
-4.2269833975910895
-4.395269988574972
-4.430346797181162
-4.6157677711081915
-4.394338512530245
-4.803986537425924
-4.189251793361933
-4.628762627813802
-4.3926284044802575
-4.39526822868592
-4.395269988574972
-4.396129727158451
-5.371060845187276
-4.368594201221695
-4.494592367549808
-4.388016723258777
-4.396795603918339
-4.44099554511853
-4.396162867684689
-4.428000317520067
-4.628616163441508
-4.392173375758251
-4.39491926392258
-4.301920011609549
-3.1855117982179393
-4.396309334400828
-4.368278247388729
-4.333080933331556
-5.498781771927099
-4.408642021829463
-4.257793190924383
-4.395279291903972
-4.1172214985764155
-5.069599606261073
-4.477426320403543
-4.607625343996355
-4.62880060630124
-4.399953750977418
-4.372245672506283
-4.399791237443374
-4.395279291903972
-4.488310244547037
-3.3908710489891964
-4.5407110366203085
-3.3943594139566278
-4.420613949043604
-4.165101964872715
-5.1374847817764175
-5.324717981810286
-4.392665199388258
-5.39474074524388
-4.1641884796787405
-4.459580896651721
-4.713848629323632
-4.39235235392105
-5.399678231489746
-4.653382591777508
-4.164329951728881
-4.255696994019695
-4.528302082350332
-5.414791432232363
-4.37034848753876
-4.395269988574972
-4.398015587365326
-4.544911129814479
-4.396190139925817
-4.422634962531504
-4.273646583657075
-4.457181538471288
-4.444135301323105
-4.412636699153017
-4.497958166153472
-4.3855701833519305
-3.3903665545961825
-4.466398627389908
-4.457335480679532
-3.418149079063806
-4.682758669745122
-4.627935721016416
-4.628606050539702
-4.693344439863843
-3.430377343718292
-4.437335393589744
-4.398480006615941
-3.3203517956843385
-3.5235843249397725
-4.344400772098325
-5.337061309740408
-5.4422774100446585
-4.418704560024048
-4.412196813911729
-4.487538591143739
-4.2192553234749335
-4.4599062383447015
-4.302477695721791
-4.339480020389251
-4.419164101737773
-4.185528619741392
-4.599462771409358
-4.48714503111228
-4.369224645942106
-4.488359736017205
-5.376894494599647
-4.3947675456622255
-4.395787320342355
-4.348388881682666
-4.435301359324383
-4.161690590676428
-4.29018370209596
-4.303048765917495
-4.652253608164876
-4.200703937692436
-4.393068415130558
-4.396089448095946
-4.815673330068918
-4.677221806539499
-4.624193642822442
-4.652941310022657
-4.161469279517034
-4.257844358356646
-4.454022745077095
-4.327173948815026
-4.629227279023208
-4.338135311298939
-4.601888925348929
-4.0302023967674705
-4.3231918036008725
-4.741965810297517
-4.160411437853378
-4.350843099859521
-4.4281281221490065
-4.399410752954516
-3.2518095390556434
-4.657011814441349
-4.392180654587988
-5.454040131107949
-4.369907075234988
-4.392665199388258
-4.821585152187904
-4.178294405444386
-4.4187198453501235
-4.397183045139803
-4.247585044584741
-4.536618860487039
-4.397885840979737
-4.46395376421156
-4.165804244906897
-4.371200435215109
-4.448497661437165
-4.396822462915385
-4.390332795680909
-4.200590532468188
-4.425686503478773
-4.395393345197192
-3.414323351358962
-4.290534697825848
-4.392672742828206
-4.86468770685418
-4.322182521653528
-4.629706917059215
-4.395495840539564
-4.441566229597277
-4.373259186090115
-4.612220334282862
-4.420584084365337
-4.460902865072329
-4.628610335366716
-3.550178985298502
-5.047074391737259
-5.965367538696111
-5.462750471130636
-5.582389486710669
-4.418710542021124
-4.39960041671705
-5.465250695219738
-5.397073442303032
-5.240853061355122
-3.3901632646177604
-5.128717942343261
-5.948498399182423
-5.948498399182423
-5.829395172567852
-5.476865508072274
-5.74530247779851
-4.652253608164877
-4.72032249622368
-4.774746255675695
-5.762171617312203
-5.965367538696111
-5.948498399182423
-4.722483451261569
-5.397073442303033
-6.078887983555807
-3.9838326320724162
-4.371827675239767
-4.37689166631162
-4.437214312201055
-5.610357907097748
-7.105978287611711
-4.485478648706522
-5.764988360999897
-5.398407355486508
-5.435929864706768
-4.394289424456759
-6.011856887559897
-4.4937886790629165
-4.5615845741740655
-3.346392548979905
-7.105978287611711
-3.93334549436124
-5.775830201025894
-6.313156102180102
-6.261933893015847
-5.202720310967026
-5.340524836685328
-7.105978287611711
-7.105978287611711
-5.400224164502122
-5.102648035079753
-7.105978287611711
-5.323991953753683
-7.105978287611711
-5.887031456640962
-4.423237691101668
-7.105978287611711
-4.247910658969259
-5.435639742533191
-4.396466547231498
-4.485789467181373
-4.555929118832459
-6.017142964707409
-4.1607513812561105
-7.105978287611711
-6.127513891716304
-5.885226711327963
-7.105978287611711
-6.007573479986149
-7.105978287611711
-6.862523191474134
-7.19999890297799
-6.3601664098632416
-6.606625159708136
-7.19999890297799
-4.0313380486289985
-7.19999890297799
-7.19999890297799
-6.496651870946027
-4.391925229052766
-5.984448152004825
-6.951316426400425
-7.105978287611711
-6.275455291282446
-6.379680920087948
-7.19999890297799
-6.423591239971404
-4.568891757131141
-7.19999890297799
-7.45868348540418
-6.681640046717809
-7.45868348540418
-7.136254330945642
-4.351651587126559
-6.266488142207079
-3.2564125761566447
-6.261345092589204
-6.31039641057278
-5.903309247866259
-7.363149654715546
-6.251200851526761
-7.45868348540418
-6.237824550921788
-6.901088414347037
-7.45868348540418
-6.901088414347037
-6.90956534888787
-7.363149654715546
-5.1215147393293154
-7.45868348540418
-7.363149654715546
-6.343493343289895
-7.380108593764842
-6.130502472858078
-6.917827429687472
-7.258269825615529
-7.073972711080049
-6.319008554145375
-6.901088414347037
-4.982693502717964
-7.363239454251154
-7.45868348540418
-5.229448375502834
-6.491181251204969
-7.363239454251154
-6.506948964518413
-7.45868348540418
-4.396128110568173
-6.018720665515657
-6.251200851526761
-7.45868348540418
-6.90956534888787
-6.8742505124079525
-7.45868348540418
-4.2947429938922745
-7.136254330945642
-7.45868348540418
-7.45868348540418
-7.45868348540418
-7.368729160394983
-6.90956534888787
-6.90956534888787
-7.136560299685014
-7.361060094364198
-6.909522984103884
-6.670864078720248
-6.219835131046656
-4.39804748393322
-6.415340335387249
-7.45868348540418
-7.45868348540418
-7.45868348540418
-6.956543806840412
-6.504291153890224
-6.341551622151998
-6.956543806840412
-6.283017285884254
-3.5420206257213014
-7.45868348540418
-7.419396039584511
-6.31039641057278
-6.909522984103884
-4.663296754577459
-4.711306286553074
-6.341551622151998
-5.988647872824982
-7.45868348540418
-7.410961469827668
-6.82408321326422
-6.290099112366748
-7.45868348540418
-6.82408321326422
-7.780631501101561
-4.391795287115814
-7.780631501101561
-4.771876188812244
-7.106119597234531
-7.480357693147218
-4.314108346453397
-4.460842452304963
-5.686645625074128
-7.5161427626431285
-6.41769290719397
-3.518292576317199
-7.780631501101561
-6.419383718480264
-5.052386775210411
-5.665182668048056
-7.388421254475215
-7.780631501101561
-7.780631501101561
-6.398545308584278
-6.457909648322686
-6.013209906443925
-7.520603487707438
-7.780631501101561
-6.544962658735994
-7.177668895833403
-4.369916378563988
-7.456367592806806
-7.3842390258987045
-6.47026529396531
-7.320379707702207
-7.519159542809819
-7.780631501101561
-6.713088710702836
-7.5191595428098195
-7.780631501101561
-7.780631501101561
-7.780631501101561
-7.780631501101561
-6.322697905462419
-7.780631501101561
-7.780631501101561
-4.6928866980115185
-7.780631501101561
-7.780631501101561
-7.780631501101561
-6.490069536387067
-7.439140854125146
-4.405026013433454
-5.444618232872672
-7.519154924432352
-7.458508315382394
-7.5191595428098195
-7.780631501101561
-4.393130587786977
-4.610899426064787
-7.780631501101561
-7.69602963425851
-7.519154924432352
-6.978254482691517
-7.567365146193273
-7.780631501101561
-4.397912766641266
-6.062403348001663
-4.6159322308296264
-7.780631501101561
-7.780631501101561
-7.780631501101561
-7.738330567680037
-7.388421254475215
-7.45868348540418
-7.780631501101561
-6.909371809774946
-7.528567695046705
-7.780631501101561
-7.738330567680037
